0.999997 2.83519e-06 4.17017e-09 1.81333e-10 3.4702e-10 3.71593e-12 9.51715e-13 7.65584e-13 2.63863e-15 1.42499e-13 3.16782e-14 3.56461e-15 5.52605e-15 9.86616e-16 1.21719e-16 8.40173e-20 5.24473e-25 2.77615e-26 5.33433e-31 8.96516e-29 7.45625e-32 3.15979e-34 2.66943e-34 7.58798e-35 4.47338e-45 1.80039e-44 3.37405e-46 9.12669e-47 6.37583e-48 2.24439e-50 1.05994e-53 1.48724e-56 5.07836e-56 1.97881e-57 7.28301e-61 1.93268e-61 4.23627e-64 1.39352e-65 1.06917e-67 9.72678e-68 4.7745e-70 1.91685e-70 4.47544e-76 3.52513e-78 2.46285e-81 3.5803e-84 1.30678e-88 1.44876e-92 2.06393e-95
0.999964 2.13724e-05 1.42069e-05 4.43398e-08 3.6068e-11 6.09211e-15 2.38439e-16 3.05619e-16 1.57981e-17 4.09241e-23 2.0122e-23 2.78076e-23 1.22427e-26 1.49502e-28 3.54845e-29 3.18454e-33 8.26726e-34 6.05408e-35 8.45962e-37 4.63441e-36 6.32837e-38 8.32939e-41 1.08813e-43 3.82838e-44 1.46643e-47 4.83305e-48 7.29386e-50 1.27008e-51 1.07732e-57 9.7957e-62 2.20896e-62 7.56036e-64 4.40852e-65 1.24815e-64 3.49674e-67 9.15237e-68 2.17657e-68 3.3877e-69 2.01662e-76 1.29746e-75 6.53483e-78 7.98699e-79 6.03509e-79 8.16013e-79 7.25455e-83 1.11462e-81 7.88881e-82 8.33118e-83 3.416e-82
1 2.77549e-15 6.35071e-20 9.75858e-30 3.06556e-45 1.73528e-46 1.1167e-47 0 0 0 0 0 0 0 0 0 0 0 0 0 0 0 0 0 0 0 0 0 0 0 0 0 0 0 0 0 0 0 0 0 0 0 0 0 0 0 0 0 0
1 6.72116e-13 1.14399e-14 6.6488e-18 6.90331e-19 5.73769e-19 3.35067e-19 5.97246e-25 3.17362e-26 1.7978e-27 1.59203e-28 2.19839e-28 4.69886e-30 2.44813e-31 2.8217e-34 3.31898e-34 2.75748e-35 2.53489e-35 4.0168e-40 5.19834e-45 1.67663e-47 2.29547e-57 1.36521e-58 2.0769e-60 5.10488e-63 4.14969e-65 1.68093e-65 1.35407e-66 3.82499e-73 2.91625e-75 9.78095e-77 2.36121e-80 7.36791e-83 7.7587e-84 3.72579e-84 2.39642e-86 6.76928e-86 4.05135e-87 1.3079e-87 3.23321e-88 1.48681e-92 2.40307e-94 1.03939e-94 1.8072e-98 2.01013e-101 7.8609e-101 1.48046e-101 2.67416e-103 2.51196e-103
0.999993 7.0806e-06 6.0496e-08 1.76076e-09 5.23122e-11 2.64787e-11 1.00654e-15 2.72267e-16 7.6983e-30 6.53166e-32 3.6954e-34 4.54983e-33 2.13137e-41 1.38153e-44 0 0 0 0 0 0 0 0 0 0 0 0 0 0 0 0 0 0 0 0 0 0 0 0 0 0 0 0 0 0 0 0 0 0 0
1 1.77636e-14 6.88156e-21 1.41074e-21 8.42245e-24 8.50349e-27 9.44773e-27 2.61565e-34 1.31716e-36 2.50849e-44 9.76165e-52 4.78918e-54 8.2686e-57 5.84979e-65 1.73188e-71 2.87979e-74 2.68202e-77 8.58232e-80 1.33633e-80 1.9095e-84 2.73535e-86 1.90898e-88 2.93885e-91 1.43509e-97 8.0551e-98 6.59941e-99 9.97164e-99 8.48668e-106 3.06112e-108 1.05601e-110 7.90242e-114 2.61172e-115 2.6828e-117 2.66488e-124 3.08727e-129 1.62164e-134 3.10433e-135 8.67724e-137 4.09847e-137 1.7347e-138 4.3475e-141 9.10197e-140 1.80085e-149 3.29167e-151 1.10501e-150 3.18223e-152 3.5178e-156 9.77309e-160 1.51967e-157
1 6.54569e-10 4.86133e-13 2.76982e-13 5.15633e-14 3.12743e-17 3.21922e-23 4.08999e-29 7.59199e-37 5.17106e-41 4.93661e-42 2.52243e-43 4.83344e-45 4.90114e-46 1.97868e-47 2.4443e-51 3.1993e-55 5.66705e-56 1.37297e-55 4.08349e-60 8.8284e-67 2.52347e-68 5.63908e-73 5.76581e-84 1.56538e-87 1.2616e-88 5.04861e-89 2.23577e-92 2.51613e-99 3.31471e-104 9.285e-112 2.4642e-112 1.61515e-113 1.067e-119 7.697e-121 8.72445e-126 1.46818e-132 0 0 0 0 0 0 0 0 0 0 0 0
0.99999 1.02911e-05 4.45683e-08 8.8822e-17 1.33268e-16 4.60223e-25 3.91558e-30 1.34816e-34 5.05855e-38 1.81054e-43 4.77085e-48 5.79482e-55 4.75096e-63 3.17098e-68 2.48353e-69 8.01859e-70 3.65827e-75 5.77823e-76 6.69051e-81 2.47859e-82 1.07873e-80 1.28614e-82 3.69457e-86 8.7401e-87 1.74588e-102 1.94762e-103 1.73259e-107 2.95056e-107 3.38482e-112 3.92949e-112 1.58116e-113 6.50359e-117 4.26762e-118 1.46927e-119 9.92984e-121 4.38504e-122 1.25423e-125 7.07843e-129 5.7269e-129 5.17645e-132 3.22352e-132 1.92279e-132 2.53504e-134 8.19457e-134 1.21998e-135 1.2924e-137 1.74384e-141 5.24771e-143 1.03496e-144
1 1.34584e-07 5.27288e-11 3.82355e-16 1.93906e-17 1.99436e-18 8.5644e-20 3.71393e-20 7.96976e-21 1.03569e-21 2.9558e-23 3.48404e-23 6.85729e-25 4.27638e-28 4.04118e-30 3.83484e-30 3.65873e-31 1.39667e-31 1.15966e-36 9.65963e-37 1.25123e-37 1.14433e-39 4.12736e-42 1.45302e-44 3.95542e-46 3.57073e-51 9.65037e-55 5.42341e-55 1.51852e-56 6.5639e-56 2.17196e-58 9.05324e-62 9.77287e-64 1.62636e-62 5.81303e-64 4.4433e-64 1.89614e-68 1.41821e-69 7.12815e-70 4.62055e-71 7.34087e-73 8.69338e-74 3.82293e-76 1.49603e-76 2.12063e-77 6.00745e-81 1.81829e-80 1.65669e-80 7.87544e-84
0.999992 2.72754e-06 5.08872e-06 2.40461e-07 1.05412e-07 5.16014e-10 1.42015e-10 9.67532e-13 1.18484e-14 3.32691e-17 3.62375e-17 2.46038e-23 1.06323e-26 4.44795e-31 3.77504e-32 4.32676e-32 2.25952e-32 6.11377e-33 1.23532e-33 3.8876e-35 5.39174e-37 3.41008e-37 3.85945e-37 5.56962e-39 7.75348e-40 2.48293e-43 3.48832e-45 3.26828e-46 3.89563e-49 2.17366e-50 1.14701e-50 2.50579e-54 5.67838e-57 7.81599e-57 1.78474e-58 1.47194e-59 2.7199e-61 5.1182e-66 1.56294e-66 4.47485e-68 1.80037e-70 3.23752e-71 1.96804e-71 1.5072e-74 6.95486e-75 8.73109e-76 1.34925e-81 7.0086e-85 6.61447e-90
1 1.22739e-08 6.30244e-09 9.13502e-10 6.36651e-15 2.62655e-18 1.17346e-19 5.6205e-20 3.16696e-20 4.03985e-23 1.08034e-24 3.33665e-27 4.17751e-28 2.00823e-29 3.18056e-30 1.78622e-32 8.50643e-35 6.35779e-43 5.45776e-42 3.10321e-49 7.83466e-51 2.34864e-57 4.76092e-65 6.81746e-68 9.8393e-74 1.55822e-75 3.18677e-78 4.7246e-80 3.18531e-93 2.26933e-95 2.15174e-96 1.1485e-99 2.03698e-101 1.44254e-102 3.92127e-107 3.76908e-115 3.34571e-118 4.8106e-119 9.43329e-122 5.19833e-125 5.63468e-124 9.62743e-129 6.77672e-131 2.06498e-133 2.39433e-148 1.26268e-149 1.16078e-151 8.18797e-153 5.1284e-154
0.999336 0.000607889 4.48976e-05 1.14352e-05 3.23482e-08 7.17216e-12 1.8961e-13 1.0982e-13 1.09009e-16 2.89064e-19 1.42752e-21 6.7983e-23 2.7344e-27 1.62891e-32 2.98735e-38 5.01565e-39 7.30523e-41 1.41963e-40 2.48087e-42 2.3207e-42 4.7849e-43 3.26256e-44 3.49262e-45 5.50693e-50 2.5032e-52 1.41507e-53 1.0435e-55 1.64719e-56 1.86346e-63 4.30719e-66 1.33432e-66 9.69247e-68 4.69938e-68 1.73896e-71 6.21459e-78 4.18224e-77 3.0234e-79 3.44664e-82 1.92544e-85 1.2114e-91 2.36194e-94 8.73872e-96 7.13839e-97 4.05629e-98 2.71366e-100 3.99372e-102 1.01735e-104 1.41548e-105 5.52278e-105
0.999898 5.3035e-05 4.61826e-05 7.84444e-07 9.25239e-07 8.07358e-07 1.25392e-08 3.71427e-10 4.4007e-10 2.87339e-10 2.81188e-12 3.31631e-12 4.59097e-18 3.37532e-20 1.14667e-19 1.25994e-19 7.86825e-21 3.73591e-21 3.5361e-22 9.79602e-24 3.01864e-24 2.21796e-27 1.37501e-27 1.95908e-27 2.38967e-29 2.39418e-33 2.86462e-38 9.96204e-44 1.28841e-51 4.98495e-54 1.17323e-58 1.74622e-61 4.36444e-61 2.50063e-62 4.18769e-62 1.67892e-62 8.06406e-65 1.02287e-63 5.0236e-66 4.34769e-69 2.3026e-69 1.31604e-72 9.0996e-73 4.47185e-74 8.57539e-76 1.55532e-77 1.27971e-78 1.25971e-79 6.77024e-83
0.999928 1.53925e-06 7.0159e-05 3.58642e-07 1.9583e-09 3.3666e-13 1.72077e-15 6.56969e-20 7.83624e-23 4.13006e-32 3.39697e-35 3.83848e-36 2.45491e-40 2.94691e-39 8.14919e-41 2.55149e-42 8.15413e-47 2.61866e-47 2.5944e-52 3.89164e-53 1.81919e-55 4.05406e-57 5.08404e-57 7.32065e-57 7.79532e-58 2.77704e-59 8.72849e-61 8.26238e-62 5.92743e-65 7.95906e-64 9.8592e-66 7.57877e-66 1.67883e-66 3.9844e-68 1.12958e-73 1.65406e-73 1.44403e-73 4.79667e-74 5.70166e-74 1.48075e-76 7.91965e-77 2.14307e-78 5.40903e-80 9.82624e-81 2.25564e-81 4.31272e-85 2.31572e-87 9.89355e-89 1.25357e-88
1 7.12082e-08 2.21367e-08 6.77206e-14 2.5676e-16 4.07939e-20 1.4434e-25 1.04941e-25 8.43651e-30 1.45868e-40 5.73975e-50 3.52243e-51 6.63708e-66 1.09044e-68 1.82288e-70 6.31885e-75 1.55462e-78 5.15094e-87 2.16721e-91 0 0 0 0 0 0 0 0 0 0 0 0 0 0 0 0 0 0 0 0 0 0 0 0 0 0 0 0 0 0
0.999999 1.37898e-06 3.55721e-11 9.00492e-12 1.13081e-15 1.00213e-21 1.5067e-21 1.30904e-22 1.70152e-24 8.91407e-25 5.104e-26 4.17226e-30 5.94097e-36 6.6991e-36 8.91182e-37 1.02156e-42 1.16441e-45 2.42788e-46 1.16255e-49 1.61601e-54 1.33017e-57 7.74064e-59 5.81899e-58 4.70432e-60 4.85924e-60 4.57043e-64 1.94734e-66 3.89765e-66 1.01429e-68 6.17913e-69 1.5134e-72 8.04401e-73 4.32713e-83 7.72122e-82 3.69512e-83 3.87921e-86 2.23795e-85 4.47699e-87 1.26877e-87 7.11202e-91 5.34443e-90 2.9818e-95 4.05205e-98 7.22883e-100 2.20647e-101 6.89208e-102 2.27701e-104 9.52811e-106 1.43324e-108
0.999908 7.65636e-06 8.01074e-05 3.76596e-06 7.93093e-07 7.72964e-12 4.19241e-11 1.05077e-12 3.52832e-14 7.97931e-19 1.24173e-19 5.45376e-23 1.56517e-25 2.88522e-25 1.38712e-26 9.34246e-28 1.64895e-29 6.53969e-31 1.33789e-32 3.60178e-34 1.34966e-35 9.43877e-35 5.05118e-35 3.23963e-34 5.27855e-35 5.00475e-38 3.41104e-37 1.63101e-37 2.01438e-37 1.72717e-39 9.2609e-39 1.33121e-41 2.5314e-42 7.34219e-43 6.49712e-46 2.61233e-44 2.88982e-45 1.62514e-45 5.7448e-46 8.66302e-49 2.22824e-51 8.33448e-53 9.97679e-53 5.82622e-55 1.66693e-55 4.54189e-58 4.54421e-60 2.1574e-60 1.82322e-61
0.999997 2.69289e-06 2.81947e-07 3.24165e-12 1.08822e-12 5.30237e-12 1.7203e-23 2.22624e-32 3.30424e-35 3.26556e-50 3.60336e-52 8.93591e-56 1.52687e-58 0 0 0 0 0 0 0 0 0 0 0 0 0 0 0 0 0 0 0 0 0 0 0 0 0 0 0 0 0 0 0 0 0 0 0 0
1 6.39154e-10 6.97449e-13 9.59083e-13 8.06764e-21 1.12747e-24 4.99717e-30 3.39097e-31 1.61105e-31 6.13262e-33 6.64704e-33 3.32872e-41 1.9578e-41 3.5816e-45 2.51675e-47 1.58368e-48 2.10792e-50 7.51615e-52 5.35782e-54 1.76517e-58 1.92051e-58 2.86239e-57 2.54305e-65 3.21494e-66 2.16519e-68 1.44399e-69 8.46709e-75 1.28217e-81 2.85778e-84 6.54453e-87 2.17822e-88 2.13731e-92 2.97112e-93 2.74943e-94 1.82977e-96 6.54442e-97 1.91023e-96 8.1525e-97 2.93768e-99 5.74575e-104 9.43783e-108 5.64301e-108 6.19658e-109 3.09303e-111 3.78229e-112 1.21968e-122 1.38355e-124 6.41269e-129 3.23351e-130
1 8.9484e-14 5.17516e-21 2.65219e-21 9.76852e-25 9.45331e-34 4.47148e-35 5.54444e-38 6.25174e-39 1.47845e-40 4.26272e-41 2.44698e-49 1.05187e-50 3.7987e-55 1.48539e-55 1.20928e-58 4.37222e-63 8.89537e-65 6.51373e-67 2.98702e-70 3.67304e-74 2.99372e-76 3.72258e-81 1.48141e-88 4.38425e-94 5.25322e-95 3.66619e-102 7.62317e-104 3.58218e-105 2.3402e-108 6.64006e-120 5.24567e-130 1.35299e-137 2.26696e-142 4.67801e-147 1.07707e-151 1.79418e-159 8.81787e-165 3.41919e-166 8.72538e-178 1.71888e-178 1.44439e-179 1.14334e-180 4.97188e-180 1.3975e-183 3.73284e-185 3.48578e-187 3.24019e-191 1.75276e-194
1 2.34461e-07 1.48734e-08 1.6507e-24 5.60024e-28 1.7056e-29 1.83682e-45 5.67685e-47 2.43113e-58 6.81961e-59 1.83079e-65 1.99597e-65 1.2123e-66 1.77375e-68 1.38101e-69 4.50016e-75 4.71681e-78 1.02656e-81 6.12106e-82 5.00552e-86 1.84116e-87 3.35305e-88 3.81606e-92 2.73432e-94 3.2857e-97 2.46589e-110 1.0799e-110 4.70487e-111 2.41832e-115 2.35334e-116 1.2619e-120 1.05159e-126 1.99138e-128 1.54565e-139 1.08365e-144 1.03367e-154 7.69938e-161 2.41359e-166 8.81223e-168 3.7391e-178 1.14189e-180 4.05511e-181 2.1757e-188 3.72043e-194 4.8622e-197 1.75619e-199 6.76325e-201 3.65745e-204 1.1199e-211
0.999977 1.48924e-05 7.31263e-06 7.56391e-07 1.65867e-12 2.41458e-12 1.82898e-13 1.79409e-15 1.86175e-15 2.36297e-16 1.36156e-21 1.22706e-22 3.4377e-22 9.14948e-25 2.99117e-25 1.68584e-25 1.39551e-26 1.75701e-28 5.67474e-32 2.23783e-32 1.6537e-32 2.6786e-33 4.84253e-33 3.34862e-34 3.27982e-35 5.8228e-37 5.58379e-36 1.86173e-36 4.96175e-37 2.9232e-38 1.34336e-38 2.70915e-41 8.94802e-43 2.53204e-43 2.14205e-44 9.85955e-46 1.54103e-45 1.10712e-46 6.78355e-48 3.7365e-48 3.9534e-51 5.02733e-52 2.25936e-54 1.72186e-54 1.31559e-55 3.86884e-56 2.21966e-56 4.1059e-57 1.50392e-56
0.999997 9.39955e-07 1.92512e-06 1.11329e-15 3.45767e-20 2.4597e-22 8.54963e-22 8.20528e-32 1.01519e-38 3.316e-47 1.86816e-47 1.80442e-61 2.56007e-66 3.02956e-67 2.42669e-67 2.09331e-68 1.01189e-72 2.7314e-73 2.92975e-75 8.40633e-79 8.97056e-81 8.44433e-82 1.39826e-87 7.65714e-92 3.6045e-99 1.18603e-101 2.94312e-106 1.38984e-106 1.82069e-111 3.43514e-125 1.17856e-128 2.48815e-130 1.33913e-133 1.16177e-148 3.57134e-149 2.63261e-149 1.737e-151 1.71324e-152 2.64544e-154 2.30939e-156 1.40681e-157 1.62776e-158 5.56009e-160 0 0 0 0 0 0
0.999882 0.000118159 1.37982e-08 2.59387e-09 3.3618e-19 7.60933e-20 4.6854e-21 1.98706e-23 1.52792e-25 5.44932e-29 3.83769e-30 2.35756e-34 1.05923e-41 2.35226e-49 9.75868e-50 2.68296e-51 3.41579e-53 3.40516e-59 4.07459e-61 6.85438e-62 7.2802e-69 4.06228e-68 2.08355e-73 1.28711e-82 1.07113e-82 5.28434e-91 1.75264e-94 2.12237e-99 8.32164e-101 4.14275e-103 3.25205e-105 0 0 0 0 0 0 0 0 0 0 0 0 0 0 0 0 0 0
1 2.03305e-11 3.17525e-25 6.68846e-25 0 0 0 0 0 0 0 0 0 0 0 0 0 0 0 0 0 0 0 0 0 0 0 0 0 0 0 0 0 0 0 0 0 0 0 0 0 0 0 0 0 0 0 0 0
0.999916 8.38016e-05 1.07638e-07 2.16467e-09 6.12087e-12 6.86961e-12 4.92429e-13 1.81833e-14 6.50398e-16 3.77865e-17 2.54966e-17 1.21029e-19 9.1571e-23 4.19959e-25 6.98099e-30 2.27478e-31 8.0206e-35 5.8162e-35 1.08829e-36 5.79449e-40 2.99631e-40 1.12549e-40 3.04747e-42 2.62097e-45 6.83268e-45 5.18232e-48 1.12357e-47 2.36479e-51 1.08789e-51 1.72114e-52 4.17056e-54 1.47244e-54 1.0524e-55 7.62468e-56 9.50927e-58 1.93614e-57 2.05784e-60 2.5551e-59 2.79546e-63 1.17986e-63 5.16215e-70 4.7384e-72 2.42101e-73 7.6993e-76 1.44026e-77 1.58645e-78 1.39783e-80 1.48471e-82 3.23472e-82
1 2.83994e-10 1.59028e-14 2.36581e-17 0 0 0 0 0 0 0 0 0 0 0 0 0 0 0 0 0 0 0 0 0 0 0 0 0 0 0 0 0 0 0 0 0 0 0 0 0 0 0 0 0 0 0 0 0
0.999944 5.39252e-05 1.60447e-06 6.43949e-19 4.89719e-32 5.43533e-37 1.02634e-40 4.72937e-43 1.70437e-52 4.83029e-53 1.57226e-57 5.39605e-62 2.96615e-62 1.37448e-64 6.59277e-69 1.49877e-71 8.60158e-76 5.68709e-77 3.90687e-81 6.69088e-83 9.06854e-89 6.60213e-91 0 0 0 0 0 0 0 0 0 0 0 0 0 0 0 0 0 0 0 0 0 0 0 0 0 0 0
0.999865 8.91836e-05 2.3493e-05 4.09715e-07 1.5655e-05 2.10667e-06 2.60739e-06 1.20072e-06 3.26001e-08 1.42296e-10 1.90141e-10 4.8843e-11 7.91335e-15 7.15335e-14 3.18002e-14 1.65362e-14 1.72234e-15 1.84509e-14 1.05588e-15 3.61586e-16 1.71906e-17 1.77922e-15 4.04531e-21 1.00093e-21 6.7524e-24 8.87159e-24 2.10751e-24 2.98613e-26 1.22579e-24 1.47376e-25 5.50123e-26 3.27209e-30 1.27822e-35 7.37271e-36 4.95039e-38 1.2322e-39 3.11888e-41 1.70055e-41 2.7747e-44 7.77383e-44 8.44668e-45 4.97333e-45 3.49483e-46 2.53226e-46 4.86868e-50 3.21958e-49 4.73469e-54 1.39418e-54 1.22379e-54
1 4.35914e-08 6.65756e-10 5.43662e-13 1.98015e-13 2.83607e-16 3.50521e-18 6.98324e-21 2.05819e-25 5.23827e-26 1.09456e-29 6.12776e-35 1.84829e-35 9.59076e-36 1.02339e-38 5.38361e-42 1.92762e-44 1.94241e-47 1.57163e-48 1.12883e-47 7.89989e-49 1.45603e-49 1.5071e-52 8.30815e-52 2.92014e-53 1.4267e-55 7.949e-56 3.12195e-62 1.10586e-64 7.80558e-69 9.30763e-70 7.84576e-72 2.64699e-74 2.23085e-77 1.15338e-78 1.31757e-83 1.47872e-84 1.66948e-84 1.23208e-84 1.30872e-89 1.02515e-91 5.97089e-92 1.63399e-95 1.29317e-95 2.48611e-96 7.1973e-98 1.81996e-104 1.66947e-105 1.34303e-106
0.999907 9.28361e-05 7.24686e-09 2.23492e-09 3.28287e-10 3.57002e-10 3.46717e-13 4.30557e-13 1.89562e-14 4.93307e-14 2.25494e-15 3.34848e-15 2.86579e-16 1.90154e-17 4.68493e-19 1.00294e-18 2.27941e-22 1.24077e-24 1.50765e-24 2.33759e-25 1.26087e-25 8.81961e-25 2.74309e-27 7.63027e-26 4.83957e-29 1.17814e-29 2.58244e-30 1.10019e-30 2.58352e-30 5.21995e-31 1.30623e-31 5.10207e-32 8.60127e-33 1.33461e-35 1.19019e-35 2.3487e-35 9.49719e-37 3.87251e-37 1.13525e-40 1.91815e-41 4.10638e-46 6.06803e-47 2.35258e-47 9.84272e-47 3.98954e-47 3.35316e-50 2.04894e-49 8.28153e-51 6.30903e-51
1 7.26614e-10 9.07313e-08 4.07272e-08 1.13153e-10 7.35666e-13 1.94061e-22 4.32339e-28 5.69146e-31 1.32666e-37 3.20843e-39 6.49062e-40 1.07958e-42 2.44317e-43 2.93617e-43 1.22469e-43 2.22602e-45 2.73772e-46 5.30561e-50 5.22639e-50 1.13414e-50 6.66008e-52 1.67962e-52 1.32746e-59 6.89979e-62 7.44845e-62 1.39565e-62 8.80861e-65 3.29141e-75 2.55116e-79 6.67404e-79 1.08141e-84 3.50709e-86 2.47624e-88 1.00301e-88 3.70934e-89 5.3693e-96 2.25532e-97 2.56171e-100 9.19175e-99 8.98187e-106 1.00926e-106 9.21975e-106 1.67545e-110 2.551e-112 2.41027e-116 1.04978e-116 6.53353e-122 1.0627e-124
1 1.53509e-12 2.23576e-11 1.21503e-11 7.03155e-15 4.48952e-19 3.07751e-21 1.24038e-21 9.25592e-22 6.19809e-22 3.27629e-22 4.23916e-23 2.77679e-23 3.15976e-25 1.44459e-25 3.50997e-27 7.22093e-27 1.46332e-27 5.86914e-29 2.96012e-29 4.11326e-32 1.33709e-30 7.79167e-35 8.77085e-34 2.95404e-34 4.50996e-36 6.86703e-37 3.01389e-38 1.82795e-39 5.09815e-39 2.88065e-41 2.03411e-43 1.03132e-41 6.07679e-43 6.22334e-44 1.45135e-45 3.66351e-44 6.72308e-44 2.47359e-44 1.97938e-44 1.26205e-46 8.95559e-51 7.10964e-53 4.15388e-52 1.80116e-54 2.48306e-55 4.09401e-57 1.52854e-58 4.55671e-60
1 1.46581e-11 5.06491e-13 4.20561e-15 5.12585e-18 9.05629e-16 5.06368e-20 1.50782e-22 2.27544e-24 2.34564e-26 5.09543e-26 1.17418e-29 7.40686e-31 5.99023e-32 2.47787e-32 4.29115e-33 1.16896e-33 2.66868e-34 3.12682e-36 5.87606e-37 7.36842e-37 1.97349e-36 1.97578e-36 8.13146e-42 8.55387e-46 4.73853e-47 8.17198e-47 3.1607e-51 1.10001e-50 7.78955e-52 8.19989e-54 2.26985e-54 1.00649e-55 6.1987e-63 4.63099e-66 2.09877e-68 1.40818e-69 1.10613e-69 6.12604e-70 8.93623e-72 7.86798e-74 4.01887e-75 5.45597e-83 6.96347e-83 1.60992e-84 2.76525e-86 1.29626e-86 1.12002e-88 2.05071e-90
0.999908 9.03381e-05 1.67095e-06 8.04489e-09 2.44625e-07 2.44814e-10 5.40321e-13 1.11136e-13 5.85508e-13 1.24052e-15 2.16599e-17 2.26413e-19 4.8387e-23 1.16803e-25 2.19849e-26 3.92713e-26 9.14416e-27 7.6108e-29 1.66487e-29 3.88122e-32 8.24142e-36 4.33736e-36 5.27991e-43 4.1971e-45 8.1715e-51 4.85372e-54 4.77161e-56 2.29882e-59 1.05646e-58 3.97851e-62 4.08796e-62 6.26349e-68 9.0137e-71 4.44449e-75 1.34289e-75 2.03096e-78 2.6569e-82 5.54103e-83 2.86697e-90 2.66812e-94 3.39139e-99 9.79572e-102 1.71779e-105 1.18428e-105 2.30224e-108 1.32859e-108 1.17913e-108 6.33998e-109 1.51624e-114
1 6.70582e-10 9.8739e-13 2.37106e-15 8.77891e-17 1.05162e-32 4.30016e-33 4.67602e-33 7.39385e-37 0 0 0 0 0 0 0 0 0 0 0 0 0 0 0 0 0 0 0 0 0 0 0 0 0 0 0 0 0 0 0 0 0 0 0 0 0 0 0 0
1 2.18915e-10 2.8202e-19 9.51044e-18 3.65827e-20 1.85635e-22 4.44342e-35 2.52728e-45 1.7179e-58 6.32349e-60 5.74662e-62 4.53247e-65 6.88322e-71 9.63649e-77 2.64132e-77 7.93194e-87 9.17977e-101 4.23326e-101 4.12735e-102 2.90581e-112 4.44352e-112 1.00061e-116 2.13092e-123 1.76378e-125 4.43281e-132 3.61268e-132 1.19844e-139 4.69943e-153 2.39854e-155 3.17047e-160 6.71586e-163 6.83423e-165 1.55504e-165 1.33728e-169 3.77733e-173 1.75315e-188 1.45733e-187 2.01584e-187 2.16567e-192 3.79469e-206 7.01462e-207 3.30385e-211 4.31996e-214 0 0 0 0 0 0
0.999999 2.76289e-07 2.16131e-07 4.21067e-07 1.80091e-08 1.7093e-09 9.16573e-10 8.39469e-10 3.44801e-09 2.78152e-11 9.85503e-13 2.82782e-13 2.40453e-14 1.94038e-14 6.28298e-15 1.44142e-16 2.86207e-17 9.78371e-18 3.13296e-19 5.03653e-20 2.7167e-21 2.5208e-22 2.9333e-22 2.14849e-23 4.25173e-25 1.85896e-26 3.42145e-28 1.19014e-29 1.69043e-29 1.68521e-31 1.46154e-31 2.87474e-31 2.94902e-32 3.685e-34 1.10874e-37 6.84642e-37 3.83319e-37 1.27948e-39 1.28428e-39 1.46392e-39 1.69601e-40 1.33972e-42 1.02671e-42 8.20636e-45 1.77387e-45 2.22351e-46 7.61796e-49 1.72882e-49 1.18051e-50
0.999999 3.40825e-07 7.46512e-07 2.20089e-11 4.68685e-17 6.9688e-26 2.43713e-39 0 0 0 0 0 0 0 0 0 0 0 0 0 0 0 0 0 0 0 0 0 0 0 0 0 0 0 0 0 0 0 0 0 0 0 0 0 0 0 0 0 0
0.999554 0.000318413 2.75715e-05 8.38666e-05 3.36546e-06 9.04705e-06 3.16432e-06 1.80473e-07 3.52419e-07 2.87865e-08 3.4499e-08 5.89275e-08 6.50728e-10 1.18799e-11 2.79062e-13 4.04106e-13 2.10637e-13 5.35019e-13 9.6207e-16 7.86359e-16 1.0383e-15 2.45897e-16 1.43902e-17 5.38119e-17 1.03375e-17 3.94398e-18 8.83652e-20 4.18663e-19 3.67491e-19 1.32479e-19 9.1541e-22 1.60434e-23 5.71851e-26 1.58247e-26 6.86425e-26 7.82936e-27 1.12141e-27 1.61242e-28 1.55162e-30 1.03033e-29 1.32129e-29 1.01208e-30 2.28621e-32 6.93088e-32 1.32292e-32 4.14927e-34 2.11436e-35 5.90864e-37 4.56129e-37
0.99991 8.61827e-05 1.67008e-06 1.57318e-06 2.92837e-07 3.48282e-08 4.30281e-12 3.53283e-11 4.41739e-17 6.24339e-17 1.83532e-17 1.76881e-19 8.45813e-20 1.25068e-21 1.28953e-20 1.43638e-20 2.25873e-23 1.03272e-22 1.92372e-25 9.41152e-25 6.26015e-27 3.70923e-27 2.21252e-29 5.13478e-31 7.96931e-32 5.84822e-32 1.22505e-32 6.66105e-32 1.19221e-32 9.42962e-34 8.91921e-35 1.25284e-36 4.5776e-38 5.14588e-38 5.33382e-38 1.58167e-39 3.81049e-39 3.65151e-41 2.14644e-41 4.04853e-43 4.11588e-44 3.36463e-45 3.36156e-46 1.9315e-47 5.27211e-50 3.60138e-49 8.55239e-53 5.75922e-55 3.15216e-55
1 7.09084e-08 3.09177e-14 1.22514e-22 1.5566e-22 5.60999e-27 1.13672e-28 1.76557e-29 1.16808e-30 4.25186e-37 5.44507e-42 8.31467e-45 1.55683e-54 7.31576e-62 5.52954e-64 1.80898e-76 2.69692e-77 2.63831e-85 1.21625e-85 7.06732e-89 3.27305e-89 2.9771e-92 2.75971e-96 1.19907e-102 4.325e-110 3.5647e-114 1.42468e-124 6.52981e-127 1.31316e-127 6.23709e-127 2.56048e-136 1.07289e-139 6.71799e-140 2.09628e-143 1.58487e-149 5.55814e-150 4.32838e-155 3.46724e-156 1.42367e-163 5.64359e-165 4.23588e-165 6.19585e-166 1.61322e-174 1.07242e-174 1.14718e-177 2.3398e-184 1.1083e-186 2.92861e-192 9.65249e-196
1 0 0 0 0 0 0 0 0 0 0 0 0 0 0 0 0 0 0 0 0 0 0 0 0 0 0 0 0 0 0 0 0 0 0 0 0 0 0 0 0 0 0 0 0 0 0 0 0
0.999947 2.72058e-05 9.35347e-06 3.74537e-06 1.22244e-05 6.56618e-07 8.87619e-08 1.25525e-09 1.47233e-12 3.48601e-13 7.53016e-15 1.60844e-14 9.57428e-15 8.71064e-16 2.05856e-17 1.58385e-17 5.56024e-19 1.83918e-17 3.21356e-20 9.8147e-22 4.01439e-21 1.98936e-25 7.81605e-27 1.13132e-27 1.78598e-27 2.45497e-28 1.4515e-27 1.56106e-28 2.27822e-28 2.12762e-29 8.08345e-31 4.17259e-31 4.00586e-31 2.88234e-33 9.56235e-36 2.66302e-35 1.60006e-36 1.19694e-37 1.49099e-36 2.14417e-38 2.47426e-39 1.45293e-39 4.43911e-43 6.56904e-44 1.50158e-43 5.87167e-45 1.11214e-44 1.22326e-45 3.18793e-46
1 3.73033e-14 2.32383e-10 9.92382e-14 5.78777e-15 2.15733e-15 2.43209e-16 1.6456e-18 9.73672e-23 6.51247e-23 2.59336e-23 8.54421e-25 5.28013e-26 7.77155e-27 1.83039e-31 3.76286e-32 1.54356e-33 8.48586e-34 2.65311e-35 1.02417e-35 5.31954e-35 1.29143e-37 6.94134e-40 3.5106e-41 1.4807e-41 7.47473e-42 1.06788e-41 1.76052e-43 1.1687e-45 2.00363e-48 4.15962e-48 4.33778e-51 1.97674e-53 7.07461e-55 1.96864e-55 1.86743e-57 8.85118e-61 2.08418e-61 3.98923e-63 1.56878e-62 1.11528e-67 6.14712e-68 5.09511e-75 5.29032e-78 2.03409e-78 1.23467e-80 3.67922e-81 1.26482e-82 1.78292e-83
0.999998 1.9306e-06 2.27573e-08 9.95344e-08 2.61982e-10 1.99364e-09 1.64639e-10 6.78654e-13 4.53443e-16 4.70845e-20 2.48746e-20 4.92258e-22 1.55024e-23 1.25825e-23 8.61295e-25 9.81671e-25 2.79455e-25 7.85864e-27 1.74221e-33 1.41803e-32 1.904e-34 3.59472e-36 1.23386e-37 1.11971e-38 4.7704e-40 5.0638e-40 4.25456e-46 6.62924e-47 9.92755e-48 3.384e-49 1.61703e-52 1.00399e-52 8.66119e-57 2.24415e-58 5.59206e-59 4.76848e-61 2.37272e-60 2.85527e-63 5.25832e-64 2.24533e-66 1.16301e-67 9.39673e-70 2.07262e-70 6.40576e-72 5.95279e-72 1.29775e-72 1.73469e-73 1.88815e-74 2.02801e-76
1 3.33831e-10 1.45244e-09 2.13665e-11 7.41016e-12 4.27431e-13 2.68676e-13 5.70751e-17 1.2484e-17 1.87231e-27 7.17005e-31 3.26528e-32 5.12766e-36 1.95729e-40 1.53955e-41 4.24361e-46 1.77392e-46 3.09385e-47 1.5203e-53 1.89229e-55 5.55792e-56 7.92135e-57 5.96187e-58 1.44991e-58 1.00792e-64 1.92566e-65 3.61348e-66 1.71152e-74 1.91414e-76 1.19459e-77 9.42591e-80 1.78369e-81 2.0399e-81 2.6654e-84 1.27529e-86 7.66331e-88 6.80636e-88 6.65465e-91 3.94474e-94 7.71174e-107 3.44091e-110 1.57402e-110 9.06067e-115 2.20042e-116 7.95987e-121 2.23015e-125 2.7657e-127 1.59723e-130 8.2649e-135
1 1.1747e-07 3.01685e-07 6.21984e-11 3.95564e-13 3.40128e-16 1.10013e-19 9.08972e-21 3.80582e-23 3.68155e-24 2.21038e-23 5.61151e-24 5.5936e-24 1.26188e-24 2.05621e-25 9.99187e-29 2.29007e-30 6.95877e-33 1.86264e-33 1.88963e-34 7.51847e-35 2.23525e-37 1.79204e-36 6.84807e-37 2.70705e-36 9.03299e-38 1.68898e-40 5.84206e-42 1.8116e-42 5.41826e-43 1.40153e-45 2.63722e-46 1.08738e-46 6.04833e-47 7.83778e-52 1.24588e-54 1.43004e-54 1.55082e-54 1.2193e-55 2.89286e-56 1.43106e-58 9.76896e-61 2.08604e-60 2.94399e-60 2.4855e-62 1.28346e-64 2.52782e-63 9.33451e-64 1.5619e-68
1 2.05816e-11 9.02604e-12 0 0 0 0 0 0 0 0 0 0 0 0 0 0 0 0 0 0 0 0 0 0 0 0 0 0 0 0 0 0 0 0 0 0 0 0 0 0 0 0 0 0 0 0 0 0
1 1.37858e-07 8.08138e-18 2.57967e-17 6.85451e-19 1.56011e-21 3.14137e-24 9.09135e-25 1.20495e-29 4.49026e-32 4.63737e-43 3.94707e-49 5.67182e-55 0 0 0 0 0 0 0 0 0 0 0 0 0 0 0 0 0 0 0 0 0 0 0 0 0 0 0 0 0 0 0 0 0 0 0 0
1 4.5715e-07 7.80152e-09 1.05795e-08 2.76519e-13 5.96875e-15 1.18402e-17 1.58222e-23 6.54258e-26 1.48012e-29 1.53669e-31 4.61398e-36 6.92577e-37 6.01872e-36 8.99646e-36 3.72867e-37 6.07874e-44 1.02972e-45 3.50197e-49 2.68098e-58 1.53686e-65 2.07527e-68 2.6033e-69 6.26386e-71 3.72567e-76 1.84623e-78 2.89908e-80 2.48403e-81 1.64015e-85 8.73649e-85 3.13699e-87 2.46764e-91 4.4165e-106 3.85709e-106 2.19253e-107 2.83973e-118 1.2445e-132 1.11167e-133 1.1719e-138 1.93885e-138 1.7917e-138 8.94866e-139 6.01092e-146 2.96729e-146 5.80504e-147 3.78109e-150 5.29501e-151 2.87675e-152 4.44398e-155
0.999962 3.77062e-05 0 0 0 0 0 0 0 0 0 0 0 0 0 0 0 0 0 0 0 0 0 0 0 0 0 0 0 0 0 0 0 0 0 0 0 0 0 0 0 0 0 0 0 0 0 0 0
1 3.06864e-10 1.58741e-12 9.58584e-15 3.68921e-16 7.20237e-16 1.01266e-18 2.18099e-19 1.64959e-18 5.32345e-20 9.01205e-21 6.72889e-27 2.31565e-31 3.2468e-39 4.08773e-41 6.76428e-43 6.73418e-43 1.33071e-43 1.84938e-45 1.52543e-45 2.44607e-53 3.7806e-56 2.27659e-57 1.59097e-60 5.72693e-61 2.91804e-61 3.61759e-69 4.29434e-76 2.2012e-76 3.34605e-77 2.3368e-78 2.46314e-80 1.09941e-80 1.49461e-81 7.67154e-83 1.37849e-86 3.17288e-86 3.49805e-87 5.572e-88 5.62855e-91 1.16767e-93 5.29363e-94 2.00787e-96 1.49902e-96 1.37512e-99 3.54046e-100 8.55414e-101 1.305e-106 9.55079e-111
1 0 0 0 0 0 0 0 0 0 0 0 0 0 0 0 0 0 0 0 0 0 0 0 0 0 0 0 0 0 0 0 0 0 0 0 0 0 0 0 0 0 0 0 0 0 0 0 0
1 1.39607e-09 1.58089e-12 3.87817e-13 2.55603e-17 1.61105e-21 7.80256e-23 1.0316e-24 5.42483e-27 1.20455e-42 0 0 0 0 0 0 0 0 0 0 0 0 0 0 0 0 0 0 0 0 0 0 0 0 0 0 0 0 0 0 0 0 0 0 0 0 0 0 0
1 1.35233e-07 4.18108e-09 2.13711e-09 1.86722e-15 4.9048e-13 9.42977e-14 1.0773e-15 9.86463e-18 1.98848e-18 2.21248e-18 2.40989e-19 4.85072e-20 4.77612e-20 1.45588e-22 7.31589e-27 1.38591e-29 2.1083e-31 4.26814e-34 1.01034e-36 3.09184e-38 1.99081e-41 5.82097e-42 1.48348e-45 2.3142e-48 1.35257e-48 1.59777e-50 7.59002e-51 1.08857e-50 1.86013e-56 4.3235e-59 9.39349e-60 6.26071e-60 8.29558e-66 5.90778e-66 3.56044e-69 2.62318e-74 8.18753e-76 2.14978e-77 2.38273e-77 2.30904e-80 1.2543e-80 7.24404e-81 7.60686e-81 1.07347e-81 1.70169e-85 3.55325e-86 1.55847e-88 1.3264e-88
0.999955 3.08758e-06 4.29077e-06 3.68659e-05 3.73846e-07 7.60481e-08 2.57122e-12 2.64801e-13 5.01184e-14 1.0003e-14 1.79004e-14 2.63248e-14 3.06206e-15 5.341e-17 3.93558e-17 3.61476e-18 6.90818e-19 4.55095e-20 4.10958e-21 3.94839e-21 1.125e-21 4.60865e-22 2.53645e-22 2.13564e-23 8.46131e-25 7.74597e-25 5.719e-25 2.80455e-25 1.33757e-26 8.34226e-28 3.12431e-28 1.64891e-29 5.5377e-30 4.20064e-32 8.82288e-33 5.91952e-34 7.07743e-35 5.31171e-35 3.98623e-39 3.07837e-40 3.53291e-46 7.3812e-48 3.42062e-49 1.86717e-51 2.69254e-53 1.28402e-52 9.02126e-54 3.59304e-54 1.79293e-55
1 6.49373e-10 4.1119e-14 1.35929e-14 7.68767e-16 1.84162e-18 6.56055e-20 7.74737e-22 1.67288e-24 7.2834e-28 1.66104e-37 2.03669e-39 1.87566e-43 4.66962e-45 8.3305e-54 4.56146e-58 1.07457e-63 4.2772e-65 3.25172e-65 3.75434e-71 4.51224e-72 1.61787e-71 3.16615e-74 4.86338e-76 7.67139e-80 3.88166e-81 1.15676e-81 6.0635e-88 5.59534e-89 2.72613e-88 2.06169e-89 1.2418e-89 2.14768e-91 4.21085e-93 4.88388e-96 1.93853e-96 6.3746e-100 7.83533e-101 5.59393e-102 3.67419e-115 2.42838e-118 1.91289e-122 2.10659e-122 8.33199e-132 2.32086e-134 2.92811e-140 3.06079e-143 4.59827e-145 2.52621e-146
1 2.40344e-13 1.89004e-17 8.65963e-20 8.44291e-20 1.08652e-26 3.73058e-37 1.30007e-38 6.41694e-39 6.59165e-40 1.25239e-40 2.03155e-40 2.58121e-40 2.47053e-42 1.12076e-48 5.54172e-54 1.03797e-55 1.71716e-56 1.86769e-57 2.10795e-57 2.2606e-57 2.70372e-57 8.013e-58 9.59942e-61 7.48995e-61 6.64644e-65 8.89467e-66 8.1617e-67 5.31298e-68 1.59971e-69 1.01585e-71 2.30007e-72 2.0099e-72 6.25789e-74 4.23836e-73 1.07912e-79 2.33167e-82 3.00267e-85 1.33955e-88 9.15294e-89 6.88248e-90 2.79315e-91 3.2555e-91 2.8247e-93 2.98187e-92 1.84951e-94 9.37675e-96 1.79606e-96 2.25706e-95
0.999973 4.65626e-06 2.17168e-05 2.82957e-07 1.49863e-08 5.06612e-11 5.43994e-11 4.43355e-16 2.17156e-16 1.71029e-16 1.64e-19 1.14935e-21 2.29634e-22 7.08732e-25 5.71881e-29 7.4712e-32 5.47152e-32 2.14258e-32 6.14961e-33 1.71448e-33 1.35136e-34 1.34163e-36 7.50046e-42 1.72552e-43 9.94202e-44 6.70311e-44 3.40187e-45 4.61816e-46 1.19186e-46 5.39868e-50 1.27867e-50 8.35489e-52 2.30596e-54 6.65056e-57 6.18462e-61 1.07075e-60 1.62088e-62 1.36489e-63 4.47605e-65 2.07949e-68 1.0419e-74 1.83579e-77 1.07277e-77 3.53047e-78 1.97399e-79 1.47186e-82 1.01576e-86 2.18701e-86 6.40241e-87
1 3.05311e-14 0 0 0 0 0 0 0 0 0 0 0 0 0 0 0 0 0 0 0 0 0 0 0 0 0 0 0 0 0 0 0 0 0 0 0 0 0 0 0 0 0 0 0 0 0 0 0
0.999999 2.12782e-07 6.44139e-07 3.58517e-07 4.50687e-14 1.43619e-13 7.16687e-19 6.84699e-20 3.19746e-22 4.56597e-21 2.16373e-22 3.80908e-34 1.2099e-38 1.71597e-40 2.90183e-42 9.24953e-44 2.71876e-45 3.09861e-50 1.4298e-50 3.37933e-52 3.46961e-57 0 0 0 0 0 0 0 0 0 0 0 0 0 0 0 0 0 0 0 0 0 0 0 0 0 0 0 0
0.999999 5.08386e-07 7.24306e-10 1.31652e-13 1.62256e-14 1.07794e-14 6.52853e-18 2.9244e-19 1.06081e-19 4.90505e-21 3.15888e-20 2.2398e-23 8.49469e-24 9.91278e-24 8.34939e-31 8.20864e-35 6.13171e-35 5.19948e-37 4.20713e-38 7.27018e-39 5.70495e-42 1.02353e-42 1.69624e-46 5.23085e-47 3.84814e-46 1.21491e-46 3.65737e-51 8.74366e-51 3.95838e-56 2.26784e-55 4.36281e-56 2.15751e-55 3.30754e-57 1.20135e-57 1.76322e-60 2.84406e-60 5.52595e-62 2.40585e-62 1.75591e-63 3.8903e-65 1.37434e-66 9.26224e-67 8.19344e-68 2.37242e-69 6.17927e-69 1.55206e-70 1.16911e-70 3.86148e-72 1.21772e-77
1 1.14738e-11 0 0 0 0 0 0 0 0 0 0 0 0 0 0 0 0 0 0 0 0 0 0 0 0 0 0 0 0 0 0 0 0 0 0 0 0 0 0 0 0 0 0 0 0 0 0 0
0.999959 2.62977e-05 6.55318e-06 3.90098e-07 4.68455e-06 1.41183e-06 4.18324e-07 6.81531e-07 2.74991e-08 7.97001e-08 4.16124e-09 1.70901e-09 4.60574e-10 1.59446e-09 1.02776e-10 9.1721e-13 1.84506e-10 1.89117e-11 4.90184e-12 2.81676e-13 1.08351e-12 7.53977e-14 3.54576e-13 2.24845e-15 1.18473e-16 1.45746e-15 4.14628e-16 8.12064e-16 4.82456e-16 5.41833e-16 5.10149e-17 2.66413e-17 5.18958e-18 7.50451e-18 5.29326e-19 4.74992e-19 3.11042e-19 1.49071e-19 1.28957e-19 3.58e-20 7.45009e-20 3.66886e-20 4.20561e-20 1.24607e-20 1.30125e-22 2.80078e-23 1.54658e-22 3.8104e-24 2.88348e-24
1 7.47019e-10 5.81765e-11 8.54887e-12 1.81162e-17 1.89509e-27 4.87378e-32 3.04571e-33 8.53847e-36 2.40025e-40 1.90979e-41 1.41657e-51 3.10543e-58 5.25149e-60 7.61101e-67 1.14921e-71 2.03954e-86 1.87356e-89 1.03001e-97 1.73697e-99 1.90741e-103 3.94885e-106 1.91704e-107 8.27308e-110 6.42283e-115 2.01324e-127 5.73757e-128 4.64186e-132 1.88522e-138 4.58543e-144 3.94304e-152 1.45646e-152 2.89364e-158 0 0 0 0 0 0 0 0 0 0 0 0 0 0 0 0
1 0 0 0 0 0 0 0 0 0 0 0 0 0 0 0 0 0 0 0 0 0 0 0 0 0 0 0 0 0 0 0 0 0 0 0 0 0 0 0 0 0 0 0 0 0 0 0 0
1 9.11154e-10 7.23565e-12 0 0 0 0 0 0 0 0 0 0 0 0 0 0 0 0 0 0 0 0 0 0 0 0 0 0 0 0 0 0 0 0 0 0 0 0 0 0 0 0 0 0 0 0 0 0
1 2.5693e-10 0 0 0 0 0 0 0 0 0 0 0 0 0 0 0 0 0 0 0 0 0 0 0 0 0 0 0 0 0 0 0 0 0 0 0 0 0 0 0 0 0 0 0 0 0 0 0
1 2.77814e-09 1.22266e-24 1.10063e-26 7.60625e-30 6.76973e-29 2.14794e-34 3.63219e-38 3.80252e-43 1.62646e-55 1.02729e-57 1.56446e-61 9.4405e-70 1.49146e-71 3.57935e-74 6.25825e-77 5.74113e-81 2.02334e-83 1.66101e-88 3.95239e-89 1.57411e-96 9.82662e-99 5.78518e-106 5.18519e-108 2.92252e-108 9.74291e-109 4.58551e-111 4.19289e-113 1.64895e-113 9.23222e-117 5.9027e-118 1.17328e-117 3.40386e-119 3.97047e-123 1.47185e-130 3.24393e-130 2.06996e-132 2.51653e-134 7.84087e-136 1.15209e-135 5.57185e-136 3.78663e-142 9.41912e-145 1.66867e-144 8.74334e-146 8.47946e-148 1.89378e-151 3.54121e-153 1.82052e-152
0.999995 4.88829e-06 8.96273e-17 0 0 0 0 0 0 0 0 0 0 0 0 0 0 0 0 0 0 0 0 0 0 0 0 0 0 0 0 0 0 0 0 0 0 0 0 0 0 0 0 0 0 0 0 0 0
1 3.07908e-11 6.82324e-14 3.39268e-15 2.49592e-17 1.02866e-20 9.04386e-21 6.13809e-24 6.75177e-33 8.0942e-34 5.08177e-42 1.23232e-47 1.03731e-49 1.53359e-55 1.53329e-57 9.93567e-59 7.4621e-65 1.76739e-65 3.30445e-69 1.05722e-76 1.30524e-78 2.93991e-87 0 0 0 0 0 0 0 0 0 0 0 0 0 0 0 0 0 0 0 0 0 0 0 0 0 0 0
0.999998 1.28556e-06 9.71916e-07 6.89821e-14 2.63802e-17 2.92991e-21 2.94622e-23 9.6601e-27 5.13038e-30 7.04403e-31 3.54797e-31 2.03567e-30 6.15983e-34 1.52225e-37 1.62007e-42 2.80431e-46 1.57339e-48 3.79357e-52 6.84755e-54 1.99777e-54 1.61728e-63 1.25146e-65 5.85078e-68 4.05643e-71 1.77624e-72 2.52311e-76 3.60256e-77 3.18978e-84 5.37632e-94 8.01639e-95 5.50656e-97 3.58707e-102 5.24024e-107 1.10365e-109 7.36359e-113 1.24609e-113 2.1809e-122 1.69601e-124 2.66658e-125 2.74935e-132 2.51782e-138 2.4103e-138 3.53941e-142 2.42312e-145 4.33898e-148 7.48868e-147 1.34901e-148 6.46369e-152 2.45372e-152
1 7.23676e-09 4.35845e-14 2.00848e-14 3.14135e-20 1.22881e-20 5.80719e-21 3.23239e-24 1.31982e-25 3.38671e-27 2.62381e-38 2.7974e-45 3.2258e-51 6.63744e-54 1.75732e-56 2.78423e-57 4.08735e-58 2.56183e-60 1.51239e-63 6.26933e-67 1.67687e-69 1.3577e-75 2.84321e-77 1.36371e-83 1.58774e-88 9.96737e-95 9.81275e-97 1.13691e-101 7.51827e-103 4.74544e-107 6.63241e-116 1.20684e-126 2.60346e-129 2.6192e-139 4.19613e-142 1.25333e-148 2.18816e-149 8.527e-152 8.75732e-155 3.60771e-154 1.57822e-154 1.27612e-155 8.53259e-167 1.53967e-169 9.29002e-175 1.84702e-175 5.56709e-176 2.17996e-177 1.25512e-182
0.999929 5.20796e-05 1.12733e-05 3.48402e-06 2.1577e-06 7.83588e-08 1.6286e-06 9.4519e-08 2.96508e-08 9.05219e-10 2.98177e-12 7.95271e-15 6.09883e-15 1.68945e-15 6.94561e-17 6.0506e-18 6.20385e-18 9.14083e-20 3.26731e-18 4.74781e-21 4.43722e-20 1.90828e-21 3.64776e-22 3.66969e-22 8.31562e-25 6.67862e-24 2.30303e-24 3.5979e-24 1.06149e-24 6.46901e-25 1.28126e-25 3.05583e-29 1.76198e-30 2.3292e-29 2.34666e-29 1.23241e-31 8.97962e-33 9.7691e-33 4.54979e-34 1.60147e-32 4.0382e-33 3.0691e-34 1.20905e-35 1.22772e-36 6.65918e-37 3.85514e-38 9.13017e-38 3.4292e-38 5.57492e-38
1 0 0 0 0 0 0 0 0 0 0 0 0 0 0 0 0 0 0 0 0 0 0 0 0 0 0 0 0 0 0 0 0 0 0 0 0 0 0 0 0 0 0 0 0 0 0 0 0
1 1.1034e-07 5.69141e-09 8.51338e-16 3.7807e-31 2.23627e-39 1.98621e-54 0 0 0 0 0 0 0 0 0 0 0 0 0 0 0 0 0 0 0 0 0 0 0 0 0 0 0 0 0 0 0 0 0 0 0 0 0 0 0 0 0 0
1 8.2072e-12 7.60608e-14 1.18371e-19 1.44369e-23 4.88725e-33 1.25099e-34 3.87658e-36 6.51832e-37 5.09928e-45 5.1639e-52 2.33062e-55 1.22584e-58 2.87854e-65 2.0005e-68 3.46023e-70 9.00911e-78 4.80958e-82 5.61079e-89 1.29485e-91 8.96036e-95 1.4922e-109 1.27779e-119 8.43892e-121 2.10783e-123 1.82424e-122 0 0 0 0 0 0 0 0 0 0 0 0 0 0 0 0 0 0 0 0 0 0 0
1 1.08562e-14 1.83427e-14 4.10127e-25 0 0 0 0 0 0 0 0 0 0 0 0 0 0 0 0 0 0 0 0 0 0 0 0 0 0 0 0 0 0 0 0 0 0 0 0 0 0 0 0 0 0 0 0 0
1 8.98289e-09 2.22293e-08 4.10779e-11 2.35701e-12 5.27242e-17 2.16466e-19 1.67735e-20 1.95424e-23 1.15708e-27 2.4988e-33 1.98511e-38 5.0354e-44 3.21592e-44 5.85854e-48 1.02216e-53 1.26442e-54 3.78561e-57 2.56814e-58 2.67935e-58 7.25161e-66 4.76202e-73 3.14932e-75 4.31452e-76 3.45832e-78 4.0832e-83 1.61575e-85 6.64203e-86 1.64245e-90 1.9708e-92 5.45315e-95 3.35228e-93 1.63798e-93 3.48986e-99 2.54612e-103 8.76884e-107 8.89299e-110 1.43349e-111 4.18176e-113 9.5309e-114 1.07388e-116 6.30129e-118 5.37247e-120 3.86112e-120 6.9624e-122 2.66475e-124 2.5532e-137 7.90445e-137 5.93857e-138
1 1.52863e-10 5.55614e-12 2.29056e-22 6.16873e-31 0 0 0 0 0 0 0 0 0 0 0 0 0 0 0 0 0 0 0 0 0 0 0 0 0 0 0 0 0 0 0 0 0 0 0 0 0 0 0 0 0 0 0 0
1 1.57681e-07 2.03505e-10 6.77807e-26 3.98184e-33 2.61669e-33 1.22696e-39 3.47441e-42 1.80547e-45 1.44816e-48 1.53294e-63 2.35567e-64 3.14968e-68 1.86146e-68 8.69521e-70 7.77633e-72 3.8397e-77 1.54949e-78 1.71571e-79 1.03655e-81 6.36616e-83 1.88171e-84 1.49122e-87 0 0 0 0 0 0 0 0 0 0 0 0 0 0 0 0 0 0 0 0 0 0 0 0 0 0
0.999999 5.04037e-07 5.53436e-12 8.7815e-14 4.90715e-15 4.74478e-16 3.42147e-16 1.49467e-17 2.42307e-18 2.48896e-26 4.37585e-33 2.60194e-36 2.88873e-52 3.98933e-60 2.28444e-62 4.70016e-69 7.96666e-77 1.05263e-78 2.33731e-94 6.19667e-104 3.48642e-111 6.23854e-117 1.5354e-117 6.27238e-121 3.09388e-124 5.14623e-140 1.72357e-140 6.72225e-154 2.43074e-155 1.25274e-160 3.1758e-168 3.12894e-178 1.64715e-179 1.35412e-188 1.51893e-190 9.95422e-202 1.10745e-210 1.15714e-220 1.0958e-220 8.13324e-223 9.77984e-227 3.45949e-229 2.08281e-231 4.01501e-235 4.01947e-238 1.18777e-240 1.48223e-246 5.7254e-251 2.42318e-252
0.999998 1.53888e-06 2.7124e-10 4.55904e-16 2.37422e-30 4.60245e-31 1.93987e-38 2.73165e-47 7.56403e-48 9.93455e-53 7.84571e-67 1.74431e-67 3.97528e-70 1.72617e-70 4.66295e-74 3.22474e-75 1.75415e-76 4.3004e-78 5.56702e-83 7.10382e-89 5.08199e-91 3.91662e-93 6.03449e-99 2.29255e-100 1.4335e-101 4.38868e-104 2.35499e-105 2.28319e-109 5.38523e-112 1.41585e-116 9.43097e-132 4.91728e-136 2.12316e-144 3.70704e-145 4.15574e-145 1.17541e-145 1.9136e-150 1.7818e-156 1.07713e-165 9.12275e-167 9.08774e-173 6.32966e-176 2.1061e-190 2.09996e-193 2.73248e-200 3.44839e-203 9.56506e-205 9.63628e-212 4.18098e-221
0.999981 5.55981e-07 1.80662e-05 7.71425e-09 2.37681e-14 3.13028e-15 3.30763e-19 6.8071e-21 8.58868e-21 3.95696e-26 9.11875e-25 6.18196e-27 4.1802e-27 4.26846e-29 4.73122e-33 2.22813e-37 3.23224e-37 8.57887e-39 1.80552e-44 7.50247e-45 1.58681e-49 1.2167e-50 4.71037e-50 9.69674e-52 6.5875e-56 6.87023e-58 2.00757e-57 8.67184e-60 3.90795e-62 2.28687e-63 8.91571e-65 1.10573e-68 2.2618e-69 1.70697e-71 1.01864e-69 2.11205e-70 4.27428e-71 2.95306e-72 9.66252e-73 3.82002e-76 1.46885e-77 3.06473e-79 3.48997e-84 1.91307e-85 1.9125e-86 3.30239e-92 3.70307e-94 1.8917e-97 4.30768e-98
1 2.18447e-09 8.17206e-11 3.45091e-11 6.82558e-13 1.11494e-13 7.22464e-24 2.57699e-31 6.78046e-45 2.03409e-49 1.08817e-53 1.10877e-56 4.69768e-67 4.49103e-78 1.24318e-80 6.94202e-96 1.33922e-96 8.15313e-102 9.22269e-108 0 0 0 0 0 0 0 0 0 0 0 0 0 0 0 0 0 0 0 0 0 0 0 0 0 0 0 0 0 0
1 4.5351e-17 6.53302e-17 2.93433e-19 4.76813e-20 1.69464e-24 1.4192e-25 1.53961e-28 5.02525e-36 5.01325e-44 1.79747e-47 1.57002e-49 5.50197e-49 2.91384e-56 2.00753e-56 1.75347e-58 3.27377e-59 1.92185e-60 1.80295e-65 7.33491e-73 2.48657e-72 8.94341e-74 2.3475e-78 4.34509e-80 4.99122e-80 1.19784e-88 1.30666e-90 6.17108e-90 2.8988e-94 3.5545e-94 1.42556e-94 2.63815e-97 2.62545e-100 1.35889e-104 4.15295e-109 7.94991e-114 3.91074e-116 2.30136e-116 2.55744e-123 3.74134e-125 2.6528e-125 3.14769e-131 2.06698e-133 1.21374e-137 4.59324e-137 2.40062e-142 3.82374e-143 9.04073e-145 2.15526e-146
0.999837 0.000153957 8.04829e-06 8.46846e-07 2.55817e-08 2.74695e-08 5.44425e-09 3.1855e-09 2.32852e-09 4.58933e-10 2.41538e-14 3.90987e-15 3.44342e-17 5.6035e-19 3.02805e-19 8.32586e-21 6.49146e-21 3.14717e-25 6.12582e-25 8.54674e-25 5.56123e-26 1.85249e-26 1.21711e-26 5.66437e-29 9.53775e-30 1.26457e-31 8.23177e-34 3.57192e-35 2.8063e-35 8.91859e-36 2.17909e-36 3.68574e-37 2.72298e-37 3.77792e-40 1.83723e-39 8.65078e-42 4.12448e-42 3.56977e-43 1.01057e-44 4.09797e-44 2.67291e-50 9.67524e-52 1.27459e-52 1.31179e-54 2.33619e-55 4.47622e-56 5.18656e-60 1.23674e-62 1.69377e-63
0.999955 3.34209e-05 9.55029e-06 1.75695e-06 5.27106e-08 1.9832e-09 1.40479e-11 2.73928e-14 8.75369e-18 5.76251e-19 4.13363e-20 1.41565e-20 8.83646e-22 1.40541e-22 2.71629e-25 2.66119e-29 6.02976e-30 1.54041e-29 8.19404e-31 2.07853e-31 1.96533e-31 4.20163e-32 1.81352e-32 3.38525e-33 1.02384e-36 5.36612e-41 3.79401e-42 8.15198e-43 7.916e-48 4.60869e-49 3.97992e-49 3.10796e-49 1.50966e-50 1.96565e-53 1.28551e-53 5.3559e-54 4.64667e-54 4.73772e-55 2.1303e-55 1.82513e-55 5.02561e-55 4.76592e-56 5.41612e-56 5.01744e-56 1.43619e-55 2.13976e-59 7.49029e-60 2.93613e-60 5.23178e-62
0.99997 3.00093e-05 3.25393e-08 0 0 0 0 0 0 0 0 0 0 0 0 0 0 0 0 0 0 0 0 0 0 0 0 0 0 0 0 0 0 0 0 0 0 0 0 0 0 0 0 0 0 0 0 0 0
1 2.2316e-10 6.94987e-15 1.92072e-18 4.02399e-20 0 0 0 0 0 0 0 0 0 0 0 0 0 0 0 0 0 0 0 0 0 0 0 0 0 0 0 0 0 0 0 0 0 0 0 0 0 0 0 0 0 0 0 0
1 0 0 0 0 0 0 0 0 0 0 0 0 0 0 0 0 0 0 0 0 0 0 0 0 0 0 0 0 0 0 0 0 0 0 0 0 0 0 0 0 0 0 0 0 0 0 0 0
1 2.37809e-12 2.32385e-13 2.11841e-16 1.3486e-21 1.51009e-22 2.16632e-28 9.57141e-39 1.50261e-39 4.28088e-43 9.45492e-49 3.78419e-57 0 0 0 0 0 0 0 0 0 0 0 0 0 0 0 0 0 0 0 0 0 0 0 0 0 0 0 0 0 0 0 0 0 0 0 0 0
0.999986 6.38037e-06 7.18159e-06 3.03988e-15 2.98205e-23 6.45956e-24 2.37072e-27 2.22129e-29 3.17169e-33 1.52928e-36 1.28875e-37 2.76483e-39 9.71789e-40 3.13121e-44 7.79482e-44 2.08941e-46 8.59371e-51 1.5634e-50 4.77855e-51 7.29697e-54 6.35802e-61 6.79118e-61 4.85411e-61 1.85602e-66 6.78647e-66 1.79529e-76 1.81301e-79 1.67769e-82 1.04878e-84 1.21545e-86 6.94125e-92 2.76266e-104 4.09818e-104 1.58863e-105 3.69726e-114 6.34539e-116 1.0618e-115 1.1997e-116 8.11866e-118 3.82154e-118 8.23122e-120 4.95249e-119 6.66357e-124 5.49058e-125 1.24532e-129 1.37427e-128 3.20141e-131 2.83807e-134 5.26881e-146
0.999999 4.81603e-07 1.42736e-07 3.69891e-08 5.59933e-09 1.42811e-10 4.0001e-10 9.26017e-12 3.86194e-14 7.78626e-15 9.69384e-15 1.0917e-16 8.11672e-21 3.65063e-25 1.2733e-26 6.73136e-28 7.63668e-29 1.04145e-30 3.04173e-32 2.04159e-35 1.182e-37 3.53332e-38 3.97405e-38 1.71291e-39 1.10216e-42 4.52793e-42 9.62569e-43 1.92558e-44 6.43464e-46 7.80862e-47 4.10671e-46 1.24766e-45 1.10935e-46 3.44128e-46 6.631e-47 3.14797e-47 7.05136e-48 5.51368e-48 2.72754e-53 3.94238e-53 4.53677e-55 3.49227e-54 1.14253e-54 1.39794e-56 4.63613e-57 1.23195e-57 1.56396e-61 4.39057e-59 4.12143e-60
0.999977 6.73504e-06 1.63357e-05 1.46275e-08 3.93188e-08 4.93196e-09 3.26991e-11 2.81586e-12 4.26113e-13 1.71478e-14 1.07062e-17 2.5618e-18 1.21385e-17 2.38669e-21 1.34169e-23 1.05147e-25 4.85618e-26 2.74746e-26 5.44906e-27 4.9324e-28 2.76726e-29 7.42782e-31 9.08355e-30 3.085e-30 1.91308e-33 6.53065e-33 1.20637e-32 3.04101e-33 1.92264e-35 7.79188e-36 2.23661e-37 2.59415e-38 2.46299e-38 4.60924e-40 3.65823e-39 1.0554e-40 1.0605e-41 2.68183e-41 3.82562e-43 4.3886e-44 1.62628e-44 2.22294e-46 6.01452e-48 1.26947e-49 5.8203e-49 2.29491e-49 1.37126e-50 1.7932e-49 1.38395e-50
0.99986 0.000138642 1.106e-06 4.2819e-09 5.01059e-16 3.5003e-18 7.95117e-19 3.36002e-25 1.99471e-28 7.70053e-31 1.58608e-35 1.53608e-36 7.48089e-48 1.21702e-48 1.08857e-49 4.72989e-53 3.03751e-54 3.84549e-60 1.77617e-62 8.19951e-63 4.42944e-67 4.56481e-68 4.89306e-73 1.13329e-73 1.5809e-77 1.1994e-78 1.47928e-80 1.00415e-80 2.14638e-84 9.66285e-93 2.09913e-93 1.19861e-93 6.74631e-103 1.70086e-106 1.14109e-106 6.03062e-109 2.53016e-111 4.67746e-111 1.30055e-112 2.5904e-111 1.52108e-113 1.31341e-113 5.92482e-116 6.10329e-117 2.99319e-119 2.6207e-121 2.81066e-122 5.1089e-128 6.19532e-132
0.999998 1.93091e-06 2.25548e-07 1.19916e-07 3.17345e-09 1.28316e-11 8.55623e-13 1.6099e-14 5.15548e-16 1.03273e-16 5.21596e-17 5.08818e-19 3.01841e-23 2.85315e-24 5.81124e-24 1.61766e-30 3.9996e-35 4.9447e-36 2.91682e-44 1.73459e-44 2.55697e-44 3.47371e-54 9.88347e-59 6.22691e-60 1.24938e-61 5.85892e-62 3.47029e-64 1.64162e-65 2.03496e-66 1.13353e-66 1.7609e-68 3.14873e-69 6.46543e-70 1.01403e-72 7.22533e-72 5.98873e-73 1.09741e-75 1.27917e-78 5.24276e-80 3.5561e-82 5.90717e-82 1.66772e-83 2.86618e-83 2.04579e-86 3.2891e-91 8.41446e-91 4.81079e-94 7.69796e-96 6.18006e-99
0.999985 1.53827e-05 2.63158e-09 1.2946e-09 6.3385e-10 1.3392e-10 6.44621e-14 1.42796e-14 1.60507e-19 4.63243e-21 1.10433e-22 6.1509e-27 8.24909e-27 6.78045e-27 2.66922e-27 3.43538e-31 7.934e-33 1.14273e-34 6.75958e-37 4.92943e-38 4.51219e-37 6.50948e-39 1.83264e-41 9.7799e-42 1.17899e-45 6.59591e-46 3.11535e-49 7.01373e-50 1.01977e-52 8.19493e-55 7.43303e-56 1.48481e-56 8.65586e-59 3.56306e-66 2.18176e-66 2.28215e-65 2.34935e-67 5.11858e-68 1.09454e-67 5.05946e-71 2.56691e-73 1.00188e-73 1.36683e-75 2.48303e-78 2.64628e-80 3.62078e-81 1.80449e-84 5.03263e-85 6.39909e-86
1 7.36003e-10 2.39659e-10 9.27266e-11 2.86249e-10 6.79281e-11 6.86764e-15 3.76704e-15 1.15928e-18 3.67055e-21 4.11593e-24 4.24437e-24 9.2194e-26 8.57852e-26 4.22137e-28 7.31911e-29 1.53807e-30 2.36014e-35 1.11117e-36 2.60754e-37 3.18782e-38 8.87155e-40 9.65482e-44 7.91034e-43 1.08047e-44 2.03568e-44 7.83443e-50 6.01729e-52 7.24457e-59 3.62116e-58 3.85026e-58 6.60704e-60 1.40479e-60 9.89194e-61 9.43123e-64 1.6453e-63 8.1607e-67 6.42713e-66 1.22521e-71 7.59659e-75 5.41168e-74 2.07744e-79 1.67364e-82 2.94229e-87 4.09795e-88 7.37086e-92 9.88542e-90 2.51266e-94 2.17628e-96
