0.438374 2.55111
0.438691 2.5859
0.439007 2.59746
0.438418 2.58016
0.438451 2.57441
0.43871 2.58015
0.438322 2.5687
0.438301 2.57441
0.438333 2.56872
0.437898 2.55736
0.437517 2.53471
0.4375 2.53471
0.437945 2.55161
0.438745 2.57409
0.439048 2.59651
0.439566 2.61888
0.43973 2.62445
0.439569 2.63002
0.438926 2.59117
0.439305 2.60778
0.4396 2.61882
0.439442 2.61331
0.439073 2.59683
0.438786 2.58587
0.438158 2.55853
0.437353 2.53126
0.437386 2.52582
0.4375 2.53125
0.437532 2.53125
0.437775 2.54205
0.438194 2.55822
0.438046 2.55822
0.437949 2.54749
0.43857 2.57424
0.438344 2.56357
0.438325 2.55292
0.438101 2.55292
0.438083 2.55292
0.438239 2.55821
0.438221 2.55293
0.437875 2.54241
0.437484 2.53191
0.437516 2.52667
0.437005 2.50054
0.436914 2.50054
0.4369 2.49534
0.43681 2.49534
0.436675 2.4798
0.436707 2.49014
0.436452 2.48498
0.436848 2.49527
0.437198 2.52092
0.437349 2.5158
0.437095 2.5158
0.437365 2.5158
0.43747 2.52089
0.437381 2.51582
0.437129 2.50569
0.437278 2.51074
0.437146 2.49562
0.437294 2.51071
0.436928 2.49063
0.437076 2.50065
0.436713 2.48566
0.436744 2.48566
0.436269 2.46576
0.436185 2.46079
0.435945 2.45089
0.435747 2.441
0.435968 2.45086
0.435657 2.4361
0.435421 2.42627
0.435682 2.43608
0.4359 2.45075
0.436271 2.46051
0.436261 2.46051
0.436292 2.46051
0.436618 2.46051
0.43676 2.47987
0.43686 2.47987
0.437111 2.49433
0.436877 2.47509
0.437017 2.48949
0.437555 2.50865
0.437692 2.51821
0.437678 2.52298
0.437377 2.50394
0.437473 2.50869
0.437609 2.51343
0.437378 2.50397
0.436865 2.48036
0.436638 2.47093
0.436559 2.46623
0.436549 2.47092
0.436898 2.48029
0.436994 2.48029
0.436809 2.47562
0.436797 2.48028
0.437037 2.48493
0.437025 2.48957
0.436526 2.46179
0.436516 2.45717
0.436649 2.46639
0.436743 2.471
0.436875 2.47559
0.437487 2.49851
0.437513 2.50309
0.438017 2.52135
0.438041 2.52591
0.438027 2.52136
0.438359 2.53952
0.438241 2.53046
0.438061 2.52594
0.43825 2.52594
0.438376 2.53945
0.437955 2.53046
0.43798 2.52148
0.437764 2.51252
0.437487 2.4991
0.437575 2.50803
0.4376 2.50358
0.437587 2.51247
0.438209 2.53023
0.43869 2.54352
0.438812 2.55679
0.439092 2.56561
0.438818 2.5568
0.438605 2.5568
0.438824 2.5568
0.438514 2.54366
0.438732 2.5524
0.438035 2.52621
0.438058 2.52185
0.438432 2.5349
0.438068 2.52187
0.43815 2.52187
0.437885 2.51322
0.43768 2.50458
0.437416 2.49165
0.437118 2.48304
0.437048 2.47445
0.437417 2.48731
0.437346 2.48731
0.437335 2.48304
0.437075 2.47451
0.435936 2.43192
0.435305 2.39367
0.43427 2.35123
0.433458 2.30887
0.432339 2.26658
0.431535 2.22015
0.430334 2.1738
0.429537 2.12752
0.428347 2.08133
0.427558 2.03521
0.426379 1.98918
0.425596 1.94322
0.424428 1.89734
