3
3
2
2
4
2
2
2
2
3
2
2
2
4
2
2
2
4
2
2
2
3
2
2
2
2
2
2
2
2
2
2
3
2
2
2
3
2
2
2
2
2
2
3
2
2
2
2
3
5
5
2
2
2
2
2
2
2
2
2
2
2
2
3
2
2
2
2
2
2
2
2
3
5
2
2
2
2
2
2
2
2
3
3
2
2
2
2
3
4
2
3
2
2
2
2
4
2
2
2
2
2
2
3
2
4
2
2
2
3
2
2
2
2
2
2
3
5
4
2
2
2
2
3
2
2
2
3
2
4
2
2
3
2
2
2
2
3
2
2
2
2
2
2
2
2
2
2
2
2
2
2
2
3
2
2
2
5
2
3
2
2
2
2
2
2
2
2
2
5
2
2
2
2
3
2
2
2
2
2
2
2
2
2
2
2
2
2
2
3
2
3
2
3
2
4
2
2
4
5
2
2
2
2
2
4
2
2
2
3
2
2
2
2
4
2
2
2
6
2
2
5
2
2
2
2
2
2
2
2
3
2
3
2
2
3
2
2
2
2
2
2
2
3
2
2
2
2
2
3
2
2
2
2
2
4
2
2
4
2
3
2
2
3
2
2
3
2
2
3
3
2
3
3
2
2
3
2
2
2
2
2
2
2
3
2
3
3
2
2
4
2
2
2
2
4
2
2
2
3
2
2
2
2
3
3
2
2
3
2
2
2
4
2
3
2
6
2
2
2
2
3
2
2
3
2
2
2
2
2
2
3
2
2
2
3
3
4
3
6
4
3
4
3
4
3
4
3
3
3
5
5
3
3
3
9
4
3
4
3
4
3
5
4
3
3
4
6
3
4
4
7
109
288
735
1493
2458
3649
5052
6668
8536
10691
13053
15480
18272
21091
24160
27406
30666
34170
37795
41471
45057
