48.0932 -238.972 -32.9224 -238.972 1646.45 452.456 -32.9224 452.456 348.99
76.0643 20.5068 18.039 20.5068 457.722 -90.6054 18.039 -90.6054 72.6504
27.6615 20.8913 -16.9682 20.8913 283.033 46.8237 -16.9682 46.8237 97.4673
12.5825 56.0172 15.8728 56.0172 928.361 -9.12702 15.8728 -9.12702 116.804
8.24135 -15.3705 2.61448 -15.3705 366.347 -56.8546 2.61448 -56.8546 50.1021
940.21 203.959 721.283 203.959 467.354 204.229 721.283 204.229 598.834
30.8619 31.8305 -19.5762 31.8305 288.279 -38.0312 -19.5762 -38.0312 59.2788
25.6199 14.3268 -11.8729 14.3268 124.481 -2.90897 -11.8729 -2.90897 49.7816
20.3232 36.9866 16.5616 36.9866 2038.69 27.3242 16.5616 27.3242 38.9866
18.6131 2.93965 10.8672 2.93965 121.093 46.8771 10.8672 46.8771 187.39
73.3714 99.5744 -49.2327 99.5744 766.265 -584.627 -49.2327 -584.627 707.98
42.4556 6.42586 -14.2667 6.42586 151.299 1.27913 -14.2667 1.27913 36.0399
94.667 -58.6261 28.8176 -58.6261 366.401 -19.7402 28.8176 -19.7402 34.6336
213.128 67.3637 155.572 67.3637 303.744 153.996 155.572 153.996 333.797
28.0078 -7.87152 19.1142 -7.87152 228.427 -14.2807 19.1142 -14.2807 101.61
28.7988 -13.0495 -12.7757 -13.0495 248.707 -43.083 -12.7757 -43.083 94.2416
13.6901 2.43164 3.72175 2.43164 280.871 27.2367 3.72175 27.2367 144.272
97.441 -208.141 -30.8557 -208.141 712.188 22.1843 -30.8557 22.1843 56.6898
53.1925 6.91196 -9.43846 6.91196 454.111 -8.16274 -9.43846 -8.16274 61.7999
42.5004 33.936 24.5633 33.936 214.383 9.48553 24.5633 9.48553 205.821
38.36 62.6708 -13.4707 62.6708 299.386 -41.28 -13.4707 -41.28 42.3871
63.7983 -116.853 48.591 -116.853 478.387 -172.601 48.591 -172.601 136.582
28.5845 -103.001 41.7033 -103.001 1385.28 -569.372 41.7033 -569.372 400.992
41.4172 -73.6637 36.6537 -73.6637 428.046 -64.938 36.6537 -64.938 72.1801
22.6545 -3.53347 2.46857 -3.53347 406.054 -39.6811 2.46857 -39.6811 19.9545
18.3365 16.0154 -10.3105 16.0154 164.127 -55.9523 -10.3105 -55.9523 71.1211
32.548 71.4252 7.88588 71.4252 589.842 -29.7093 7.88588 -29.7093 43.2686
39.7342 150.983 43.8421 150.983 1126.46 227.403 43.8421 227.403 122.874
19.3712 22.6024 10.0672 22.6024 203.239 82.7142 10.0672 82.7142 103.518
34.4583 -0.991886 -30.0289 -0.991886 181.443 -42.4069 -30.0289 -42.4069 100.156
41.8458 -152.454 17.1611 -152.454 948.623 -112.53 17.1611 -112.53 44.5369
20.1011 56.9226 -30.6166 56.9226 1054.66 -438.441 -30.6166 -438.441 275.284
111.181 148.133 40.4248 148.133 762.769 32.445 40.4248 32.445 58.6082
35.5733 -9.46059 -46.7376 -9.46059 117.951 117.579 -46.7376 117.579 441.58
84.6181 22.2367 -37.9685 22.2367 236.25 -67.5429 -37.9685 -67.5429 99.5378
194.064 -74.1769 -2.00089 -74.1769 312.926 17.073 -2.00089 17.073 91.9482
225 -71.8681 286.99 -71.8681 304.987 -135.605 286.99 -135.605 558.434
196.129 39.3802 -180.848 39.3802 249.142 53.941 -180.848 53.941 289.358
59.3998 26.1811 -4.78729 26.1811 228.176 -16.5966 -4.78729 -16.5966 46.3839
29.5486 113.79 -8.17627 113.79 848.553 -13.7763 -8.17627 -13.7763 159.835
40.8866 9.75513 10.5966 9.75513 174.694 -40.992 10.5966 -40.992 49.4541
26.1729 -18.61 3.00339 -18.61 198.851 -3.68804 3.00339 -3.68804 33.6738
188.092 24.5146 149.656 24.5146 840.71 -230.242 149.656 -230.242 299.056
86.6331 88.7127 91.3136 88.7127 332.587 66.3748 91.3136 66.3748 207.961
51.4788 19.2682 -1.24027 19.2682 504.437 -50.1587 -1.24027 -50.1587 44.0051
9.56396 -3.87573 11.6437 -3.87573 263.955 16.6821 11.6437 16.6821 51.3523
100.486 353.288 -93.4414 353.288 2629.11 -367.634 -93.4414 -367.634 140.672
20.806 -16.5105 20.9144 -16.5105 487.167 33.3173 20.9144 33.3173 87.1537
39.4353 49.2852 -4.75964 49.2852 563.831 -15.6114 -4.75964 -15.6114 32.4689
152.693 -313.678 -98.4793 -313.678 895.163 195.395 -98.4793 195.395 113.545
26.9048 -25.5201 11.7325 -25.5201 254.368 45.6969 11.7325 45.6969 587.057
22.5524 16.7771 3.60647 16.7771 185.313 0.25795 3.60647 0.25795 66.523
26.2993 44.7097 -48.8216 44.7097 301.392 -131.446 -48.8216 -131.446 393.717
40.7052 70.2949 -6.84717 70.2949 290.872 -83.4056 -6.84717 -83.4056 154.485
29.8759 23.3206 52.6943 23.3206 549.202 140.647 52.6943 140.647 235.544
33.4485 -64.7159 -22.1702 -64.7159 512.652 73.4431 -22.1702 73.4431 100.168
56.2084 -37.3232 38.3278 -37.3232 143.275 -30.1884 38.3278 -30.1884 114.964
34.8955 5.70127 -34.3508 5.70127 89.6075 -5.38848 -34.3508 -5.38848 95.3105
10.4981 5.15393 4.52703 5.15393 421.078 57.955 4.52703 57.955 41.7327
48.8161 -64.0922 -1.92224 -64.0922 352.467 -14.9693 -1.92224 -14.9693 61.3172
36.5601 -24.678 -8.94533 -24.678 247.032 24.7471 -8.94533 24.7471 28.8117
73.022 -10.2683 21.114 -10.2683 129.236 47.9375 21.114 47.9375 282.197
21.6076 22.4021 9.16623 22.4021 291.419 60.3062 9.16623 60.3062 61.9759
43.692 -0.282878 36.0108 -0.282878 204.995 46.4219 36.0108 46.4219 193.239
26.5947 73.2005 10.4768 73.2005 1289.31 120.522 10.4768 120.522 57.2744
43.9731 -12.7763 51.5579 -12.7763 253.535 -39.712 51.5579 -39.712 159.727
29.5343 13.9688 51.9875 13.9688 304.854 -27.388 51.9875 -27.388 225.036
51.2769 -14.8575 115.917 -14.8575 219.335 -50.3118 115.917 -50.3118 338.433
71.482 19.7075 -38.8922 19.7075 249.67 37.3759 -38.8922 37.3759 134.973
30.4143 -20.1401 48.3716 -20.1401 304.946 6.07273 48.3716 6.07273 175.834
49.8172 29.872 -39.7415 29.872 150.265 -29.4699 -39.7415 -29.4699 84.4055
28.4058 21.619 24.6514 21.619 243.031 107.842 24.6514 107.842 143.126
66.1692 71.4692 4.53128 71.4692 922.983 31.1996 4.53128 31.1996 73.9179
34.167 -21.2348 -17.3661 -21.2348 353.68 -118.194 -17.3661 -118.194 165.643
19.9587 -43.0579 -1.00198 -43.0579 556.808 -12.8376 -1.00198 -12.8376 64.127
70.9375 163.838 11.6426 163.838 677.14 227.727 11.6426 227.727 225.277
68.3503 69.549 6.24747 69.549 709.227 52.8656 6.24747 52.8656 59.9751
121.285 -573.683 191.191 -573.683 3793.72 -925.701 191.191 -925.701 374.161
34.6622 -37.6961 3.70582 -37.6961 334.802 -37.1374 3.70582 -37.1374 66.844
72.6443 36.3759 -11.6383 36.3759 362.227 -22.6969 -11.6383 -22.6969 43.7088
57.8563 -115.221 3.11906 -115.221 492.837 68.9757 3.11906 68.9757 95.0058
14.375 11.0389 -12.5119 11.0389 367.18 5.8464 -12.5119 5.8464 65.2955
5.84209 8.49022 -10.2195 8.49022 376.466 -139.594 -10.2195 -139.594 203.561
63.4338 -65.1128 -14.0265 -65.1128 492.523 -56.1591 -14.0265 -56.1591 184.684
92.3455 95.573 -139.694 95.573 433.756 -235.679 -139.694 -235.679 447.866
37.0118 -28.8191 -6.67431 -28.8191 462.959 -20.4697 -6.67431 -20.4697 69.3559
50.8084 -190.428 6.671 -190.428 1458.05 -96.8028 6.671 -96.8028 46.3326
139.697 218.686 -40.1944 218.686 538.885 -75.1398 -40.1944 -75.1398 32.6008
66.361 45.6967 -25.876 45.6967 570.247 -191.884 -25.876 -191.884 155.745
62.0529 127.963 30.6559 127.963 822.989 130.153 30.6559 130.153 64.6934
81.111 7.22015 3.10803 7.22015 227.558 -16.0838 3.10803 -16.0838 64.548
36.4406 -32.1583 9.11484 -32.1583 375.022 -17.781 9.11484 -17.781 82.2326
190.667 11.35 27.4279 11.35 350.356 -213.002 27.4279 -213.002 212.858
50.1993 52.8571 3.05601 52.8571 220.176 -0.329982 3.05601 -0.329982 70.5852
24.8329 1.19317 -34.3948 1.19317 385.458 88.2638 -34.3948 88.2638 200.879
58.0725 -72.6667 -16.0495 -72.6667 288.642 36.6204 -16.0495 36.6204 24.1116
24.9513 44.1746 6.18911 44.1746 491.357 100.465 6.18911 100.465 96.2287
15.2822 0.903079 10.6509 0.903079 115.75 -0.729401 10.6509 -0.729401 65.5563
33.7113 -0.184543 -15.9029 -0.184543 475.619 72.5061 -15.9029 72.5061 67.41
14.949 -12.9857 1.80375 -12.9857 260.019 89.0654 1.80375 89.0654 114.084
42.948 -7.32169 -29.3694 -7.32169 339.209 25.4968 -29.3694 25.4968 86.6925
15.5812 -32.4882 5.13377 -32.4882 233.563 -31.5942 5.13377 -31.5942 30.8348
32.9531 5.89973 16.7894 5.89973 170.258 54.1935 16.7894 54.1935 61.0852
20.7799 25.7923 -15.5346 25.7923 315.089 -103.209 -15.5346 -103.209 119.765
14.5976 29.6903 7.25905 29.6903 322.938 65.843 7.25905 65.843 67.7833
73.8261 1.88682 2.84121 1.88682 189.152 -2.60388 2.84121 -2.60388 55.2467
35.1264 55.9433 -70.9033 55.9433 638.698 -143.543 -70.9033 -143.543 225.6
15.9484 -8.25858 -13.2117 -8.25858 85.5984 5.62138 -13.2117 5.62138 89.5988
23.8873 63.4181 -42.9874 63.4181 668.812 -317.04 -42.9874 -317.04 253.881
25.9972 5.70062 6.29669 5.70062 193.973 -92.3167 6.29669 -92.3167 98.9526
43.0378 -87.2281 22.4348 -87.2281 409.475 -78.4796 22.4348 -78.4796 88.2778
22.7006 -81.132 10.4288 -81.132 768.373 -122.9 10.4288 -122.9 69.41
40.319 21.0487 -16.2555 21.0487 318.636 -30.1755 -16.2555 -30.1755 42.5989
45.9962 -21.0875 -46.1342 -21.0875 272.179 3.8169 -46.1342 3.8169 179.75
45.5899 82.4971 33.6471 82.4971 388.099 100.459 33.6471 100.459 148.266
20.9631 26.9915 28.6278 26.9915 259.499 52.9531 28.6278 52.9531 173.229
106.073 141.082 -54.1629 141.082 322.099 -50.4152 -54.1629 -50.4152 113.502
17.6714 31.0481 3.87091 31.0481 198.467 8.43328 3.87091 8.43328 58.6303
27.2559 45.2941 17.0556 45.2941 376.259 29.2835 17.0556 29.2835 105.725
27.7522 25.9936 -14.1423 25.9936 222.371 21.7565 -14.1423 21.7565 70.1094
39.3442 65.6865 38.356 65.6865 1843.88 211.842 38.356 211.842 120.17
235.327 144.112 -386.113 144.112 456.164 -208.395 -386.113 -208.395 693.322
102.021 50.1288 -23.1028 50.1288 421.984 -7.23585 -23.1028 -7.23585 89.4812
64.2626 33.9863 9.29246 33.9863 583.034 42.2654 9.29246 42.2654 50.7467
48.2283 -10.6516 -2.66039 -10.6516 128.568 -16.8074 -2.66039 -16.8074 41.7503
26.4971 3.86867 2.76754 3.86867 212.404 12.3522 2.76754 12.3522 35.1048
46.404 -0.125369 7.39339 -0.125369 233.164 8.35686 7.39339 8.35686 64.0986
59.8238 61.3767 17.6686 61.3767 226.465 -10.9127 17.6686 -10.9127 187.161
20.1058 29.3846 -13.6312 29.3846 305.159 -47.8019 -13.6312 -47.8019 97.8855
16.8127 1.97426 9.51945 1.97426 141.842 -49.7542 9.51945 -49.7542 138.875
29.6345 -52.4168 27.515 -52.4168 430.652 -74.5951 27.515 -74.5951 69.6643
150.009 -101.985 119.672 -101.985 153.45 -75.4059 119.672 -75.4059 163.846
11.7911 3.59567 1.44334 3.59567 211.871 48.6163 1.44334 48.6163 48.3269
19.9335 -8.68315 -1.17171 -8.68315 50.2808 -12.2693 -1.17171 -12.2693 92.8339
33.3981 7.72643 1.43392 7.72643 131.657 -4.40291 1.43392 -4.40291 49.5972
55.6037 48.5298 -46.2063 48.5298 398.689 -12.2983 -46.2063 -12.2983 163.439
39.6667 -32.6827 46.9356 -32.6827 255.04 -91.0893 46.9356 -91.0893 148.508
37.8733 2.12387 75.9318 2.12387 119.833 27.2034 75.9318 27.2034 274.242
28.0512 44.8536 8.34122 44.8536 760.278 97.5024 8.34122 97.5024 44.9041
26.7789 44.9891 15.8831 44.9891 362.678 76.811 15.8831 76.811 104.418
34.9647 46.3784 8.39595 46.3784 318.969 47.2655 8.39595 47.2655 30.1059
20.1175 -21.3994 -20.752 -21.3994 239.354 94.2244 -20.752 94.2244 120.885
17.687 58.3481 -26.6953 58.3481 471.682 -256.268 -26.6953 -256.268 268.401
50.6666 60.2213 32.1724 60.2213 1154.61 121.673 32.1724 121.673 68.8307
40.6989 -14.625 -72.2536 -14.625 373.215 -28.251 -72.2536 -28.251 218.468
9.27063 25.7755 -11.6869 25.7755 336.027 -76.8248 -11.6869 -76.8248 101.465
17.1743 -26.1038 0.0957049 -26.1038 228.627 17.1839 0.0957049 17.1839 53.5868
19.515 -17.2116 -15.6235 -17.2116 295.531 67.0687 -15.6235 67.0687 122.139
33.1073 -96.4549 1.97798 -96.4549 547.703 86.7148 1.97798 86.7148 123.805
23.8933 61.229 -34.011 61.229 1007.18 -304.543 -34.011 -304.543 138.997
36.0894 -35.5402 -37.2091 -35.5402 319.63 8.94635 -37.2091 8.94635 188.662
84.7878 37.459 -32.9487 37.459 230.427 1.29042 -32.9487 1.29042 117.491
31.2983 -14.4987 9.99589 -14.4987 378.959 13.0908 9.99589 13.0908 42.1284
19.3333 11.95 9.32572 11.95 129.697 19.7003 9.32572 19.7003 34.1437
57.757 -33.8563 57.7726 -33.8563 193.39 55.5413 57.7726 55.5413 251.348
65.8412 14.4491 -4.13429 14.4491 211.334 -21.2153 -4.13429 -21.2153 55.9731
38.6541 17.5765 30.3584 17.5765 345.559 9.48396 30.3584 9.48396 105.109
120.893 95.649 85.97 95.649 480.459 238.418 85.97 238.418 252.947
98.316 18.8471 42.1769 18.8471 498.263 -46.8733 42.1769 -46.8733 64.8438
20.2282 17.1902 24.3778 17.1902 311.275 102.219 24.3778 102.219 132.732
32.5702 55.6982 9.91647 55.6982 297.152 -17.3801 9.91647 -17.3801 55.5045
108.065 -220.049 91.2057 -220.049 1182.7 -301.454 91.2057 -301.454 163.029
110.254 -94.0067 121.502 -94.0067 257.737 -160.697 121.502 -160.697 306.998
90.0753 3.96734 -33.1048 3.96734 322.398 -42.2133 -33.1048 -42.2133 44.2581
21.9454 32.5021 12.6375 32.5021 355.118 93.4652 12.6375 93.4652 83.7617
45.3047 -104.997 51.0408 -104.997 1105.99 -394.272 51.0408 -394.272 198.36
27.6236 43.5852 -20.7893 43.5852 514.476 -211.296 -20.7893 -211.296 147.571
13.6538 -25.9637 -39.5855 -25.9637 533.698 436.59 -39.5855 436.59 534.659
45.2468 36.2469 -8.9123 36.2469 152.023 -4.35757 -8.9123 -4.35757 60.4682
55.8194 56.3986 -40.3216 56.3986 213.803 -51.8937 -40.3216 -51.8937 155.457
35.9925 35.7316 -25.2782 35.7316 192.555 -12.3575 -25.2782 -12.3575 80.9553
166.851 97.6633 137.632 97.6633 263.174 104.975 137.632 104.975 249.966
35.2499 -58.9506 -4.56927 -58.9506 414.649 -142.045 -4.56927 -142.045 137.632
26.9501 28.7568 27.0868 28.7568 383.048 131.64 27.0868 131.64 128.371
34.3569 -76.3295 5.60695 -76.3295 315.15 -58.915 5.60695 -58.915 67.7037
21.014 15.7116 1.26722 15.7116 534.41 -46.0164 1.26722 -46.0164 41.8233
13.8832 -43.0915 8.08242 -43.0915 926.275 -166.547 8.08242 -166.547 92.741
58.0221 5.42593 -41.5746 5.42593 249.962 -1.65413 -41.5746 -1.65413 193.84
26.7534 -28.0537 -9.20887 -28.0537 810.028 14.108 -9.20887 14.108 38.9703
53.3669 260.966 13.0975 260.966 2660.94 122.243 13.0975 122.243 53.8049
42.1327 -9.33048 -9.99408 -9.33048 507.952 -107.793 -9.99408 -107.793 96.644
15.6129 0.764836 -12.4948 0.764836 258.697 85.3308 -12.4948 85.3308 97.0163
61.1521 -103.985 -28.7073 -103.985 652.152 17.8713 -28.7073 17.8713 60.7685
22.4645 9.07304 30.0512 9.07304 306.025 44.1785 30.0512 44.1785 140.4
40.8498 -183.969 191.232 -183.969 1530.67 -1629.44 191.232 -1629.44 1986.34
35.0523 73.1054 13.48 73.1054 565.405 -0.791494 13.48 -0.791494 77.776
18.9813 65.2761 -20.0368 65.2761 831.928 -51.383 -20.0368 -51.383 86.022
10.221 -3.3223 2.21399 -3.3223 188.628 30.4199 2.21399 30.4199 73.6036
68.0293 21.1191 35.3304 21.1191 247.71 -21.88 35.3304 -21.88 92.8235
86.6149 83.4455 -32.8308 83.4455 308.049 -31.9875 -32.8308 -31.9875 73.9241
25.4498 43.1277 35.7851 43.1277 249.171 139.091 35.7851 139.091 236.371
128.273 64.5653 -47.0559 64.5653 744.19 -311.904 -47.0559 -311.904 264.74
31.6821 40.6568 12.2437 40.6568 276.735 15.2863 12.2437 15.2863 49.7693
30.4206 -40.0798 -2.63914 -40.0798 451.563 100.263 -2.63914 100.263 211.294
16.226 -18.5306 -3.72781 -18.5306 761.369 -27.7229 -3.72781 -27.7229 77.6442
18.6569 -187.019 -30.5116 -187.019 4337.39 679.934 -30.5116 679.934 131.591
81.5526 39.5191 -101.327 39.5191 984.635 -78.1189 -101.327 -78.1189 225.542
100.679 -190.989 35.8496 -190.989 720.465 -81.3702 35.8496 -81.3702 47.9781
95.1883 133.723 -42.6766 133.723 426.249 -67.114 -42.6766 -67.114 42.6328
692.872 468.611 106.586 468.611 733.117 50.6985 106.586 50.6985 86.0101
96.1252 -198.763 115.768 -198.763 2454.92 -701.639 115.768 -701.639 319.297
51.7064 -61.3789 -27.6352 -61.3789 773.346 24.3287 -27.6352 24.3287 119.505
20.7988 -43.6726 -5.3596 -43.6726 331.896 30.6443 -5.3596 30.6443 83.6759
28.1181 -10.3704 34.6557 -10.3704 175.32 37.1144 34.6557 37.1144 142.105
42.0064 151.831 -18.1454 151.831 1640.19 -157.445 -18.1454 -157.445 60.2215
94.6954 114.838 -18.2791 114.838 403.712 -13.7931 -18.2791 -13.7931 28.999
28.7652 73.9133 -2.93292 73.9133 746.872 -100.378 -2.93292 -100.378 45.794
21.0892 0.40978 3.91121 0.40978 253 -0.246273 3.91121 -0.246273 149.194
18.7056 8.39979 16.4965 8.39979 334.218 69.5324 16.4965 69.5324 75.4114
51.9196 5.93716 50.8359 5.93716 175.101 -34.4227 50.8359 -34.4227 120.191
54.383 30.992 -52.6657 30.992 1382.48 159.068 -52.6657 159.068 130.088
76.5594 42.6761 53.8929 42.6761 156.058 24.8649 53.8929 24.8649 96.9389
58.2383 -60.9112 4.68895 -60.9112 714.213 -52.9086 4.68895 -52.9086 28.579
179.107 100.257 15.6432 100.257 552.402 -59.7095 15.6432 -59.7095 58.8272
9.84477 16.0084 -1.61481 16.0084 249.885 16.3783 -1.61481 16.3783 71.9883
16.6871 -17.0038 -0.758989 -17.0038 836.229 -95.0318 -0.758989 -95.0318 56.9892
25.5443 7.8757 -13.1183 7.8757 205.66 -15.0717 -13.1183 -15.0717 57.3905
81.4036 7.30216 25.5203 7.30216 439.673 -34.0934 25.5203 -34.0934 66.5694
28.1129 -4.0835 15.8168 -4.0835 244.157 15.7127 15.8168 15.7127 47.8688
111.188 101.034 65.4742 101.034 272.52 91.1368 65.4742 91.1368 176.28
55.1832 14.8577 33.5675 14.8577 485.859 111.282 33.5675 111.282 91.763
15.8275 1.06543 14.7469 1.06543 133.365 13.6227 14.7469 13.6227 159.84
39.5127 -7.16505 0.397944 -7.16505 377.053 5.69545 0.397944 5.69545 45.6591
120.621 -177.286 28.6329 -177.286 731.939 58.284 28.6329 58.284 86.4618
17.0464 3.48725 -6.28956 3.48725 111.379 -4.86929 -6.28956 -4.86929 124.341
41.6249 -89.0614 65.5654 -89.0614 668.204 98.7836 65.5654 98.7836 417.188
37.7358 5.89348 -22.5975 5.89348 107.575 28.0615 -22.5975 28.0615 100.093
73.1088 -69.2173 130.687 -69.2173 414.065 -232.669 130.687 -232.669 478.783
28.3904 -23.5809 -7.07561 -23.5809 572.58 -3.83688 -7.07561 -3.83688 41.2254
29.1953 -18.2507 28.5332 -18.2507 243.858 18.0661 28.5332 18.0661 86.6287
27.7802 -50.8972 -23.5446 -50.8972 357.629 91.1089 -23.5446 91.1089 102.624
49.9603 -139.914 35.8293 -139.914 889.992 -183.625 35.8293 -183.625 77.7708
47.2451 -93.7596 17.8618 -93.7596 308.745 -24.1864 17.8618 -24.1864 37.1272
10.2516 -40.579 -12.6342 -40.579 608.868 59.3319 -12.6342 59.3319 67.8066
29.8497 -25.7572 -16.5125 -25.7572 187.897 -13.4123 -16.5125 -13.4123 65.403
25.7473 36.0988 -33.6068 36.0988 529.533 -250.936 -33.6068 -250.936 191.366
44.1637 -15.1463 23.7619 -15.1463 324.037 28.1282 23.7619 28.1282 52.9335
54.7983 -57.326 66.65 -57.326 277.056 -174.817 66.65 -174.817 228.556
22.689 32.9884 6.20507 32.9884 501.542 24.1587 6.20507 24.1587 109.943
225.091 -141.094 -6.59549 -141.094 335.751 -20.2868 -6.59549 -20.2868 30.9423
28.0109 51.3286 5.54459 51.3286 567.364 18.5787 5.54459 18.5787 57.5797
19.4705 29.0972 -0.592007 29.0972 647.313 -103.821 -0.592007 -103.821 54.4352
8.63074 -27.9466 -0.595549 -27.9466 568.154 6.35114 -0.595549 6.35114 24.5339
32.9501 130.346 -42.54 130.346 1171.4 -404.188 -42.54 -404.188 210.483
30.7199 -2.68736 3.36521 -2.68736 197.521 7.57764 3.36521 7.57764 111.807
127.599 91.4651 -6.87041 91.4651 274.262 -27.7009 -6.87041 -27.7009 32.8669
50.6776 -116.633 3.22832 -116.633 1296.06 -286.913 3.22832 -286.913 161.56
21.4373 18.0862 -26.6333 18.0862 258.832 -26.4749 -26.6333 -26.4749 92.2218
39.0024 54.4517 13.4972 54.4517 557.883 -71.1123 13.4972 -71.1123 55.7695
17.1969 -29.9438 4.42672 -29.9438 287.101 -8.90467 4.42672 -8.90467 49.9131
27.6409 21.5009 -9.68309 21.5009 214.763 -2.66096 -9.68309 -2.66096 70.5854
38.2571 50.7702 -10.0763 50.7702 229.643 -20.7114 -10.0763 -20.7114 37.1712
39.9043 55.5731 26.093 55.5731 348.549 23.2072 26.093 23.2072 98.7651
26.9479 11.8329 3.47204 11.8329 438.707 175.147 3.47204 175.147 113.653
16.7107 25.7792 -1.52979 25.7792 214.256 -8.82404 -1.52979 -8.82404 54.752
59.1419 -43.1761 32.4213 -43.1761 209.027 -67.0576 32.4213 -67.0576 63.5007
114.052 -308.247 -62.4941 -308.247 1225.98 215.302 -62.4941 215.302 116.811
40.237 11.9475 -10.0982 11.9475 141.002 -21.5019 -10.0982 -21.5019 45.0769
39.8645 16.7242 -3.03015 16.7242 196.643 -8.91014 -3.03015 -8.91014 28.9691
56.8196 143.078 56.517 143.078 949.723 307.742 56.517 307.742 250.269
116.569 263.946 32.1545 263.946 823.255 58.9444 32.1545 58.9444 60.1483
26.0821 65.4486 -19.0991 65.4486 1582.73 -515.809 -19.0991 -515.809 208.915
17.2253 30.8386 -17.6169 30.8386 616.375 -31.7418 -17.6169 -31.7418 43.0269
35.3379 -4.30378 10.1103 -4.30378 121.03 15.8808 10.1103 15.8808 49.9437
61.5633 -33.2184 19.1728 -33.2184 577.37 -37.6699 19.1728 -37.6699 57.215
123.338 49.9756 -23.8005 49.9756 142.862 -9.92903 -23.8005 -9.92903 53.9446
24.472 -11.4699 5.97044 -11.4699 198.98 -38.6652 5.97044 -38.6652 53.9189
27.5965 19.6303 -1.15636 19.6303 151.287 21.8688 -1.15636 21.8688 59.8619
13.1388 4.36529 -0.0828603 4.36529 375.351 89.4057 -0.0828603 89.4057 138.623
67.1565 -138.647 82.8988 -138.647 526.474 -195.246 82.8988 -195.246 175.264
22.2456 18.8109 -4.62472 18.8109 216.271 -36.9862 -4.62472 -36.9862 60.5314
13.1792 8.9545 -6.50124 8.9545 236.079 19.2295 -6.50124 19.2295 140.515
22.4014 -61.8347 -11.5011 -61.8347 837.954 233.599 -11.5011 233.599 106.453
22.7116 35.3638 7.21013 35.3638 153.704 20.0022 7.21013 20.0022 324.206
21.4485 -7.62767 24.9639 -7.62767 1139.06 104.194 24.9639 104.194 86.1273
56.688 -171.351 -25.3786 -171.351 1127.04 56.1576 -25.3786 56.1576 72.7972
65.0123 20.9818 24.1839 20.9818 242.891 61.3476 24.1839 61.3476 50.2346
36.2081 97.7407 38.0623 97.7407 1065.23 191.708 38.0623 191.708 91.9895
159.444 34.1222 -139.969 34.1222 95.9689 -35.8171 -139.969 -35.8171 201.605
13.7615 -35.5265 19.5887 -35.5265 389.007 -205.249 19.5887 -205.249 249.632
110.173 97.0551 108.187 97.0551 342.965 93.996 108.187 93.996 196.898
67.774 -113.992 -26.1743 -113.992 551.896 107.269 -26.1743 107.269 57.3793
68.9976 18.9338 20.1869 18.9338 80.9558 1.92781 20.1869 1.92781 71.5251
25.7078 -22.9082 1.34121 -22.9082 252.023 -8.98682 1.34121 -8.98682 61.2418
19.771 8.00657 3.19904 8.00657 329.613 77.0307 3.19904 77.0307 44.7414
20.3632 9.52077 -9.28658 9.52077 338.19 154.305 -9.28658 154.305 136.979
185.613 -398.458 51.4162 -398.458 1664.23 -157.044 51.4162 -157.044 46.9776
40.2471 -41.855 26.1938 -41.855 644.988 -53.1264 26.1938 -53.1264 112.964
28.4209 -7.43422 -0.563787 -7.43422 269.06 -14.0062 -0.563787 -14.0062 91.1419
27.7827 21.2359 -7.52709 21.2359 207.816 6.02039 -7.52709 6.02039 60.6102
27.0225 23.6019 14.8161 23.6019 332.236 91.4018 14.8161 91.4018 77.3713
52.6181 1.89084 -10.1053 1.89084 234.968 -72.3744 -10.1053 -72.3744 109.336
11.6643 6.10641 5.52456 6.10641 113.034 -22.7688 5.52456 -22.7688 175.98
11.6328 4.51961 -3.53923 4.51961 154.743 -51.2455 -3.53923 -51.2455 162.336
22.2107 -5.8702 -2.10376 -5.8702 263.528 -122.568 -2.10376 -122.568 175.321
24.4424 -20.3545 -13.5277 -20.3545 324.304 5.25559 -13.5277 5.25559 62.184
52.4572 27.6388 9.5473 27.6388 201.826 -19.4316 9.5473 -19.4316 59.3965
54.5217 12.0559 -1.25695 12.0559 348.04 -83.8531 -1.25695 -83.8531 87.6571
18.6337 -27.0514 -24.9818 -27.0514 214.293 236.915 -24.9818 236.915 617.103
50.7755 21.7043 25.543 21.7043 394.479 192.389 25.543 192.389 151.52
47.5028 57.3854 -17.0369 57.3854 227.121 11.144 -17.0369 11.144 53.823
24.0556 50.5487 -17.6609 50.5487 417.457 -56.4149 -17.6609 -56.4149 80.4345
34.5116 0.259818 -29.6755 0.259818 611.682 -5.91962 -29.6755 -5.91962 83.6907
24.4661 95.1476 6.89511 95.1476 1238.23 64.3049 6.89511 64.3049 125.125
20.3897 16.2134 29.2644 16.2134 265.012 -33.8937 29.2644 -33.8937 199.792
22.0128 -47.8254 -11.5383 -47.8254 488.797 13.6703 -11.5383 13.6703 70.0717
110.82 -25.0293 156.058 -25.0293 171.266 -11.5289 156.058 -11.5289 299.093
15.205 1.15206 -21.3642 1.15206 496.965 -112.858 -21.3642 -112.858 192.287
14.1229 49.8079 -15.0991 49.8079 959.772 -16.7998 -15.0991 -16.7998 114.205
23.4934 38.1022 21.9353 38.1022 620.581 -1.58056 21.9353 -1.58056 126.226
28.3573 12.8778 16.9743 12.8778 182.566 70.8374 16.9743 70.8374 108.14
33.0154 -0.838202 12.2159 -0.838202 416.247 51.2211 12.2159 51.2211 82.7978
26.3733 4.81458 19.6747 4.81458 2097.58 276.838 19.6747 276.838 103.717
19.2766 -14.407 13.3475 -14.407 149.684 -29.3371 13.3475 -29.3371 70.7556
60.6294 -49.2059 61.1982 -49.2059 137.486 -87.0909 61.1982 -87.0909 130.311
52.5468 -38.2316 -18.3211 -38.2316 503.702 10.3594 -18.3211 10.3594 35.0997
25.8881 34.9799 -9.93534 34.9799 250.828 -77.4656 -9.93534 -77.4656 94.3466
98.8328 146.115 -53.3171 146.115 393.624 -61.3724 -53.3171 -61.3724 64.0209
13.8517 -8.34572 1.55623 -8.34572 166.452 36.0315 1.55623 36.0315 64.8072
47.5082 -8.5715 -34.0648 -8.5715 207.889 -47.3698 -34.0648 -47.3698 180.063
15.6318 -27.01 -5.65701 -27.01 359.024 108.443 -5.65701 108.443 121.866
47.3846 -14.9198 -2.28812 -14.9198 282.817 1.0441 -2.28812 1.0441 28.3009
15.0382 -9.0865 -0.602998 -9.0865 266.149 20.41 -0.602998 20.41 81.4959
21.3449 11.1249 15.0838 11.1249 187.061 -17.1856 15.0838 -17.1856 121.864
21.1607 1.4216 2.71645 1.4216 109.27 41.4936 2.71645 41.4936 53.7843
13.8658 -15.5876 -5.74738 -15.5876 302.23 53.4159 -5.74738 53.4159 83.0648
29.5349 -7.11637 27.9946 -7.11637 484.56 -146.946 27.9946 -146.946 285.497
99.9641 -159.475 -73.2948 -159.475 794.446 170.857 -73.2948 170.857 163.505
29.6099 36.3905 -14.4255 36.3905 514.355 17.9602 -14.4255 17.9602 57.6609
69.0994 -17.9099 38.6555 -17.9099 140.291 -13.5211 38.6555 -13.5211 76.2274
23.5407 -3.2566 13.399 -3.2566 146.287 20.4704 13.399 20.4704 55.5253
86.7217 -113.81 -11.5267 -113.81 458.868 20.8952 -11.5267 20.8952 37.2994
43.8047 72.3648 12.1226 72.3648 699.732 -14.5916 12.1226 -14.5916 51.3982
15.5078 -9.6013 -31.6653 -9.6013 235.369 -26.405 -31.6653 -26.405 132.846
26.0055 -37.8191 -49.2132 -37.8191 291.212 133.776 -49.2132 133.776 192.368
68.185 70.9024 -10.6474 70.9024 304.626 -133.27 -10.6474 -133.27 135.855
12.329 7.95947 1.5707 7.95947 237.694 -11.5358 1.5707 -11.5358 49.131
19.956 -18.4267 -15.1657 -18.4267 366.668 151.916 -15.1657 151.916 111.623
18.7039 14.775 -8.53235 14.775 322.656 85.149 -8.53235 85.149 301.874
24.0543 9.10634 -26.2184 9.10634 252.431 18.1678 -26.2184 18.1678 76.204
26.9806 34.6061 -20.7074 34.6061 262.468 -16.2068 -20.7074 -16.2068 60.3626
45.5682 42.0501 20.324 42.0501 301.205 20.4607 20.324 20.4607 33.6376
32.6991 45.1354 -9.9631 45.1354 451.031 -3.49626 -9.9631 -3.49626 79.0329
23.5534 24.8582 1.43336 24.8582 250.041 -24.2124 1.43336 -24.2124 68.8774
31.4496 18.5665 -13.5883 18.5665 208.013 10.9225 -13.5883 10.9225 24.9633
36.6689 24.6834 2.44978 24.6834 419.422 122.414 2.44978 122.414 64.9408
38.5194 -9.14683 7.11618 -9.14683 293.542 43.1529 7.11618 43.1529 39.7341
11.1538 -18.1623 11.748 -18.1623 325.381 -50.3046 11.748 -50.3046 78.9279
35.2861 16.7168 14.3941 16.7168 183.138 -2.56079 14.3941 -2.56079 53.0041
48.9123 45.5766 -3.9608 45.5766 198.57 19.5157 -3.9608 19.5157 40.5894
36.9606 48.0579 -14.4364 48.0579 359.95 -33.9017 -14.4364 -33.9017 93.9575
55.7316 -52.7938 -18.5611 -52.7938 890.609 -10.9734 -18.5611 -10.9734 50.0536
61.7617 12.1808 -23.1376 12.1808 230.262 -53.4575 -23.1376 -53.4575 58.4717
21.6611 -19.0406 15.6491 -19.0406 295.282 -39.2648 15.6491 -39.2648 40.7576
25.6062 -15.4927 9.61611 -15.4927 132.633 1.54374 9.61611 1.54374 32.5175
88.9961 -271.632 22.3211 -271.632 1558.86 -300.714 22.3211 -300.714 192.523
18.8567 -17.8711 -6.0296 -17.8711 183.981 -12.949 -6.0296 -12.949 68.6263
18.0117 9.5108 8.0625 9.5108 505.083 52.8466 8.0625 52.8466 76.5073
33.4761 -10.2297 -31.958 -10.2297 148.095 10.316 -31.958 10.316 95.1989
49.6669 17.9911 -46.0439 17.9911 119.975 -6.08049 -46.0439 -6.08049 98.7788
31.6413 61.7118 14.1044 61.7118 773.228 227.894 14.1044 227.894 124.96
30.145 27.4063 1.87293 27.4063 211.348 -25.9551 1.87293 -25.9551 62.1613
73.5923 19.4727 -11.0136 19.4727 295.369 37.6324 -11.0136 37.6324 108.557
27.3103 -16.4957 -3.63676 -16.4957 119.666 -4.73064 -3.63676 -4.73064 38.6113
19.9469 12.9601 1.99123 12.9601 329.92 5.13913 1.99123 5.13913 76.3359
29.9953 -71.0269 0.971385 -71.0269 497.461 48.238 0.971385 48.238 47.6664
16.466 -24.9093 9.09678 -24.9093 496.123 -135.453 9.09678 -135.453 85.6314
34.7474 -44.6998 -45.1972 -44.6998 235.233 89.8029 -45.1972 89.8029 126.681
39.548 -27.0114 -26.6054 -27.0114 217.526 47.0077 -26.6054 47.0077 61.3875
26.477 19.5827 17.4942 19.5827 458.234 -11.1172 17.4942 -11.1172 93.3349
15.9593 -25.8164 -19.2087 -25.8164 713.228 -90.2231 -19.2087 -90.2231 122.693
nan nan nan nan nan nan nan nan nan
nan nan nan nan nan nan nan nan nan
nan nan nan nan nan nan nan nan nan
nan nan nan nan nan nan nan nan nan
nan nan nan nan nan nan nan nan nan
nan nan nan nan nan nan nan nan nan
nan nan nan nan nan nan nan nan nan
nan nan nan nan nan nan nan nan nan
nan nan nan nan nan nan nan nan nan
nan nan nan nan nan nan nan nan nan
nan nan nan nan nan nan nan nan nan
nan nan nan nan nan nan nan nan nan
nan nan nan nan nan nan nan nan nan
nan nan nan nan nan nan nan nan nan
nan nan nan nan nan nan nan nan nan
nan nan nan nan nan nan nan nan nan
nan nan nan nan nan nan nan nan nan
nan nan nan nan nan nan nan nan nan
nan nan nan nan nan nan nan nan nan
nan nan nan nan nan nan nan nan nan
nan nan nan nan nan nan nan nan nan
nan nan nan nan nan nan nan nan nan
