0.442574 0.745156
0.438835 0.721335
0.435238 0.604266
0.428704 0.420087
0.428182 0.420087
0.427434 0.420087
0.427826 0.398152
0.426271 0.333359
0.424167 0.290812
0.426829 0.353691
0.4248 0.291721
0.425781 0.312085
0.426154 0.312085
0.425564 0.312085
0.425185 0.273005
0.42971 0.330852
0.432143 0.445045
0.430769 0.445045
0.429655 0.370827
0.431081 0.389153
0.431333 0.407257
0.427451 0.282043
0.427742 0.29972
0.429747 0.35214
0.43 0.35214
0.428221 0.249656
0.429697 0.334116
0.432738 0.400948
0.429412 0.318305
0.428902 0.301951
0.430857 0.3505
0.429213 0.286434
0.43 0.318142
0.429508 0.271057
0.43027 0.317676
0.429787 0.2869
0.431579 0.34786
0.429534 0.31767
0.429231 0.272809
0.429798 0.272809
0.43 0.287489
