-0.47101 0.103522 -5.53905
2.83764 3.43292 3.05149
-1.62231 -1.30057 -6.88783
3.81376 17.7886 -0.067254
1.93108 16.612 -11.156
7.18683 25.8211 -1.84547
0.356431 3.84282 -1.87701
1.2015 6.12013 -9.09668
4.85807 -35.557 1.30713
4.52145 7.49672 -8.69375
0.361104 -3.74366 -3.1489
7.33546 -0.470617 -5.13804
5.08228 -20.3916 2.36753
-6.74589 20.3043 -1.61778
1.01566 0.00907677 -9.81636
3.63351 -11.9881 -6.18541
4.12069 7.7261 -7.67623
2.42734 -7.55084 -2.1259
3.31293 18.3252 -5.14117
-0.178152 10.2948 -2.7864
-0.378687 4.36901 -0.248856
2.53911 6.26275 -14.7466
0.975304 4.7972 -9.96176
6.39746 -26.692 0.190474
4.29643 -2.92971 -0.736888
2.44304 17.32 -9.64207
-3.36421 -1.87813 -1.08282
1.66047 -5.67781 -3.84624
1.14801 -7.50256 -0.162824
0.604101 25.0349 -3.63442
-1.38792 15.4881 1.53537
4.07211 12.0496 -8.97762
8.82367 -5.78931 5.42186
3.56398 -2.51626 4.95125
0.389319 9.109 -8.27135
-7.25357 -12.9948 1.5749
0.231546 -1.69932 -0.915354
8.92875 4.67539 1.75088
-1.31192 17.9299 -1.33249
-4.11772 -24.9562 1.98387
3.79037 4.20268 -0.498713
4.12922 17.3915 -1.75389
-4.28606 -21.5637 -6.23641
1.1242 9.14999 -9.44817
-1.57439 0.0437714 -3.54961
3.67783 -1.44585 -0.0760481
-6.42103 9.69319 9.1379
-2.06243 -3.83064 7.16653
-2.39509 14.1199 -2.50329
-4.94159 2.38183 -6.10828
-3.65255 -5.97828 -8.2025
3.18294 6.62911 0.683528
4.64137 5.27767 -8.04962
-0.729995 3.03199 0.694708
0.850462 1.52744 1.82374
2.52801 12.4449 -3.65111
0.792248 1.35819 -8.94892
6.83982 -6.53685 -3.96318
1.83049 3.4676 -2.98835
3.11582 -9.8742 5.31199
2.535 -10.1902 -0.785158
2.11528 11.4319 3.74235
1.59094 -12.9218 -5.67568
-2.2117 13.5777 -4.28793
-2.04424 -21.0173 -9.50497
1.08449 -5.26347 -3.11302
5.36362 14.2705 -12.4827
6.25861 -4.67066 2.86994
2.12943 -1.11292 -3.3678
8.02575 6.47052 0.767333
0.70696 2.75928 2.68819
3.9904 12.2978 10.1923
1.44836 -1.19861 -3.16423
7.88959 10.5463 -11.0205
3.15261 8.83335 -4.00781
4.40696 14.5799 -0.397997
-6.40703 0.512205 -6.38844
0.775064 -14.4361 -0.97936
-0.985535 5.95257 -6.45901
1.45975 -14.7323 -0.00878271
4.22229 -1.22516 7.67712
2.06931 2.26802 -7.25903
-0.280667 -8.20059 5.56396
-8.02383 9.61651 -5.15049
6.79264 2.43603 7.7884
5.92466 15.8546 -4.66641
1.99306 -3.04273 -4.0381
0.629918 7.42015 -0.900348
7.97338 11.4986 -1.04503
0.837445 10.9404 0.368087
3.37002 1.72377 -3.60275
-0.686777 7.80446 -2.38443
0.261619 6.56398 0.192937
3.52255 2.28351 -6.66704
-1.27357 15.3361 -7.21862
5.63796 0.0251505 -3.39599
-0.0997701 -0.449796 -1.92851
-1.44436 -7.41503 -9.31894
1.95779 -2.87252 -0.0111573
0.744754 -15.7405 -1.85068
5.06674 12.4867 2.97348
3.47187 -10.5548 -3.10052
4.35521 19.3564 6.98686
6.00701 9.6042 -1.68965
3.09741 10.8967 -1.13548
-4.02447 -3.85486 -7.35708
4.24064 9.71185 -2.12849
3.11632 -1.69316 -4.94669
2.94819 8.74482 4.46508
-0.00816675 4.70089 -0.262588
2.0606 -6.10672 3.2177
8.23745 -8.64733 7.76481
-3.16047 -20.6184 -1.08846
6.06593 11.862 -2.2663
-2.69167 -20.1476 -1.14334
1.2268 -0.806182 -3.26963
7.99892 -1.17985 4.71149
-1.74999 -11.6533 -0.214995
3.43264 1.02155 -8.71544
-0.630487 -5.88169 -0.165883
-3.26978 23.4034 -9.31124
-0.570062 -5.67669 10.8425
8.96892 2.34974 -7.52456
-3.68887 23.5401 0.959355
-0.153031 6.31503 -5.42737
0.139358 -6.22771 -7.53547
-1.38334 -7.64806 -3.7224
2.65132 8.5885 -2.23686
-4.52811 0.933212 6.69279
-1.16663 1.89209 -4.30659
6.8905 -5.81384 -5.93837
0.978432 -5.88716 2.41456
4.30916 17.5197 7.43192
3.8927 -1.48865 0.0502981
5.31883 11.2638 4.07972
-4.54118 -0.960022 11.6394
2.551 15.2826 -10.7852
-0.254694 -4.26763 -3.25753
-2.95853 -2.67289 2.77802
2.09885 5.41466 -3.20213
-0.0202568 5.02029 -0.346592
4.46896 1.73358 2.99989
-2.71923 -9.40125 -2.97334
2.96643 8.65001 -0.991638
-10.4245 5.76059 11.8505
-1.23429 -4.92571 5.36168
-1.23061 8.11835 3.84872
1.63377 -10.5244 3.05741
1.46363 -20.5311 -11.1588
3.44419 14.1848 -1.30748
-0.968735 0.570078 -2.93846
-3.86653 -1.62496 -10.161
2.76679 -5.81755 -2.08756
3.28164 -1.39978 1.0568
0.36647 9.59973 -2.79286
-0.637995 1.16041 -0.438991
5.01004 -7.96222 2.23777
-2.90944 -5.87873 5.85684
4.30667 -0.312366 0.954247
3.58891 22.2189 11.5596
-1.61941 -4.9722 -0.547763
-7.38135 10.8507 -8.1078
3.15041 -3.44804 -2.77486
7.13021 -4.90807 -1.82211
0.336622 6.51016 -5.02871
0.668131 5.50827 5.47153
-1.28512 -3.82436 2.9805
6.40783 4.70957 -5.31692
0.733862 1.17359 -4.03142
1.66574 -6.9701 -3.30961
0.719457 -7.2411 -3.82808
3.79089 6.63046 7.47741
0.110049 -1.28412 -6.10203
-3.56807 -6.86163 -7.52889
2.25846 -0.635236 3.55392
3.70414 -5.98139 -3.61997
2.14764 -1.31311 -4.28652
0.702155 24.0489 -4.63188
-0.061885 -1.05865 4.74344
2.6763 -12.3822 -2.23572
4.39688 4.87798 -8.6163
-0.680658 8.69463 4.8664
-1.95539 -1.46335 -2.26467
-1.99649 7.73361 1.80667
-1.36107 1.02662 6.0708
6.56098 8.54067 -0.634758
-1.18424 -9.87171 0.0703426
1.08887 -0.917875 -8.2762
1.58344 -6.89771 5.95128
-3.68978 -2.34125 0.733068
-0.0509533 -9.67558 -0.928042
-4.32514 7.04506 12.0948
0.681856 3.61786 -0.825775
-2.08802 12.8719 -4.40755
-1.47386 14.3873 3.92107
4.46174 13.3112 -2.4359
-2.00336 -14.9776 13.0669
-2.339 11.8626 -2.23334
5.47465 -0.776017 2.01724
8.5761 13.7154 -2.02236
1.62192 -1.19417 6.75873
-2.42367 2.25655 -1.30057
3.05285 8.67895 4.73718
1.12588 3.74028 -2.06573
2.46723 3.91422 -8.14012
1.11063 7.12934 4.04508
-2.61323 -1.70515 -1.84028
4.58505 9.12307 2.5074
4.32215 -6.47877 -1.04359
-0.224391 -11.8922 -0.140766
1.18725 -5.07404 -2.00589
3.38078 -1.54855 -2.35971
6.20834 -2.65072 -2.47564
7.32111 9.26584 -10.5772
0.0158693 -8.10635 -2.83515
4.00475 5.92313 -6.75986
-0.530094 12.0784 2.6856
-0.157065 1.28797 -2.88692
7.33935 8.5551 5.30894
2.33341 11.2215 -8.45543
6.49028 0.755228 4.67574
5.85995 -6.17501 1.00269
7.44482 -9.21854 6.36273
7.70894 -17.6511 2.38793
0.866889 -3.91336 8.25412
-0.805973 5.87545 -5.19465
-2.36183 2.01548 -1.76749
2.30116 -10.7616 -3.71725
3.84222 -15.8208 -8.46431
2.65411 -7.23155 2.91679
3.73388 -2.10931 -3.35171
1.30625 -3.71178 -4.41427
2.65174 1.88965 -5.68285
3.659 -8.72799 -0.205234
1.83777 -16.3434 -0.845075
1.45276 -11.5767 8.67856
-1.55435 0.296765 -1.52081
-0.49135 6.12424 -10.0326
-0.986101 -0.209686 -3.05413
9.05658 0.304449 -0.792904
-1.58247 -21.0775 -0.784884
4.56853 -7.6971 -5.04281
2.51412 -9.24363 -1.97496
0.578823 12.4932 -2.91279
2.26849 -1.79176 4.73341
1.88518 -4.79565 4.44993
5.79522 -13.446 3.26425
-1.98159 -6.03936 -0.283649
-0.317184 -3.3132 3.8822
2.34541 -13.9315 -9.96344
3.47194 2.01076 -5.18565
0.0305593 4.92132 -2.22876
2.1836 -15.1213 -3.8242
2.95842 11.8074 -0.391206
-2.05023 5.38346 -3.75421
9.60318 -10.4879 7.07517
1.21104 -10.669 -6.08939
4.12454 2.54477 5.22788
5.017 9.77153 -4.77437
-5.99845 -15.4626 -5.10278
2.0381 -1.18976 3.74753
1.55753 12.3902 -8.32636
5.48359 5.0582 -8.37946
0.928116 5.19188 3.69662
-4.30328 12.5354 3.39954
2.53444 10.3216 -8.13623
1.75239 4.04882 -1.85447
-1.67028 -18.9876 -5.1091
4.54972 -5.38419 -0.705481
1.14563 12.4101 -2.7933
4.58416 6.70215 -2.33252
5.27104 -6.78641 -3.14214
-1.04988 10.5776 0.205062
-1.06588 -7.14586 -5.74119
5.75718 15.5243 1.69333
5.06783 -1.86444 2.5275
-3.46875 -10.3856 -6.68473
0.334593 2.49456 0.6471
3.94629 4.06531 5.07735
-0.167453 -0.960632 0.373323
1.12571 -7.5778 -10.735
-1.75749 -3.45611 -3.59522
5.92549 -1.52119 -3.71763
-0.173268 -0.494921 -1.58932
-0.838466 12.6664 1.94643
3.58529 -6.25238 -6.12856
0.944377 -7.21618 -4.2579
1.39442 -5.10885 -5.44894
1.49869 13.7658 2.75272
-1.50458 -3.91444 2.05449
8.3248 2.69307 1.76937
2.0135 -8.13441 -2.5244
-3.92157 0.685741 -4.52539
7.76804 2.01811 0.465137
6.50174 15.4979 -6.25677
-0.453778 11.1907 -0.998936
-0.451331 -6.24762 -0.00351456
-1.23587 -0.449966 -11.8308
-2.49462 3.46948 1.9191
2.79612 19.4567 7.93156
0.614064 8.75086 -5.99211
-3.14475 -12.0156 -0.984192
9.28138 -16.4724 -3.52189
0.32419 7.15269 5.07839
9.24868 9.91885 12.4737
5.6464 11.3518 -2.80501
4.13984 15.0819 7.28391
-0.441185 5.83577 -8.24007
-0.925306 -5.01277 -3.85435
1.95502 23.0657 5.31196
0.241604 2.71385 -1.28622
3.88676 26.8114 6.76789
-0.560092 19.4497 0.764977
0.75466 14.2722 -3.96005
4.06773 0.208098 6.86405
7.56783 -11.1592 -10.9586
6.0949 6.27943 -9.35275
3.37635 7.75683 -6.2414
2.26178 0.177859 1.53477
-1.9238 16.4909 0.259481
-0.0913568 3.54202 -0.770847
2.82985 11.4229 -4.28919
3.72256 3.74343 -6.1355
4.63776 8.88422 -1.30678
5.19675 2.40305 -2.71771
-0.535792 5.05897 -6.5847
4.1138 -9.48326 -8.36604
-0.804263 29.3762 0.802787
3.38382 -0.668221 0.460593
-5.17768 4.04915 -6.16614
6.52749 13.962 -1.7655
6.05048 11.7323 -0.356718
1.51851 8.31489 -1.69906
1.46514 9.9853 0.452468
1.30868 11.5484 -9.4791
-0.602617 10.7009 -10.9655
-2.18632 1.10615 1.36815
2.51523 0.654074 -4.36869
-3.1826 -14.9743 -4.29079
-0.249629 -1.17658 -1.23936
-0.69665 3.52031 -4.24492
1.9109 -8.81019 -4.77966
2.36952 1.50915 -3.93617
-0.326337 3.33809 -5.22332
5.09597 3.05976 -0.624174
5.3725 -3.42628 -3.0158
-2.64796 -11.4997 -1.56543
0.935197 13.92 -4.39685
-1.37458 -1.85342 4.03798
-1.00349 3.64797 -3.47441
-1.61928 -16.2018 0.777702
3.92493 -8.75128 -5.19928
3.79803 13.8961 -2.8139
-2.43695 -6.05005 -1.23568
-2.22268 -6.45448 -2.56638
2.47276 3.21624 -7.53069
1.69332 1.1256 -5.83352
0.767726 -12.2798 -11.7328
5.41665 -0.459989 -4.28411
-0.566255 -8.89285 0.0706743
2.50133 7.31554 -3.36535
-1.54651 -4.85581 -2.31413
0.648284 -0.819062 -3.43025
0.0425019 -7.45859 1.25111
2.00247 -4.91898 -0.261971
3.61298 -8.37279 0.782984
4.18494 0.185809 -5.92444
-3.51983 -11.822 -1.46669
5.31024 -7.04002 -1.01259
1.51602 7.059 6.95623
4.10688 23.8524 -7.22613
nan nan nan
nan nan nan
nan nan nan
nan nan nan
nan nan nan
nan nan nan
nan nan nan
nan nan nan
nan nan nan
nan nan nan
nan nan nan
nan nan nan
nan nan nan
nan nan nan
nan nan nan
nan nan nan
nan nan nan
nan nan nan
nan nan nan
nan nan nan
nan nan nan
nan nan nan
