0.250436
0.21359
0.0833494
0.203548
0.123301
0.123301
0.13309
0.16135
0.242172
0.249312
0.132557
0.192999
0.259762
0.2504
0.0921186
0.222926
0.307932
0.0598408
0.186631
0.11901
0.107642
0.38577
0.118116
0.124892
0.0881795
0.257373
0.0275422
0.0788408
0.357857
0.15039
0.430726
0.159155
0.414756
0.223102
0.162082
0.0791632
0.0892124
0.440731
0.0926421
0.48946
0.331412
0.115655
0.0117404
0.514403
0.238021
0.302782
0.139528
0.360673
0.092198
0.136128
0.143907
0.0251061
0.211254
0.136047
0.0671358
0.232957
0.295848
0.181947
0.201006
0.201408
0.0561911
0.101227
0.262769
0.0542093
0.928466
0.0821056
0.080136
0.0607344
0.0619737
0.131519
0.0132059
0.0884151
0.134099
0.117849
0.552235
0.0473874
0.0329384
0.0663706
0.0452119
0.132505
0.0718214
0.0761372
0.0766086
0.0866829
0.189641
0.0813541
0.150274
0.368784
0.315072
0.0568904
0.0686546
0.0282092
0.0765071
0.142773
0.359717
0.358346
0.153992
0.250237
0.235506
0.377811
