6.06584
4.93909
5.25499
3.5626
5.0997
4.67801
3.93855
4.81661
4.02214
4.23174
3.67016
4.02952
4.15864
5.46143
6.30241
4.14555
4.97283
4.84519
3.90937
3.66104
6.91514
4.61493
4.85046
4.8633
5.34064
6.02482
6.99798
4.82584
6.52679
5.20903
5.64806
4.15319
5.85524
4.47814
5.28088
4.4596
5.41681
5.54464
6.10624
4.20223
6.28927
4.02088
4.96655
3.70877
4.1108
4.91972
5.09228
5.50013
3.51467
5.05961
3.46108
4.80353
3.86631
3.57086
3.71605
4.46349
4.60418
4.79277
4.3932
4.10641
8.51051
4.46821
5.08621
5.65595
5.71719
4.23913
4.01475
4.67791
6.3361
4.15884
5.20798
4.11808
4.48297
4.2351
3.98181
6.7526
4.66022
4.47842
5.09405
3.29281
5.20583
8.44371
6.46039
5.06988
6.02569
5.50493
8.27604
7.35655
4.5361
4.53039
5.34782
3.64975
5.38452
5.05576
5.41645
3.32068
5.17251
4.62264
4.98177
4.70618
4.01152
3.96334
5.30753
3.33204
3.82494
6.15084
4.02601
3.22804
6.78649
4.02629
3.93178
3.65053
3.34772
3.73693
4.40192
5.27166
3.62812
3.21926
6.13557
4.88377
3.45299
4.3682
5.21232
4.94081
5.27167
4.44315
3.99925
5.94592
4.02133
4.68338
4.10557
4.13022
3.95042
4.16021
4.03845
4.18758
5.38294
4.09827
6.13411
5.28575
4.47063
3.57434
4.8955
4.57025
5.2327
4.69152
4.91858
4.77772
6.47692
4.70271
4.16209
3.75563
5.69438
4.4695
4.50698
3.54635
5.13059
3.73693
3.98454
4.15968
3.99146
5.31014
4.08912
4.5942
4.43785
4.43785
3.62224
4.10129
4.17889
3.46651
6.78434
3.43148
4.07615
4.15838
4.2722
4.2722
4.37482
4.74906
3.82955
5.0523
5.11516
4.13156
5.5134
4.99514
5.12442
5.39507
3.92766
4.36113
5.28004
5.11553
4.7162
6.08999
3.41908
5.46684
6.20763
4.19183
4.75466
6.14442
5.20782
3.66905
3.74127
3.90037
5.40125
5.47355
3.59215
4.77139
5.60414
4.02744
4.38152
3.93081
5.31795
5.89179
5.10706
4.19717
5.64578
5.11002
3.74011
4.41099
5.17045
3.91007
5.1729
4.82918
4.30524
4.61663
4.61663
4.99549
3.69695
4.6917
5.10154
4.40006
4.45135
4.72507
4.56866
6.41726
8.67276
5.13818
3.87599
3.5744
3.60371
4.06206
5.06476
4.793
3.65455
4.68443
3.70613
4.99253
4.8032
4.04414
4.50953
4.58984
4.0948
3.27273
5.19535
4.71353
4.77617
4.19606
4.08267
3.67232
4.3652
4.87667
6.48866
4.25119
3.65554
4.92986
4.51943
4.61648
6.18764
5.43814
4.31376
3.57808
4.60842
6.29308
6.3947
4.20704
6.7068
3.91462
3.79159
4.10713
4.38025
4.71479
5.19507
4.46307
4.93133
6.69587
3.77928
5.77547
3.27892
4.8074
4.45868
7.52436
3.51124
3.76003
3.87598
4.12417
3.92816
5.59533
3.5282
5.05755
5.02002
7.19042
6.21945
3.7091
4.75307
4.99274
5.37895
5.022
6.14084
3.83101
4.31948
5.01038
4.76208
4.7532
5.58131
3.40695
3.99022
5.14216
4.83165
4.35894
5.15613
4.67052
4.55535
4.45402
4.8258
5.00037
4.2227
4.97316
3.46916
4.62508
6.1808
4.4235
3.57291
4.54942
4.91309
5.15848
5.68835
4.15436
4.52074
5.88804
4.00216
3.61157
4.57428
4.28675
4.66158
4.46269
3.48368
3.70198
4.39807
6.41554
5.79173
4.31566
4.88633
4.33525
5.70844
6.46755
4.08034
3.43001
4.67513
7.62988
5.69074
3.24954
3.24954
3.24977
3.24977
3.26998
3.08737
3.08737
3.17975
3.13852
3.13852
3.13852
3.09643
3.09643
3.09643
3.09643
3.09643
3.09643
3.09643
3.09643
3.09643
3.09643
3.09643
3.09643
3.09643
3.09643
3.09643
3.09643
3.09643
3.09643
3.09643
3.09643
3.09643
3.09643
3.09643
