-43924.8 -40627.8 -3296.98
-43933.6 -40594.7 -3338.93
-43956.7 -40612.9 -3343.73
-43915.3 -40595 -3320.33
-43957.5 -40585 -3372.44
-43918.9 -40591.8 -3327.17
-43933.9 -40581.6 -3352.29
-43941 -40587 -3353.95
-43972 -40609.3 -3362.77
-43964.8 -40610.3 -3354.52
-43913.5 -40596.6 -3316.98
-43925.4 -40621.8 -3303.61
-43890 -40620.3 -3269.69
-43867.3 -40582.3 -3285.03
-43844.6 -40606.7 -3237.91
-43892.7 -40629 -3263.64
inf -40632.5 inf
-43882.1 -40624.9 -3257.14
-43903 -40621.8 -3281.21
-43923.8 -40624.2 -3299.58
-43933.7 -40635.3 -3298.34
-43949.8 -40624.8 -3325
-43931.3 -40614 -3317.27
-43926.8 -40590 -3336.78
-43970.8 -40593.7 -3377.12
-44006.9 -40611 -3395.88
-43966 -40604.9 -3361.12
-43953.6 -40580.4 -3373.19
-43984.5 -40574.9 -3409.66
-44043.1 -40603.6 -3439.47
-44014.8 -40591.6 -3423.16
-44024.3 -40598.7 -3425.63
-43982.3 -40569.5 -3412.8
-43992.2 -40595.1 -3397.04
-43969.9 -40597.7 -3372.19
-43951.3 -40599 -3352.35
-43996.6 -40625.2 -3371.43
-43942.7 -40580.1 -3362.63
-43960.2 -40608.3 -3351.89
-43935.3 -40611.6 -3323.65
-43884.6 -40576.2 -3308.39
-43900.2 -40586.6 -3313.65
-43922.9 -40614.1 -3308.84
-43878.7 -40593.8 -3284.81
-43885.8 -40596.6 -3289.26
-43870.2 -40618.5 -3251.68
-43886.5 -40617 -3269.57
-43930.4 -40611.5 -3318.98
-43942.8 -40603 -3339.79
-43939.4 -40597 -3342.39
-43990.9 -40620.4 -3370.5
-43949.2 -40599.4 -3349.88
-43979.6 -40596.6 -3383.05
-43979.2 -40612.4 -3366.79
-43918.8 -40591.4 -3327.36
-43892.3 -40579.2 -3313.11
-43857.5 -40570.3 -3287.24
-43892.6 -40579.6 -3313.01
-43924.4 -40596.9 -3327.42
-43915.9 -40599.8 -3316.07
-43893.9 -40575.7 -3318.17
-43940.2 -40578.6 -3361.58
-43938.2 -40589.3 -3348.87
-43931.6 -40581.8 -3349.87
-43907.7 -40572.9 -3334.75
-43946.1 -40590.3 -3355.83
-43991.6 -40601.6 -3389.99
-43970.3 -40577.8 -3392.57
-43992.6 -40573 -3419.53
-44027.6 -40586.7 -3440.97
-44030 -40614.1 -3415.88
-44053.2 -40606.5 -3446.7
-43979.3 -40599 -3380.29
-44036.6 -40602.2 -3434.39
-44054.7 -40612.9 -3441.76
-44023.7 -40601.5 -3422.2
-43997.2 -40592.9 -3404.32
-44028.5 -40583.9 -3444.56
-44080.9 -40591.8 -3489.06
-44123.7 -40608.8 -3514.89
-44087.5 -40587 -3500.46
-44063.7 -40575 -3488.64
-44067.9 -40579.7 -3488.13
-44030.4 -40575.2 -3455.17
inf -40592.7 inf
-44096.4 -40613.4 -3483.01
-44069.6 -40589.6 -3479.93
-44037.6 -40581.4 -3456.17
-44078.3 -40606.9 -3471.38
-44038.1 -40593.8 -3444.3
-44037.3 -40587.1 -3450.11
-44020.6 -40582.8 -3437.77
-44007.2 -40611 -3396.21
-43998.6 -40628.4 -3370.24
-43993.4 -40604.5 -3388.81
-44025.9 -40596.3 -3429.59
-44056 -40597.4 -3458.6
nan -40578.2 nan
-44028.2 -40590 -3438.23
inf -40600.9 inf
-44039.5 -40602.5 -3436.92
-44053.8 -40611.5 -3442.33
-43996.7 -40590.9 -3405.73
-43963.1 -40601.9 -3361.25
-43972.1 -40609.2 -3362.88
-43980.8 -40617.2 -3363.55
-43966.4 -40618.3 -3348.09
-43931.8 -40603 -3328.78
-43973.6 -40622 -3351.64
-43951.6 -40580.7 -3370.91
-43952.8 -40596.8 -3355.99
-43917.6 -40608.1 -3309.54
-43987.8 -40608.2 -3379.64
-43999 -40620 -3379.04
-44006.8 -40615.7 -3391.13
-43959.5 -40591.1 -3368.47
-43980.1 -40587.6 -3392.47
-43992.4 -40596 -3396.43
-44031.6 -40596.4 -3435.16
-44020.9 -40604 -3416.85
-43996.3 -40606 -3390.3
-43964.7 -40590.5 -3374.22
-43986.3 -40606.4 -3379.92
-43975.7 -40608 -3367.68
-44002.2 -40617.3 -3384.93
-43967.1 -40616.9 -3350.21
-43947.1 -40595.4 -3351.72
-43975.6 -40599.4 -3376.18
-43918.2 -40572.9 -3345.36
-43957.7 -40598.6 -3359.06
-43942.1 -40610.6 -3331.5
-43887.8 -40600.1 -3287.72
-43929.7 -40611.7 -3317.99
-43917.9 -40605 -3312.88
-43916.3 -40579.6 -3336.69
-43941.4 -40611.3 -3330.1
-43982.7 -40630.8 -3351.93
-43967.8 -40625.4 -3342.44
-43871.8 -40587.6 -3284.19
-43927.7 -40607 -3320.77
-43868.6 -40591.2 -3277.48
-43889.5 -40614.3 -3275.21
-43874.5 -40603.5 -3270.99
-43878 -40621.8 -3256.29
-43887.8 -40609.7 -3278.12
-43878.1 -40606 -3272.1
-43840.7 -40605.8 -3234.92
-43829.9 -40605.3 -3224.62
-43824.4 -40614.4 -3210.04
-43816.4 -40618.6 -3197.83
-43852 -40626.7 -3225.34
-43884.6 -40617.3 -3267.27
-43829.5 -40582.7 -3246.74
-43838.8 -40605.5 -3233.29
-43856.3 -40634 -3222.3
-43830.6 -40614.4 -3216.19
-43841.3 -40611.6 -3229.67
-43886.3 -40608.8 -3277.51
-43909.1 -40595 -3314.07
-43900.3 -40608 -3292.37
-43875.3 -40603.1 -3272.19
-43960 -40652.6 -3307.43
-43872.8 -40618.8 -3254.05
-43824.8 -40603.1 -3221.63
-43844.8 -40600.2 -3244.66
-43879.8 -40610.6 -3269.18
-43908.2 -40640.4 -3267.86
-43912.9 -40619.2 -3293.74
-43846.1 -40610.7 -3235.4
-43843.5 -40610 -3233.49
-43862.5 -40608.4 -3254.12
-43783 -40602.6 -3180.39
-43751.8 -40589.4 -3162.33
-43778.7 -40614.8 -3163.86
-43807.4 -40598.1 -3209.35
-43813.7 -40610.3 -3203.41
-43841.2 -40614.2 -3227.01
-43832.7 -40607.8 -3224.91
-43858.7 -40587.7 -3271.01
-43886.7 -40596.2 -3290.42
-43834.5 -40589.6 -3244.89
-43905.3 -40582.5 -3322.78
-43930.3 -40588.2 -3342.19
-43922.3 -40593.8 -3328.46
-43908.7 -40593.1 -3315.64
-43866.1 -40589 -3277.11
-43848.7 -40582.2 -3266.47
-43861.4 -40572.7 -3288.69
-43834.8 -40576.1 -3258.69
-43838.9 -40591.8 -3247.13
-43842.8 -40587.7 -3255.14
-43875.6 -40606.4 -3269.2
-43878.4 -40581.3 -3297.11
-43907.7 -40599.5 -3308.22
-43983.2 -40612 -3371.22
-43942.1 -40605.8 -3336.26
-43920.6 -40602.7 -3317.88
inf -40587.8 inf
-43919.2 -40615.3 -3303.9
-43944 -40600.3 -3343.71
-43915.2 -40588.4 -3326.81
-43872.9 -40600.7 -3272.19
-43885.8 -40594.1 -3291.69
-43868.2 -40602.8 -3265.39
-43929.9 -40599.8 -3330.11
-43985.7 -40599.9 -3385.81
-43950.3 -40588.1 -3362.16
-43989.5 -40625.4 -3364.16
-43966.8 -40608.2 -3358.55
-43947.1 -40624.4 -3322.71
-43945.6 -40586.5 -3359.12
-43934.7 -40588.5 -3346.22
-43962.6 -40589.1 -3373.45
-43963.9 -40580.6 -3383.29
-43972.8 -40586.4 -3386.48
-43956.1 -40591.7 -3364.44
-43994.5 -40614.9 -3379.66
-43940.4 -40589.8 -3350.57
-43992.1 -40591.9 -3400.22
-44048.8 -40625.4 -3423.43
-44032.8 -40603.8 -3428.99
-44026.7 -40599.7 -3426.96
-44007.1 -40592.9 -3414.24
-43997.4 -40601.5 -3395.87
-43997.8 -40601.3 -3396.47
-43985.1 -40602.5 -3382.63
-43960.8 -40594.9 -3365.85
-43950.1 -40591.2 -3358.83
-43960 -40592.7 -3367.25
-43996.4 -40595.1 -3401.36
-43954.7 -40583.7 -3371
-43945.1 -40596.5 -3348.64
-43857.6 -40576.4 -3281.21
-43904.7 -40586.9 -3317.82
-43898.5 -40578.1 -3320.46
-43910.7 -40590.3 -3320.44
-43883.5 -40602.4 -3281.16
-43865.6 -40609.6 -3256
-43856.2 -40597.5 -3258.76
-43877.8 -40605 -3272.74
inf -40612.7 inf
inf -40611.2 inf
-43924.8 -40601.7 -3323.11
-43893 -40609.8 -3283.21
-43897.7 -40590.5 -3307.17
-43908.9 -40592.4 -3316.47
-43918 -40615.7 -3302.3
-43942.1 -40619.8 -3322.31
-43953.4 -40633.6 -3319.81
-43989.2 -40640.2 -3349
-44030.9 -40639.7 -3391.21
-43948.5 -40594.6 -3353.84
-43907.9 -40588.1 -3319.8
-43971.2 -40637.3 -3333.9
-43932.8 -40607.2 -3325.65
-43972 -40593.5 -3378.47
-44002.8 -40606.4 -3396.42
-44046.7 -40614.5 -3432.24
-44023.8 -40615.9 -3407.9
-43980.4 -40594.3 -3386.17
-43948.8 -40602.8 -3346.05
-43940 -40590.4 -3349.59
-43911.3 -40595.8 -3315.52
-43893.7 -40604.3 -3289.43
-43943.5 -40597.3 -3346.17
-43927.9 -40589.2 -3338.65
-43893.6 -40570.5 -3323.06
-43909 -40581.8 -3327.2
-43927.3 -40592.4 -3334.9
-43947.2 -40591.9 -3355.37
-43947.1 -40593.2 -3353.9
-43936 -40590.3 -3345.62
-43913.9 -40589.6 -3324.29
-43899.7 -40609.4 -3290.26
-43894.7 -40603.7 -3290.99
-43893.2 -40588.2 -3305.03
-43952.1 -40617.3 -3334.81
-43906.1 -40590.1 -3316.03
-43924.3 -40595.3 -3328.98
-43950.8 -40603 -3347.82
-43979.8 -40627.5 -3352.33
-43933.5 -40633.2 -3300.29
-43923.1 -40591.4 -3331.66
-43913.7 -40579.2 -3334.47
-43967.3 -40604.7 -3362.62
-43932.3 -40583.2 -3349.04
-43919.4 -40575.4 -3343.98
-43954.7 -40607.1 -3347.63
-44002.1 -40604.3 -3397.77
-43971.7 -40593.3 -3378.41
-43984.9 -40603 -3381.85
-44005.3 -40615 -3390.26
-43987.7 -40590.6 -3397.05
-43972.6 -40603.9 -3368.75
-43967.5 -40615.9 -3351.56
-43958.4 -40602.7 -3355.67
-43949.4 -40583.5 -3365.84
-43955.5 -40583.6 -3371.94
-43955.5 -40588.5 -3367.04
-43941.1 -40576.3 -3364.77
-43993.7 -40602.5 -3391.24
inf -40600.4 inf
-43904.3 -40599 -3305.22
-43860.4 -40578.9 -3281.46
-43902.7 -40609.1 -3293.53
-43883.2 -40595.7 -3287.55
-43952.1 -40653.8 -3298.29
-43892.2 -40605.9 -3286.27
-43924.2 -40620.5 -3303.71
-43914.5 -40610.3 -3304.21
-43878.8 -40595.6 -3283.16
-43851.2 -40616.3 -3234.93
-43845.1 -40596.7 -3248.45
-43862.8 -40612.2 -3250.64
-43834.3 -40593.9 -3240.37
-43863.1 -40607.4 -3255.72
-43864.2 -40600.1 -3264.04
-43891.6 -40616.6 -3275.07
-43918.9 -40600.1 -3318.82
-43952.3 -40616.4 -3335.9
-43914.1 -40606.3 -3307.78
-43939.4 -40601.7 -3337.79
-43952.7 -40582.8 -3369.86
-44004.1 -40620.6 -3383.49
-43987.7 -40599.7 -3387.96
-44008.1 -40615 -3393.1
-43986.7 -40595.8 -3390.94
-43949.4 -40598.3 -3351.09
-43967.4 -40634.3 -3333.12
-43988.9 -40630 -3358.85
-43979.8 -40609.4 -3370.31
-43945.6 -40617 -3328.54
-43892.7 -40595.9 -3296.72
-43914.5 -40582.9 -3331.6
-43912.5 -40576.7 -3335.84
-43857 -40583.6 -3273.44
-43872.3 -40576.3 -3295.98
-43885.8 -40567.9 -3317.89
-43920.4 -40593.8 -3326.62
-43990 -40605.2 -3384.76
-43958 -40602 -3356.04
-43883.8 -40596.7 -3287.06
-43871.3 -40599.1 -3272.24
-43834.1 -40585.2 -3248.91
-43877.3 -40586.4 -3290.92
-43902.7 -40596.3 -3306.43
-43924.6 -40596.8 -3327.78
-43942.9 -40606.6 -3336.24
-43943 -40591.2 -3351.81
-43931.2 -40594.7 -3336.53
-43946.2 -40584.5 -3361.7
-43892.3 -40566.9 -3325.39
-43871.7 -40578.4 -3293.34
-43877.6 -40561.7 -3315.89
-43864.8 -40565.3 -3299.47
-43935.3 -40583.7 -3351.65
-43910.3 -40577.6 -3332.63
-43908.9 -40515.5 -3393.44
-43300.2 -39382.9 -3917.32
-36913.5 -32148.1 -4765.43
-32710.9 -27194.8 -5516.09
-32817.7 -26835.7 -5981.95
-32857.2 -26580.8 -6276.31
-32871.5 -26383 -6488.43
-33127.8 -26451.9 -6675.89
-32873.5 -26145.3 -6728.25
-32913.4 -26113.7 -6799.68
-32898.6 -26049 -6849.57
-32894.4 -26030.2 -6864.18
-32866.5 -25999.5 -6867.07
-32829.3 -25935.1 -6894.13
nan nan nan
nan nan nan
nan nan nan
nan nan nan
nan nan nan
nan nan nan
nan nan nan
nan nan nan
nan nan nan
nan nan nan
nan nan nan
nan nan nan
nan nan nan
nan nan nan
nan nan nan
nan nan nan
nan nan nan
nan nan nan
nan nan nan
nan nan nan
nan nan nan
nan nan nan
