189 416 80 142 289 204 213 139 157 127 37 30 0 0 2023
412 192 201 81 138 214 160 291 140 126 37 31 0 0 0 0 0 0 2023
199 415 143 199 91 218 276 157 138 119 37 31 0 0 0 0 0 0 2023
416 198 146 218 160 184 143 283 87 118 37 33 0 2023
156 195 414 223 189 145 117 281 89 144 37 33 0 0 0 0 0 0 0 0 0 0 0 0 0 0 0 0 2023
144 196 225 410 187 281 147 120 88 155 37 33 0 0 0 0 0 2023
151 410 228 186 196 145 274 126 149 89 37 32 0 0 0 0 0 0 0 0 0 2023
416 152 182 144 276 236 192 122 142 90 37 34 0 0 0 0 0 0 0 2023
173 159 410 277 152 237 198 89 141 117 33 37 0 0 0 0 0 2023
157 172 403 137 206 276 240 92 120 153 30 37 0 0 0 0 2023
145 152 150 192 409 281 228 95 121 184 29 37 0 0 0 0 0 2023
159 138 151 191 416 223 285 114 185 92 32 37 0 0 0 0 0 0 0 0 0 0 0 0 2023
147 155 146 407 180 225 290 91 113 198 34 37 0 0 2023
143 151 158 401 180 229 190 292 94 113 37 35 0 0 0 0 0 2023
135 150 190 157 409 229 289 183 113 97 34 37 0 0 0 0 0 0 0 0 2023
114 135 414 189 151 232 279 153 190 95 37 34 0 0 0 0 0 0 0 0 0 0 0 0 0 0 0 0 2023
140 184 112 406 159 225 187 292 100 146 37 35 0 0 0 0 0 0 0 0 0 2023
151 184 411 117 221 150 189 299 97 37 134 33 0 0 0 0 0 0 0 0 0 0 0 0 0 2023
150 412 120 189 218 146 297 189 96 136 37 33 0 0 0 0 0 0 0 0 0 0 0 0 0 0 0 2023
153 188 110 414 221 154 100 189 292 128 37 37 0 0 0 2023
145 189 420 218 113 293 190 151 136 97 34 37 0 0 0 0 2023
197 152 421 217 118 281 187 136 89 154 34 37 0 0 0 0 0 0 0 0 0 0 0 0 0 0 0 0 2023
185 419 219 158 112 289 177 146 89 157 35 37 0 0 0 0 0 0 2023
182 217 164 424 111 293 143 169 88 158 37 37 0 0 0 0 0 0 0 0 0 0 0 0 0 0 0 2023
213 186 160 90 431 145 287 173 111 154 37 36 0 0 0 0 0 0 0 2023
214 187 425 164 155 175 88 284 113 146 35 37 0 0 2023
212 195 160 428 177 152 281 98 138 109 36 37 0 0 0 0 0 2023
217 160 188 415 182 154 291 109 97 138 35 37 0 0 0 0 0 0 0 0 0 0 0 0 2023
161 220 414 178 188 156 288 104 139 101 37 37 0 0 0 0 0 0 0 0 0 0 0 2023
230 162 417 184 157 175 106 275 99 144 37 37 0 0 0 0 0 2023
160 417 230 160 180 181 107 272 150 94 35 37 0 0 0 0 0 0 0 0 0 0 0 0 0 0 0 2023
410 232 157 175 187 154 275 115 156 90 35 37 0 0 0 0 2023
222 415 147 189 186 150 280 113 153 35 96 37 0 0 0 0 0 0 0 0 0 0 0 0 2023
148 151 187 416 224 188 275 116 155 37 94 32 0 0 0 0 0 0 2023
155 146 423 220 184 182 274 114 162 91 35 37 0 0 0 0 2023
142 412 226 158 184 285 182 120 160 87 37 30 0 0 0 0 0 2023
420 139 221 157 184 276 123 191 84 162 37 29 0 0 0 0 2023
226 421 133 159 122 181 273 88 161 193 37 29 0 0 0 0 0 0 0 0 0 0 0 2023
130 228 417 193 159 84 123 279 196 148 37 29 0 0 0 0 0 0 0 0 0 0 0 2023
416 137 192 225 159 79 282 125 193 149 37 29 0 0 0 0 0 0 0 0 0 0 0 0 0 0 0 0 0 0 0 0 2023
159 221 420 156 193 86 123 277 185 137 37 29 0 0 0 0 2023
163 226 82 427 200 164 129 270 172 124 37 29 0 0 0 0 0 0 0 2023
86 162 224 420 190 159 138 281 173 124 37 29 0 0 2023
157 222 80 415 195 160 138 185 278 30 126 37 0 0 0 0 0 0 0 0 0 0 0 0 2023
223 416 162 181 84 159 125 182 285 140 29 37 0 0 0 0 0 2023
181 410 79 164 223 162 181 288 123 143 32 37 0 0 0 0 0 0 0 0 0 0 0 0 0 0 2023
410 180 161 80 176 227 144 126 290 162 30 37 0 0 0 0 0 0 2023
409 186 158 89 226 120 178 141 160 289 37 30 0 0 0 2023
407 88 182 224 161 118 183 292 136 164 37 31 0 0 2023
91 412 221 184 162 115 194 285 151 139 37 32 0 0 0 0 0 0 0 0 2023
409 232 86 179 110 148 171 284 193 141 33 37 0 0 0 2023
414 228 89 170 147 165 111 287 193 151 31 37 0 0 0 0 0 0 0 2023
228 416 178 170 143 76 122 137 291 195 30 37 0 0 0 0 0 0 2023
412 218 141 172 179 138 73 127 295 202 37 29 0 0 0 0 0 2023
186 418 218 146 166 139 119 192 82 289 37 31 0 0 0 0 0 0 0 0 2023
187 403 223 168 122 153 137 80 297 188 28 37 0 0 0 0 0 0 2023
411 185 173 226 157 121 133 78 294 179 37 29 0 0 0 0 0 2023
165 421 181 83 156 224 120 139 293 174 37 30 0 0 0 0 0 0 0 0 2023
162 83 422 181 230 154 278 144 122 181 37 29 0 0 0 2023
163 115 420 181 228 280 188 153 88 139 37 31 0 0 0 0 0 0 0 0 2023
168 418 118 185 291 218 179 155 141 83 37 30 0 2023
419 162 119 183 219 288 185 152 144 84 31 37 0 0 2023
421 117 173 166 294 183 219 154 82 145 37 32 0 0 0 0 0 0 0 2023
416 116 289 179 195 169 219 139 37 149 80 35 0 0 0 0 0 0 0 0 0 0 2023
118 411 293 186 193 37 169 214 136 154 78 34 0 0 0 2023
410 287 118 195 191 164 218 154 136 33 80 37 0 2023
412 298 117 186 194 214 164 154 31 131 37 85 0 0 0 2023
412 288 132 183 194 168 156 223 122 31 77 37 0 0 0 0 0 2023
415 129 291 174 195 169 167 213 122 32 79 37 0 0 0 2023
291 403 186 133 192 158 169 222 33 115 84 37 0 0 0 2023
137 286 412 164 176 192 225 32 160 118 84 37 0 0 0 0 0 0 2023
133 422 283 171 161 196 33 222 116 87 162 37 0 0 0 0 0 2023
290 135 413 190 178 161 33 119 223 159 85 37 0 0 0 0 0 0 0 0 0 0 0 2023
280 135 415 161 120 192 186 152 33 229 83 37 0 0 2023
290 142 153 407 122 32 193 147 224 189 87 37 0 0 0 0 0 0 0 2023
286 158 140 412 31 189 120 150 193 222 85 37 0 0 0 0 0 0 0 0 0 0 0 0 0 2023
154 294 143 404 196 119 31 197 211 148 89 37 0 0 0 0 0 0 0 0 0 2023
160 142 298 410 33 118 202 193 194 85 151 37 0 2023
147 297 34 143 120 413 211 184 195 151 91 37 2023
33 119 150 294 217 414 145 187 191 146 90 37 0 0 0 0 0 2023
147 113 37 293 404 138 226 151 192 101 188 33 0 0 0 0 0 0 0 2023
144 37 109 139 287 415 219 195 104 149 190 35 0 0 2023
37 137 118 293 152 217 409 92 190 192 153 33 0 0 0 0 0 0 0 0 0 0 0 0 0 0 0 2023
134 37 120 150 290 217 191 413 92 198 149 32 0 0 0 0 0 0 0 0 0 2023
118 147 37 139 291 225 188 413 99 189 145 32 0 2023
147 125 37 294 157 217 189 408 134 188 95 32 0 0 0 0 2023
149 145 289 124 37 410 235 194 128 187 31 94 0 0 0 2023
150 37 289 144 121 412 230 188 134 193 93 32 0 0 0 2023
147 149 119 37 280 415 188 233 132 192 100 31 0 0 0 0 0 2023
120 160 37 141 282 189 410 237 129 199 88 31 0 0 2023
136 202 37 119 291 188 414 225 157 133 92 29 0 0 0 0 2023
142 120 201 37 188 292 414 224 126 160 90 29 0 0 0 0 0 2023
119 206 138 410 193 37 227 286 125 161 90 31 0 0 0 0 0 2023
203 137 121 406 198 37 294 222 95 126 155 29 0 0 0 0 0 0 0 0 0 0 0 2023
197 136 189 117 417 290 37 223 93 135 158 31 0 0 0 0 0 0 0 0 0 0 0 0 0 2023
191 142 185 288 124 415 37 232 132 153 94 30 0 0 0 0 0 0 0 0 2023
134 189 289 158 184 37 425 237 133 116 86 35 0 0 0 0 2023
144 190 283 157 187 37 417 237 132 115 91 33 0 2023
132 284 190 37 156 189 422 117 228 145 90 33 0 0 0 0 0 0 0 0 0 0 0 0 0 0 2023
283 132 162 191 37 194 415 228 117 146 86 32 0 0 0 0 0 0 0 2023
275 130 167 37 185 198 416 116 231 151 88 29 0 0 0 0 0 0 0 2023
282 138 157 188 410 37 229 193 119 150 90 30 0 0 0 0 2023
148 285 139 187 30 416 117 227 147 192 98 37 0 0 0 0 0 0 0 0 0 0 0 0 2023
147 289 184 150 413 32 180 117 151 37 228 95 0 0 0 0 0 2023
290 149 188 146 415 37 187 115 142 34 226 94 0 0 0 0 0 0 0 2023
145 296 37 195 143 183 408 119 138 230 97 32 0 2023
143 194 37 297 404 143 182 229 143 120 99 32 0 0 0 0 0 0 0 0 0 0 2023
197 289 139 410 153 185 37 226 123 141 91 32 0 0 0 0 0 0 0 0 2023
296 196 133 402 121 154 37 144 187 230 92 31 0 0 2023
130 295 398 189 120 37 150 154 195 233 33 89 0 0 0 0 0 0 0 0 2023
286 114 413 185 138 138 37 155 193 236 93 35 0 0 0 0 2023
414 112 288 180 141 37 197 140 157 92 228 37 0 0 0 2023
409 114 189 290 37 139 149 134 204 224 97 37 0 0 2023
407 187 106 290 142 37 140 137 195 237 107 38 0 0 0 0 0 0 0 0 0 0 2023
415 108 183 299 145 138 37 137 223 197 105 36 0 0 0 2023
166 113 412 304 140 148 37 136 199 104 226 38 0 0 0 0 0 0 0 0 0 0 2023
114 169 413 292 139 200 154 37 136 227 106 36 0 2023
118 410 181 288 196 136 138 144 37 232 109 34 0 0 0 0 0 0 0 0 0 0 0 2023
123 413 182 194 287 146 135 142 37 228 34 102 0 0 0 0 0 0 0 0 2023
123 189 413 199 289 228 140 141 133 37 32 99 0 0 0 0 0 0 0 0 0 2023
185 118 191 408 298 225 141 140 136 37 111 33 0 0 0 0 0 2023
121 199 405 182 232 284 149 139 37 140 101 34 0 0 2023
406 203 226 118 181 286 152 136 37 136 107 35 0 0 0 0 0 0 0 0 2023
411 119 223 204 292 155 181 127 37 135 105 34 0 0 0 0 0 0 0 0 2023
414 226 283 120 203 149 188 129 37 98 144 32 0 0 0 0 0 0 2023
225 416 194 281 114 147 190 137 37 145 102 35 0 0 0 0 0 0 0 0 0 0 2023
417 226 195 278 117 154 135 34 188 145 97 37 0 0 0 0 0 0 0 0 0 0 0 2023
419 226 191 115 147 272 187 142 34 152 37 101 0 0 0 0 0 0 0 0 0 0 2023
415 189 233 113 141 277 191 138 144 34 37 111 0 0 0 0 0 0 0 0 2023
190 414 229 116 141 283 145 190 97 145 36 37 0 0 0 0 0 2023
418 222 142 194 116 187 148 284 95 144 37 36 0 0 0 0 0 2023
202 421 133 112 147 290 197 214 100 135 35 37 0 0 0 0 0 0 0 0 2023
415 144 196 226 141 113 283 192 136 105 35 37 0 0 0 0 0 0 0 0 0 0 0 0 0 2023
418 142 217 198 142 287 194 114 134 106 34 37 0 0 0 0 0 0 0 0 0 0 0 2023
413 134 226 206 145 284 198 101 119 128 37 32 0 0 0 0 0 0 0 0 0 0 0 2023
419 229 150 199 137 184 280 97 135 124 32 37 0 0 0 0 0 0 0 0 0 0 0 0 0 2023
419 196 232 144 185 133 101 283 137 121 37 35 0 0 0 0 0 0 0 0 0 0 0 0 2023
416 195 234 144 98 283 137 185 138 124 32 37 0 0 0 0 0 2023
190 412 230 158 132 106 278 150 179 30 121 37 0 0 0 0 0 0 0 0 2023
411 184 235 149 146 282 94 156 177 122 30 37 0 0 0 0 0 2023
192 411 233 278 144 151 147 92 120 185 33 37 0 0 0 0 2023
183 410 288 227 139 93 155 192 116 149 37 34 0 0 0 0 0 2023
178 414 298 215 159 140 119 88 188 155 37 32 0 0 0 0 0 2023
179 289 425 141 151 218 185 157 123 37 88 30 0 0 2023
415 286 192 213 139 156 189 154 92 118 32 37 0 0 0 0 0 2023
284 216 415 191 143 188 154 156 121 86 37 32 0 0 2023
223 413 288 181 185 139 157 159 91 117 37 33 0 0 0 0 0 0 2023
290 403 227 151 179 191 152 86 154 121 32 37 0 0 0 0 0 0 0 0 0 2023
232 286 177 405 147 191 85 151 124 156 32 37 0 0 0 0 0 0 0 0 2023
289 224 176 406 189 124 156 87 148 156 31 37 0 0 0 0 0 0 0 0 0 0 0 2023
282 224 173 406 117 191 102 149 159 151 32 37 0 2023
226 281 419 170 152 103 117 194 148 37 145 31 0 0 0 0 0 2023
412 226 284 167 153 101 119 151 196 147 30 37 0 0 0 0 0 2023
218 415 287 170 156 100 142 158 120 189 37 31 0 0 0 0 0 0 0 0 0 0 2023
410 288 172 221 96 155 142 125 148 199 30 37 0 0 0 0 0 0 0 0 0 0 0 0 0 2023
281 417 98 146 231 150 189 146 124 175 37 29 0 0 2023
290 163 100 412 221 186 157 161 141 124 31 37 0 2023
282 104 173 414 179 153 218 170 123 142 37 28 0 0 0 0 2023
301 107 416 178 169 149 214 162 125 137 37 28 0 0 0 0 0 0 0 2023
300 415 173 110 177 163 137 211 147 125 37 28 0 0 0 0 2023
102 420 300 171 212 154 181 151 141 125 37 29 0 0 0 0 2023
214 95 416 295 147 182 175 152 155 126 37 29 0 0 0 2023
214 413 299 143 101 184 156 170 122 155 29 37 0 0 0 0 0 0 2023
288 212 421 174 160 182 121 98 160 141 37 29 0 0 0 2023
214 285 411 166 183 93 177 143 126 160 28 37 0 0 0 0 0 0 0 0 0 0 2023
220 418 285 182 153 168 89 124 157 28 162 37 0 0 0 0 0 2023
421 293 214 184 165 82 124 159 153 161 30 37 0 0 0 0 2023
414 218 296 83 184 122 165 159 160 155 30 37 0 0 0 0 0 0 0 0 0 0 0 0 0 0 2023
417 218 85 290 166 161 179 123 158 157 37 32 0 0 2023
206 417 80 291 159 165 163 180 172 122 31 37 0 0 0 0 0 0 0 0 0 2023
207 294 422 84 166 153 175 162 173 119 31 37 0 0 0 0 0 0 0 0 0 0 0 0 0 2023
286 80 214 430 162 172 165 146 118 179 37 34 0 0 0 0 0 0 0 0 2023
285 209 84 156 423 180 181 159 156 120 37 33 0 0 0 0 0 0 0 0 0 0 0 0 2023
286 212 92 159 175 410 197 115 154 151 37 35 0 0 0 0 0 0 0 0 2023
281 222 177 87 156 153 193 408 160 112 37 37 0 2023
282 230 150 82 191 150 176 407 164 117 37 37 0 0 0 0 0 0 0 0 0 0 0 0 0 0 0 2023
270 224 84 148 151 188 192 415 115 161 38 37 0 0 0 2023
282 88 216 153 145 197 412 111 187 157 37 38 0 0 0 0 0 0 0 2023
145 289 90 153 192 214 418 179 159 110 37 37 0 0 0 0 0 0 0 0 0 2023
96 151 286 215 153 159 404 104 187 194 37 37 0 0 0 0 0 0 0 0 0 0 0 0 0 0 0 0 0 0 2023
152 100 145 281 219 156 407 109 195 185 37 37 0 0 0 0 0 0 2023
147 113 140 286 213 412 158 196 186 98 37 37 0 0 0 0 0 0 2023
96 146 287 222 145 405 180 167 115 186 37 37 0 0 0 0 0 0 0 0 0 0 0 2023
287 147 108 220 404 136 164 182 111 189 38 37 0 0 0 0 0 0 0 0 0 0 0 0 2023
108 284 147 225 404 161 134 186 186 117 34 37 0 0 0 0 0 0 0 2023
107 147 271 170 226 413 138 191 172 119 32 37 0 0 0 0 2023
119 281 151 419 166 211 176 143 189 100 37 31 0 0 0 0 0 0 2023
117 157 285 151 209 419 187 187 147 37 96 31 0 0 0 0 0 0 0 0 0 0 0 0 0 0 0 2023
151 120 154 283 213 413 193 98 187 142 37 32 0 0 0 0 0 2023
157 156 121 273 217 411 191 135 103 190 37 32 0 0 0 0 2023
147 152 270 122 220 418 140 191 191 105 37 30 0 0 0 0 0 2023
273 148 197 120 416 221 140 195 147 37 99 30 0 0 2023
120 288 413 189 152 218 139 190 145 99 37 33 0 0 2023
419 287 149 191 150 219 190 117 136 97 31 37 0 0 2023
415 279 189 159 147 193 136 232 85 121 37 30 0 0 0 0 0 0 0 0 0 0 2023
290 412 137 190 150 187 155 227 122 37 85 31 0 0 0 0 0 2023
407 143 282 198 143 181 156 238 121 85 37 32 0 0 0 0 0 0 0 0 2023
279 409 144 142 198 229 151 191 88 124 37 31 0 0 2023
412 281 134 151 207 228 184 118 97 144 37 30 0 0 0 0 0 0 0 0 0 0 0 0 0 0 0 0 2023
282 411 205 136 151 188 226 109 105 140 37 33 0 0 2023
209 420 287 127 148 177 222 116 105 144 31 37 0 0 0 0 0 0 2023
288 207 209 424 130 187 106 146 109 149 31 37 0 0 0 0 2023
282 211 197 428 105 136 194 146 115 141 31 37 0 0 0 0 0 0 0 0 0 0 2023
280 214 107 191 427 138 144 195 150 110 37 30 0 0 0 0 0 0 0 2023
285 208 425 115 189 145 190 153 148 99 29 37 0 0 0 0 0 0 0 0 0 0 0 0 2023
288 208 118 421 154 185 180 155 161 88 37 28 0 0 0 0 0 2023
125 285 208 424 197 177 145 153 162 81 37 29 0 0 2023
119 284 429 187 211 190 161 143 145 88 37 29 0 0 0 2023
434 287 216 124 180 180 161 145 148 37 83 28 0 0 0 0 0 0 2023
427 286 183 219 175 121 150 151 156 89 37 29 0 0 0 0 2023
297 422 210 185 124 182 151 156 144 86 37 29 0 0 0 0 0 2023
287 192 418 179 217 124 148 151 154 37 87 29 0 0 0 0 0 0 0 0 0 2023
290 418 186 188 128 214 152 144 155 37 82 29 2023
412 288 191 198 124 211 142 155 149 87 29 37 0 0 0 0 0 0 0 0 0 2023
414 216 287 196 183 123 147 89 154 148 37 29 0 0 0 0 0 0 0 0 0 0 2023
413 290 205 119 196 198 140 156 92 148 37 29 0 0 0 0 0 2023
408 289 211 122 144 191 153 197 152 90 37 29 0 0 0 0 2023
417 285 143 208 194 122 150 157 197 37 84 29 0 0 0 0 0 0 0 0 0 0 2023
409 188 289 158 212 147 120 161 191 37 79 32 0 0 0 0 0 0 0 2023
188 411 287 157 146 191 120 87 158 210 37 31 0 0 0 0 0 0 0 0 0 0 0 2023
294 412 194 151 150 182 90 121 153 210 37 29 0 0 0 0 0 0 0 0 2023
288 410 184 153 192 146 89 117 218 157 37 32 0 0 0 0 0 0 0 2023
292 412 195 149 184 148 213 93 117 152 31 37 0 0 0 0 0 0 0 0 0 0 0 0 0 0 0 2023
293 410 184 151 155 214 190 117 90 151 37 31 0 0 0 2023
288 187 149 417 217 140 192 122 88 156 37 30 0 0 0 0 2023
276 422 215 146 189 150 154 191 91 123 37 29 0 0 0 0 0 0 0 2023
289 414 139 192 221 151 154 183 120 94 37 29 0 0 0 0 0 2023
282 417 189 221 145 150 187 152 120 37 93 30 0 0 0 0 0 0 0 0 2023
274 186 150 426 146 220 186 156 97 117 37 28 0 0 0 0 0 2023
420 183 272 150 227 151 189 149 119 98 37 28 0 0 0 2023
180 427 282 215 148 150 187 106 118 143 37 30 0 0 0 0 0 2023
417 177 159 224 275 140 196 124 96 147 31 37 0 0 0 0 0 0 2023
412 191 155 144 280 216 188 117 157 37 93 33 0 0 0 0 2023
144 149 218 416 149 281 123 189 189 37 96 32 0 2023
221 149 422 144 137 277 118 191 194 100 33 37 0 0 0 2023
220 433 152 146 141 118 182 276 187 100 37 31 0 0 0 0 0 0 0 0 0 2023
224 423 143 139 150 116 189 278 190 104 37 30 0 0 0 2023
419 219 137 154 119 199 274 196 138 102 37 29 0 0 0 0 0 0 0 0 0 0 0 0 0 0 0 0 0 0 0 0 0 0 2023
416 218 123 137 150 191 288 146 102 187 37 28 0 0 0 0 0 0 2023
141 220 437 125 145 186 283 148 100 174 37 27 0 0 0 0 0 0 0 0 0 0 2023
147 429 124 220 143 285 183 179 99 148 37 29 0 0 0 0 0 0 0 0 0 0 0 2023
149 426 223 122 179 284 147 184 100 142 30 37 0 0 0 0 0 0 0 0 2023
434 150 215 126 184 284 179 146 96 141 37 31 0 0 0 0 0 0 2023
424 221 144 123 282 190 188 142 141 101 37 30 0 0 0 0 0 0 0 0 0 0 0 2023
430 200 149 122 276 212 185 145 98 139 37 30 0 0 0 0 0 2023
138 425 283 199 121 207 146 187 97 153 30 37 0 0 0 0 0 0 0 2023
286 146 416 118 192 217 183 142 155 37 99 32 0 0 0 2023
142 291 121 193 417 144 215 181 153 100 37 29 0 0 0 0 0 2023
148 292 419 122 185 151 182 218 37 97 142 30 0 0 0 0 0 0 0 2023
141 289 430 157 187 123 172 37 216 146 95 30 0 0 0 0 2023
148 421 279 145 120 188 160 221 37 97 177 30 0 0 0 0 0 0 0 0 0 0 2023
144 287 414 151 112 156 183 192 216 99 37 32 0 0 0 0 0 0 0 2023
147 145 279 111 416 158 183 188 221 37 105 33 0 0 0 0 2023
115 144 278 151 157 414 198 174 226 37 96 33 0 0 0 0 0 2023
110 274 141 154 154 419 195 226 181 37 96 36 0 0 0 0 0 0 0 2023
115 155 279 146 421 190 145 220 180 34 101 37 0 0 0 0 0 0 0 0 0 0 0 0 0 2023
116 159 415 283 146 190 150 214 100 180 37 33 0 0 0 0 0 0 0 0 0 0 0 0 0 0 0 0 0 0 0 0 0 2023
424 115 161 140 274 196 215 180 141 105 35 37 0 0 0 0 0 0 0 0 2023
415 155 200 190 115 143 280 216 105 132 35 37 0 0 2023
195 414 152 155 190 114 286 215 99 132 37 34 0 2023
199 158 154 406 111 196 283 220 91 37 131 37 0 2023
149 167 192 109 408 198 281 137 223 84 37 38 0 0 0 0 0 0 0 0 0 2023
186 154 166 112 415 193 288 136 216 85 37 35 0 0 0 2023
148 184 423 166 113 193 213 292 138 81 37 35 0 0 0 0 0 0 2023
410 181 144 115 204 165 144 288 220 80 37 35 0 0 0 0 0 2023
145 418 185 166 114 196 133 290 219 84 37 36 0 0 0 2023
142 192 411 279 201 168 125 110 233 89 36 37 0 0 0 0 0 2023
132 417 273 195 161 197 114 144 90 230 37 33 0 0 0 0 2023
279 139 423 158 189 197 112 223 140 93 33 37 0 0 0 2023
139 293 411 153 180 197 113 218 151 97 34 37 0 0 0 0 2023
413 294 155 183 137 113 200 221 143 92 37 35 0 0 0 0 0 2023
421 287 152 186 139 111 222 158 181 91 37 38 0 0 0 0 0 0 0 0 0 0 0 0 0 0 0 0 2023
418 189 155 284 110 182 140 226 154 91 37 37 0 0 0 2023
416 190 152 282 140 187 114 156 221 93 37 35 0 0 0 0 0 0 2023
419 147 284 195 139 185 150 92 221 120 34 37 0 0 0 0 0 2023
152 283 420 194 139 151 225 179 118 91 37 34 0 0 0 0 0 0 2023
149 274 421 198 141 181 230 147 96 115 37 34 0 0 0 0 2023
275 206 149 422 134 220 146 96 187 119 37 32 0 0 0 0 2023
205 150 267 130 429 228 120 147 181 95 34 37 0 0 2023
271 148 184 202 130 428 225 118 154 93 37 33 0 0 0 0 0 0 0 2023
282 150 220 201 425 183 129 155 117 93 37 31 0 0 0 0 2023
282 152 198 219 154 182 427 119 128 93 37 32 0 0 0 0 2023
280 218 151 146 193 199 418 130 123 97 31 37 0 2023
217 284 190 153 420 198 148 119 94 130 33 37 0 0 0 2023
155 282 224 189 419 90 199 151 118 127 32 37 0 0 0 0 0 0 0 0 2023
281 224 158 416 193 198 90 147 129 117 37 33 0 0 0 0 0 0 0 0 0 0 0 0 0 0 0 0 2023
165 222 290 195 414 81 192 127 147 121 37 32 0 0 0 0 0 0 0 2023
162 230 285 197 85 411 121 123 198 37 141 33 2023
231 207 166 290 402 81 121 125 139 191 37 33 0 0 0 0 0 0 0 0 0 0 0 0 2023
228 167 194 417 279 80 143 124 199 120 37 35 0 0 0 0 0 0 0 0 2023
175 414 224 204 275 150 80 117 197 116 34 37 0 0 0 0 0 0 0 0 2023
164 416 201 217 284 86 153 196 120 115 37 34 0 0 2023
419 193 157 217 91 287 187 113 158 130 37 34 0 2023
418 198 221 90 159 189 126 279 158 113 35 37 0 0 0 0 0 0 2023
191 417 230 155 93 187 128 283 113 154 37 35 0 0 0 0 0 0 0 0 2023
194 424 227 148 97 280 190 115 128 148 35 37 0 2023
158 183 417 193 227 92 280 112 141 148 37 35 0 0 0 2023
156 184 191 415 232 109 96 137 281 149 37 36 0 0 0 2023
142 180 186 230 423 112 88 151 278 160 37 36 2023
171 187 141 225 115 156 433 89 159 275 37 35 0 0 0 0 0 0 0 0 0 0 0 0 2023
195 184 136 106 143 228 433 272 157 95 37 37 0 0 0 0 0 0 0 2023
137 195 190 142 431 111 275 219 88 162 37 36 0 0 0 0 0 0 0 0 2023
139 184 184 140 431 111 86 288 222 162 39 37 0 0 0 0 0 0 2023
134 190 142 87 185 433 116 281 160 224 34 37 0 0 0 0 0 2023
141 186 93 145 189 283 110 428 153 222 37 36 0 0 0 0 0 0 0 0 0 2023
187 143 277 93 136 188 108 435 225 160 34 37 0 0 0 0 0 0 0 2023
145 191 276 91 135 427 193 111 223 160 37 34 0 0 0 0 0 0 0 0 0 0 0 0 0 0 2023
188 145 91 271 434 128 195 225 109 165 37 35 0 0 0 0 0 0 2023
203 151 89 125 407 264 201 234 110 166 37 36 0 0 0 0 0 0 0 0 0 0 0 0 2023
147 195 82 131 419 272 194 226 176 110 34 37 0 0 0 0 0 0 0 0 0 0 0 0 0 0 0 0 0 2023
189 150 133 406 80 282 228 173 197 115 37 33 0 0 0 0 0 0 0 0 0 2023
194 155 404 130 280 85 164 227 193 123 37 31 0 0 0 0 0 2023
190 403 158 131 165 85 281 227 191 124 37 31 0 0 0 0 0 0 2023
412 191 136 163 271 162 228 90 185 116 37 32 0 0 0 2023
411 188 156 274 145 152 225 91 191 121 32 37 0 0 0 0 0 0 0 0 0 2023
409 152 272 153 191 146 234 118 190 90 31 37 0 2023
404 281 195 161 145 146 113 235 88 37 184 34 0 0 0 0 0 2023
413 179 281 116 159 148 235 37 144 89 190 32 0 0 0 0 0 0 0 0 0 0 0 0 2023
179 409 276 119 148 147 155 233 37 198 92 30 0 0 0 0 0 0 0 0 0 0 0 0 0 0 2023
421 176 285 148 122 227 143 154 190 87 33 37 0 0 2023
424 175 283 146 232 125 147 138 92 192 37 32 2023
278 145 421 181 231 149 121 138 195 96 37 31 0 0 0 0 0 0 0 0 0 2023
276 419 151 148 182 121 231 193 138 95 37 32 0 0 0 2023
412 272 152 242 149 187 197 120 37 132 93 30 0 0 0 0 2023
279 414 242 181 152 146 195 37 121 130 97 29 0 0 2023
287 228 182 422 195 140 158 37 123 134 87 30 0 0 0 0 0 0 0 0 2023
272 428 192 237 190 131 156 37 142 120 32 86 0 0 0 0 0 2023
274 426 194 241 189 124 37 157 142 116 34 89 0 0 2023
273 421 238 199 199 161 122 136 37 120 84 33 0 0 0 0 0 0 0 0 0 0 0 0 0 2023
274 423 235 197 132 193 162 130 37 124 84 32 0 0 0 0 0 0 0 0 2023
415 280 238 189 135 138 161 191 37 117 90 32 0 0 0 0 0 0 0 2023
420 284 202 230 131 131 162 188 114 90 37 34 0 0 0 0 0 0 0 0 0 2023
417 228 197 281 128 193 163 139 116 93 37 31 0 2023
418 230 194 288 136 183 138 30 156 93 120 37 2023
416 229 283 197 192 138 136 159 117 86 37 33 0 0 0 0 0 0 0 0 2023
204 420 226 274 197 140 126 117 92 158 32 37 0 0 0 0 0 0 0 0 0 0 0 0 0 2023
230 197 426 280 195 125 135 119 158 92 37 29 0 0 0 0 0 0 0 0 2023
224 425 190 200 125 130 118 294 165 85 37 30 0 0 0 0 0 0 0 0 2023
232 423 191 126 193 130 162 121 295 83 37 30 0 0 0 0 0 0 0 0 0 0 0 0 2023
416 132 193 201 123 231 133 286 157 37 83 31 0 0 0 0 0 0 0 0 2023
426 195 132 201 225 124 115 162 286 88 32 37 0 0 0 0 0 0 0 2023
431 126 198 197 227 125 285 157 89 116 35 37 0 2023
425 138 199 128 194 284 224 153 94 112 37 35 0 0 0 0 0 0 0 0 0 0 0 0 0 2023
423 208 131 123 220 283 204 148 99 109 37 38 0 0 0 0 0 0 0 0 2023
131 427 196 220 128 289 153 94 200 108 37 40 0 0 2023
135 220 426 137 192 289 95 148 194 114 37 36 0 0 2023
236 134 423 188 141 290 148 93 185 113 37 35 0 0 0 0 0 0 2023
132 234 136 430 185 156 284 191 90 114 34 37 0 2023
424 137 182 231 142 151 286 190 95 113 37 35 2023
419 180 133 238 146 280 152 195 37 115 93 35 0 0 0 2023
185 132 269 438 150 149 229 189 114 37 95 36 0 2023
182 133 267 428 147 192 156 239 114 37 90 38 0 0 0 0 0 0 0 0 0 0 0 0 2023
177 285 133 430 146 162 185 233 37 83 115 37 0 0 0 0 2023
288 184 132 139 431 187 228 156 35 114 92 37 0 2023
281 187 128 134 430 189 158 112 239 92 36 37 0 0 0 0 2023
189 284 132 436 158 133 123 186 230 82 37 33 0 0 0 0 0 0 2023
286 132 431 188 135 155 116 185 231 92 35 37 0 0 0 0 0 0 0 0 0 0 2023
295 193 135 429 128 158 183 221 113 94 37 37 0 0 0 0 0 0 0 0 0 0 0 0 0 0 2023
290 138 192 132 183 220 429 157 95 113 37 37 0 0 0 0 0 0 0 0 0 0 0 0 0 0 0 0 0 2023
296 152 181 187 132 222 427 144 115 35 95 37 0 0 0 0 0 0 0 0 0 0 0 2023
179 290 158 192 218 429 129 148 114 38 91 37 0 0 0 0 0 0 2023
176 160 283 227 428 194 131 147 114 88 37 38 0 0 0 0 0 2023
188 224 156 422 293 189 131 141 116 90 36 37 0 0 2023
187 228 422 289 153 188 138 136 110 94 37 41 0 0 0 0 0 0 0 0 0 0 0 0 2023
198 426 230 155 279 140 134 182 111 39 92 37 0 0 0 0 0 2023
435 153 188 221 143 290 174 141 110 37 93 38 0 0 0 0 0 2023
431 188 222 155 291 142 177 137 113 37 94 36 0 0 0 0 0 0 0 0 2023
428 224 288 154 193 171 154 132 114 92 36 37 2023
423 223 281 199 149 130 156 184 94 110 37 37 0 0 0 0 0 2023
423 203 227 142 281 158 184 114 127 37 93 34 0 0 0 0 0 0 0 0 0 0 0 0 0 2023
191 424 227 187 286 159 137 104 137 37 95 39 0 0 0 2023
198 228 284 425 180 161 132 141 109 37 92 36 0 0 0 0 0 0 0 0 0 0 0 2023
192 226 286 177 423 159 150 134 90 113 37 36 0 0 0 0 0 2023
284 185 180 234 157 418 139 148 92 112 37 37 0 0 0 0 0 0 0 0 0 0 0 0 0 0 2023
182 195 284 408 234 138 152 96 148 110 37 39 0 0 0 0 0 0 0 0 0 0 0 0 0 0 2023
186 422 182 242 271 98 149 142 112 146 36 37 0 0 2023
416 230 185 180 290 91 152 138 116 153 35 37 0 0 2023
415 182 226 190 93 291 134 158 147 113 37 37 0 0 0 0 0 0 0 0 0 0 0 0 0 2023
189 228 412 100 183 286 139 152 152 110 37 35 0 0 0 0 0 2023
228 96 411 189 189 142 117 284 148 37 148 34 0 0 0 0 0 0 0 2023
224 93 411 183 285 191 119 145 150 37 152 33 0 0 0 0 0 0 0 0 2023
415 101 222 198 280 184 155 134 117 37 148 32 0 0 0 2023
98 416 290 155 191 223 134 180 117 37 150 32 0 0 0 0 2023
99 295 132 415 220 185 186 119 154 147 37 34 0 0 2023
92 297 222 416 126 186 178 121 156 159 37 33 0 0 2023
92 292 417 226 183 153 184 134 120 150 37 35 0 0 0 0 0 0 2023
91 292 418 220 151 137 158 186 182 116 37 35 0 0 0 2023
298 410 89 220 151 133 161 193 181 118 32 37 0 0 0 0 2023
419 293 227 157 94 146 183 129 191 33 114 37 0 0 0 2023
154 412 229 292 133 149 93 185 189 119 31 37 0 0 0 0 2023
411 147 234 292 154 185 129 93 125 183 37 33 0 0 0 0 0 0 0 0 2023
404 288 151 193 233 149 99 125 116 194 37 34 0 0 0 0 0 0 0 0 0 0 2023
402 292 154 198 225 121 148 95 190 130 31 37 0 0 0 0 0 0 0 0 0 0 0 0 0 0 2023
422 286 222 128 190 154 193 94 122 145 30 37 0 0 0 0 0 0 0 0 2023
415 191 217 287 136 194 89 152 148 127 37 30 0 0 0 0 0 0 2023
410 193 218 285 194 90 156 138 122 151 29 37 0 0 0 0 0 0 2023
194 413 222 198 277 86 125 158 147 136 30 37 0 0 0 0 0 0 0 0 0 0 0 2023
190 417 193 281 219 126 91 140 149 150 37 30 0 0 0 0 0 2023
425 194 194 283 212 95 120 139 153 140 31 37 0 0 0 0 0 0 0 0 0 2023
422 220 288 182 193 118 156 97 135 145 30 37 0 0 0 0 0 0 0 0 0 0 0 0 0 0 2023
296 414 221 184 125 194 94 153 140 136 37 29 0 0 0 0 2023
414 231 288 187 180 153 117 97 144 37 143 32 0 0 2023
186 413 221 154 177 299 121 96 147 142 37 30 0 0 0 0 0 0 0 2023
183 407 226 158 179 124 296 93 151 140 37 29 0 0 0 0 0 0 0 0 0 2023
416 217 180 176 122 143 297 155 97 153 37 30 0 2023
219 414 180 184 150 123 302 149 95 139 31 37 0 0 0 0 0 0 0 0 2023
419 219 150 185 180 120 148 297 99 139 30 37 0 0 0 0 0 0 0 0 0 0 0 0 0 2023
225 414 181 151 155 296 177 98 137 123 37 29 0 0 0 2023
222 410 140 186 150 296 180 93 154 126 37 29 2023
417 145 217 187 295 146 176 93 121 162 37 27 0 0 0 0 0 0 2023
138 416 291 226 186 98 180 148 120 155 28 37 0 0 0 0 0 0 0 0 0 0 0 2023
420 145 221 296 185 98 145 178 151 120 37 27 0 0 0 0 0 0 0 0 0 0 0 2023
427 143 287 217 92 180 145 191 153 122 37 29 0 0 0 0 0 0 0 0 0 0 2023
424 303 134 182 212 90 139 160 192 120 37 30 0 0 0 0 0 2023
428 294 137 183 186 142 156 87 124 217 32 37 0 0 0 2023
290 179 426 141 139 188 149 120 98 225 37 31 0 0 0 0 0 2023
183 426 293 135 183 125 142 161 86 222 37 30 2023
425 302 172 181 147 91 121 223 152 141 37 31 0 0 0 0 2023
422 138 292 192 184 97 227 121 152 133 37 28 0 0 0 0 2023
192 423 290 141 177 99 233 153 116 37 132 30 0 0 0 0 2023
197 421 182 291 139 96 232 118 37 149 130 31 0 0 0 0 0 0 0 0 2023
192 425 177 137 292 103 234 121 143 130 37 32 0 0 0 0 0 0 0 2023
191 426 150 171 230 298 97 128 145 119 37 31 0 0 0 0 0 0 0 2023
195 424 150 232 294 172 99 141 129 120 37 30 0 0 0 2023
420 205 292 223 123 151 137 179 127 99 30 37 0 0 0 0 0 0 0 2023
197 421 291 230 140 142 176 118 130 108 33 37 0 0 0 2023
200 417 297 231 123 144 137 125 180 103 29 37 0 0 0 0 0 0 0 0 0 0 0 0 0 0 0 0 0 0 0 2023
412 204 293 221 126 141 143 130 98 189 37 29 0 0 0 0 0 0 0 2023
205 415 218 292 146 124 100 130 138 189 37 29 0 0 0 0 0 0 2023
419 194 291 224 151 126 144 94 133 181 29 37 0 2023
230 420 194 293 147 142 123 98 132 177 30 37 0 0 0 0 0 0 2023
228 420 192 280 141 147 101 121 143 183 37 30 0 0 0 2023
413 234 192 290 142 124 149 142 175 96 29 37 0 0 0 0 0 0 2023
283 414 190 230 145 121 151 182 141 99 30 37 0 0 0 0 0 0 2023
272 415 143 190 123 231 186 150 149 97 30 37 0 0 0 0 0 0 0 0 0 0 2023
277 414 146 192 148 143 120 230 99 186 31 37 0 0 0 0 0 2023
413 272 144 191 150 121 144 230 98 192 37 31 0 0 0 0 0 0 0 0 0 0 0 2023
414 150 273 179 152 121 232 152 186 95 37 32 0 0 2023
412 272 157 192 150 240 120 179 138 94 32 37 0 0 0 0 2023
278 140 410 199 232 142 139 122 188 102 34 37 0 0 0 0 0 0 2023
276 403 139 144 201 236 146 120 98 191 32 37 0 0 0 0 0 2023
282 140 403 193 145 145 117 97 229 203 37 32 0 0 0 0 0 2023
395 283 146 188 142 151 116 100 228 204 33 37 0 0 0 0 2023
403 277 148 196 147 142 200 118 96 226 37 33 0 0 0 2023
152 281 399 141 155 189 195 121 89 231 33 37 0 0 0 0 0 0 2023
155 405 140 189 283 147 98 195 118 224 37 32 0 0 0 0 0 0 0 0 2023
395 166 193 139 277 145 115 189 99 233 35 37 0 0 0 0 2023
402 193 160 149 278 185 142 122 91 231 33 37 0 0 0 0 0 0 0 0 0 0 0 2023
401 194 159 225 141 150 120 278 192 93 33 37 0 0 0 0 0 0 2023
404 189 151 141 231 150 285 115 34 187 99 37 0 0 0 0 0 0 2023
422 210 157 184 158 288 144 35 111 97 180 37 0 0 2023
420 179 210 144 291 155 161 35 111 98 182 37 0 0 0 0 0 0 0 0 0 0 0 0 2023
415 179 297 211 148 157 152 91 114 186 36 37 0 0 0 0 0 0 2023
401 303 186 157 145 208 90 158 187 37 115 36 0 0 0 0 0 0 0 2023
300 401 183 159 142 104 187 214 150 111 37 35 0 0 0 0 0 0 0 0 2023
294 418 183 167 98 216 167 149 118 144 37 32 0 0 0 0 0 0 0 0 2023
298 178 406 182 221 151 159 97 117 145 37 32 0 0 0 0 2023
174 291 413 222 179 88 159 158 120 152 30 37 0 0 0 2023
287 182 220 412 165 188 85 156 116 141 37 34 0 0 2023
188 283 217 415 187 163 156 91 116 140 37 30 0 2023
191 274 220 189 418 162 155 80 122 144 37 31 0 0 0 0 0 0 0 0 0 0 0 0 0 0 2023
195 221 185 277 410 157 149 87 157 117 37 31 0 0 0 0 0 2023
187 178 283 232 412 141 153 89 166 113 32 37 0 0 0 2023
219 185 279 425 190 155 133 82 118 167 33 37 0 0 0 2023
217 193 424 277 183 151 86 144 117 162 37 32 0 0 0 0 0 2023
205 227 277 407 181 147 146 111 94 157 37 34 0 2023
230 200 186 275 407 116 146 147 92 155 32 37 0 0 2023
411 197 148 229 276 115 183 146 92 157 37 32 0 0 0 0 0 0 0 0 0 2023
418 182 152 285 223 119 155 176 91 152 33 37 0 0 0 0 0 0 0 2023
421 289 180 227 120 143 153 152 171 98 37 32 0 0 0 0 0 0 2023
287 404 225 184 149 114 162 180 95 151 35 37 0 0 0 0 0 0 0 0 0 0 0 0 0 0 2023
285 223 402 189 148 114 195 156 93 146 37 35 0 2023
224 404 292 186 110 156 144 148 185 101 36 37 0 0 0 0 0 0 2023
399 285 230 183 108 159 134 140 199 112 37 37 0 0 0 0 0 0 0 0 0 0 2023
400 183 228 292 106 158 107 186 146 142 37 38 0 0 2023
410 171 220 297 99 114 167 141 188 142 37 37 0 0 0 0 0 2023
403 191 217 292 97 112 146 138 163 188 39 37 0 0 0 0 2023
300 186 399 223 149 154 96 111 193 135 37 40 0 0 0 0 0 0 2023
297 400 223 186 146 153 102 191 112 37 139 37 0 0 0 0 0 0 0 2023
403 297 159 146 184 217 185 106 109 144 37 36 0 0 0 0 2023
301 151 397 185 147 192 105 223 111 142 32 37 0 0 0 0 0 0 0 2023
152 187 296 404 188 155 100 217 115 140 37 32 0 0 0 0 0 2023
153 193 193 289 404 154 96 217 139 112 36 37 0 0 2023
150 185 194 282 409 145 99 229 114 145 37 34 0 0 0 0 2023
184 189 280 159 143 414 95 116 234 141 37 31 0 0 0 0 0 0 0 2023
187 195 283 159 90 138 417 118 229 139 37 31 0 0 0 0 0 0 0 0 0 0 0 0 2023
183 291 98 201 410 151 138 142 115 225 37 32 2023
289 227 96 189 417 145 157 135 186 112 37 33 0 0 0 0 2023
292 95 227 187 419 156 134 182 145 116 33 37 0 0 0 0 2023
94 282 184 233 415 160 134 137 200 113 37 34 0 0 0 2023
93 228 283 179 161 408 139 143 111 205 36 37 0 0 0 2023
86 164 227 275 419 152 192 115 132 189 35 37 0 0 0 0 0 0 0 0 2023
223 146 281 90 156 193 423 135 118 188 37 33 0 0 0 0 0 0 0 0 0 0 0 2023
227 147 273 113 155 187 420 96 196 138 34 37 0 0 0 2023
224 112 279 149 154 187 141 411 198 94 37 37 0 0 0 0 0 2023
220 282 110 141 150 185 149 416 193 37 100 40 0 0 0 0 0 0 0 0 0 0 0 0 0 0 0 0 0 0 2023
110 215 159 137 289 143 416 201 181 98 37 37 0 0 0 0 0 0 0 0 0 0 0 0 0 0 0 0 2023
109 151 212 284 144 146 420 198 187 96 39 37 0 0 0 0 0 0 0 0 2023
110 213 282 153 137 419 152 194 193 95 38 37 0 2023
110 213 280 144 149 415 196 154 195 92 37 38 0 0 0 0 0 0 0 0 0 0 2023
114 218 276 148 142 419 197 192 156 37 87 37 0 0 0 0 0 0 0 0 0 0 2023
120 148 283 193 215 152 416 188 152 37 85 34 0 2023
136 187 115 150 227 284 418 160 186 89 34 37 0 0 0 0 0 0 0 0 0 2023
153 148 119 186 218 291 419 180 145 94 33 37 0 0 0 0 0 0 0 0 0 0 2023
147 155 116 178 222 420 288 188 141 97 34 37 0 0 0 2023
139 153 421 119 221 183 282 197 142 37 96 33 0 0 0 0 0 0 0 0 2023
147 116 422 288 152 222 193 134 96 182 37 34 0 0 0 2023
153 420 118 288 150 224 137 187 185 89 37 35 0 0 0 0 0 0 0 0 0 2023
121 161 418 288 142 176 151 84 227 186 37 32 2023
118 157 148 419 284 178 144 89 189 228 32 37 0 0 0 0 0 0 0 2023
156 420 118 280 143 184 141 90 195 228 31 37 0 0 0 2023
422 279 191 120 143 153 152 87 214 192 37 33 0 0 0 2023
412 294 182 93 158 140 118 215 151 37 189 34 0 0 0 0 0 0 0 0 0 0 0 0 0 0 0 0 0 0 0 2023
289 410 180 158 92 139 151 117 224 192 37 34 0 0 0 0 0 0 0 0 0 2023
405 287 188 156 88 131 123 151 196 228 37 33 0 0 0 0 0 0 0 0 2023
413 147 190 284 100 141 143 120 230 188 37 30 0 0 0 2023
419 145 104 143 196 143 286 119 220 182 37 29 0 0 0 0 2023
413 189 152 141 146 96 289 226 178 127 37 29 0 0 0 0 0 0 0 2023
176 147 414 156 138 100 298 128 222 180 37 27 0 0 0 0 0 2023
413 185 146 135 152 292 107 125 184 220 37 27 0 0 0 0 0 0 0 0 0 0 0 0 0 2023
146 418 140 180 292 141 194 98 222 128 37 27 0 0 0 0 0 0 0 0 2023
425 146 292 182 145 195 136 94 126 216 29 37 0 0 0 0 0 0 0 0 0 0 0 2023
421 149 296 137 176 199 136 216 103 122 31 37 0 0 2023
288 414 140 135 182 198 146 128 228 96 37 31 0 0 0 0 0 0 0 0 0 0 2023
133 287 416 142 188 186 151 224 121 107 37 31 0 0 2023
281 132 142 412 188 189 150 230 109 123 37 30 0 0 0 2023
287 140 411 187 144 186 226 151 123 101 30 37 0 0 0 0 0 0 0 0 0 0 0 0 0 0 0 0 2023
417 143 147 285 183 180 229 154 125 91 32 37 0 0 0 0 0 0 0 0 0 0 0 0 0 0 0 0 0 2023
422 145 278 148 179 188 229 121 147 97 32 37 0 0 0 2023
148 287 410 142 183 238 185 122 138 102 31 37 0 0 0 0 0 2023
403 293 143 183 147 228 195 138 106 119 31 37 0 0 0 0 0 0 0 2023
406 140 184 294 143 136 201 106 225 118 37 33 0 0 0 0 0 0 0 0 0 0 0 0 2023
411 146 295 182 154 139 101 190 218 37 119 31 0 0 0 0 0 0 0 2023
413 292 182 146 151 187 137 99 227 37 120 32 0 0 0 0 0 0 0 0 0 0 2023
419 180 294 146 157 174 121 140 37 226 97 32 0 0 0 0 2023
413 294 180 151 145 181 141 129 230 37 92 30 0 0 2023
411 287 161 191 178 144 126 227 137 37 93 31 0 0 0 0 0 0 0 0 2023
417 187 290 151 127 182 139 138 227 98 37 30 0 0 0 0 0 0 0 0 0 0 0 2023
294 413 180 121 151 183 140 137 231 105 37 31 0 0 0 0 0 0 0 0 0 2023
291 184 406 161 123 132 179 234 101 145 30 37 0 0 0 2023
407 188 283 155 126 140 230 141 98 187 37 31 0 2023
183 407 285 152 130 140 234 83 190 152 37 30 0 0 0 0 0 0 2023
179 407 288 130 159 234 146 85 147 181 30 37 0 0 0 0 0 0 0 2023
181 412 126 299 224 159 142 90 172 151 30 37 0 2023
174 417 123 156 226 183 291 87 137 159 33 37 0 0 0 0 0 0 0 0 2023
187 406 120 189 150 292 96 229 131 152 34 37 0 0 0 0 0 0 0 2023
177 407 120 181 295 154 92 233 155 139 37 33 0 0 0 0 0 0 0 2023
401 189 189 120 151 225 303 91 155 128 37 34 0 0 0 0 0 0 0 0 0 0 2023
198 412 187 224 117 288 153 151 93 128 37 35 0 0 0 0 0 0 0 0 0 0 2023
190 199 218 413 149 115 153 289 130 94 36 37 0 0 0 0 0 0 0 0 0 0 0 0 2023
193 224 192 407 120 144 151 296 133 92 34 37 0 0 0 2023
194 195 403 228 146 116 154 288 93 136 33 37 0 0 0 0 0 0 2023
236 193 194 408 274 118 148 154 138 90 37 33 0 0 0 0 0 2023
186 190 239 277 115 152 404 155 145 89 37 34 0 0 0 0 0 2023
180 185 237 111 281 151 156 409 148 92 36 37 0 0 0 0 0 0 0 0 0 2023
184 188 231 114 278 149 151 415 148 92 37 36 0 0 0 0 0 0 0 0 2023
186 191 225 286 115 148 153 409 87 150 37 36 0 0 0 0 0 2023
186 213 192 116 290 91 150 411 146 156 37 35 0 0 0 0 0 0 0 2023
211 177 186 117 291 425 90 150 144 160 37 35 0 0 0 0 0 0 0 2023
212 181 293 116 190 147 415 97 159 141 35 37 0 2023
275 216 177 116 149 193 418 94 171 142 37 35 0 0 0 2023
209 285 178 112 152 188 422 95 161 147 37 37 0 0 0 0 0 2023
184 213 114 286 422 149 178 154 155 97 34 37 0 0 2023
178 217 283 115 423 157 149 155 181 35 93 37 0 0 2023
218 179 419 288 119 158 155 182 149 85 34 37 0 0 0 0 0 2023
215 416 294 185 153 120 149 146 189 85 37 34 0 0 0 0 0 2023
293 415 210 198 154 186 118 148 144 85 35 37 0 0 0 0 2023
413 187 292 212 155 197 147 118 143 36 86 37 0 0 0 0 0 0 2023
191 292 419 146 193 212 145 115 140 37 97 36 0 0 0 2023
193 299 402 140 213 188 160 119 140 37 98 34 0 0 0 0 2023
404 296 189 219 137 192 153 145 118 37 99 34 0 0 2023
408 300 140 224 186 187 136 118 151 103 37 33 0 0 0 0 2023
412 293 222 147 190 124 190 134 37 94 146 34 0 0 0 0 0 0 0 0 0 0 0 0 0 0 0 0 0 0 0 2023
408 296 147 229 143 183 191 97 37 115 140 37 0 0 0 0 0 2023
412 285 138 142 233 190 188 101 118 145 37 34 0 0 0 0 0 0 0 0 2023
411 289 191 144 143 188 223 99 143 120 35 37 0 0 2023
404 287 147 142 196 187 225 104 138 122 34 37 0 0 0 0 0 0 0 0 0 0 0 0 2023
152 401 286 224 193 134 197 100 124 142 33 37 0 0 0 0 0 0 0 2023
161 409 181 278 223 130 206 130 143 91 37 34 0 0 0 0 0 0 0 2023
402 168 180 291 125 201 218 129 146 90 37 36 0 0 0 0 0 0 0 0 0 2023
184 155 409 115 199 288 148 223 98 129 37 38 0 0 0 0 0 0 0 2023
162 118 200 405 179 290 224 145 103 37 126 34 0 0 0 0 0 0 0 0 0 0 2023
197 117 179 396 163 234 289 150 37 99 128 34 0 0 0 0 0 2023
122 194 182 409 164 230 145 283 123 37 33 101 2023
123 410 195 185 226 160 284 144 126 103 30 37 0 0 0 0 0 2023
124 408 190 156 186 229 287 104 141 131 30 37 0 2023
125 192 405 150 234 286 188 140 103 132 31 37 0 0 0 0 0 2023
128 409 191 229 149 190 286 146 96 132 37 30 0 0 0 0 0 2023
222 418 124 147 152 188 288 96 190 131 30 37 0 0 0 0 0 0 0 2023
417 130 226 159 139 106 191 181 284 124 29 37 0 0 2023
409 159 225 130 98 184 143 285 196 127 30 37 0 0 0 2023
173 399 231 123 103 141 282 190 181 30 133 37 0 0 0 0 0 0 2023
133 165 401 236 185 146 98 280 188 30 124 37 0 0 0 0 0 2023
139 166 231 281 408 181 140 104 187 119 30 37 2023
166 284 135 408 229 183 139 185 107 120 37 30 0 0 2023
288 158 142 411 195 222 121 181 107 130 31 37 0 0 0 0 0 2023
162 281 192 141 229 407 184 111 128 121 37 30 0 0 0 0 0 0 0 0 2023
159 265 136 196 415 232 109 190 134 121 37 29 0 2023
154 413 275 193 228 136 110 188 125 134 37 30 0 0 0 0 0 2023
412 157 278 188 138 235 124 178 118 128 37 30 0 0 0 0 0 0 0 0 2023
416 286 161 174 230 138 184 131 113 124 37 29 0 0 0 0 0 0 2023
155 411 184 290 187 224 136 132 127 112 37 28 0 0 2023
414 148 237 185 278 186 141 122 118 128 37 29 0 0 2023
411 147 184 145 226 281 196 123 119 126 28 37 2023
148 407 227 139 186 292 121 191 120 124 37 31 0 0 0 0 0 0 0 0 2023
401 151 141 229 182 123 296 191 124 117 37 31 0 0 0 0 0 0 0 0 0 0 0 2023
150 405 136 226 126 178 297 193 117 124 37 34 0 0 0 0 0 0 0 2023
398 161 131 184 131 292 225 121 188 122 37 33 0 0 0 0 2023
403 169 133 187 224 128 289 179 124 118 37 32 0 0 0 0 2023
396 184 134 230 161 294 127 113 190 126 37 31 0 0 0 0 0 0 0 0 0 0 2023
395 135 233 195 284 155 197 122 121 117 32 37 0 0 0 0 0 0 0 0 0 0 2023
131 409 226 293 179 122 161 190 125 116 37 34 0 0 0 2023
226 159 418 119 287 121 181 131 122 190 37 32 0 0 0 2023
218 421 116 163 194 292 124 119 131 175 37 33 0 0 2023
416 218 122 201 165 120 117 286 179 132 30 37 0 0 0 0 0 0 0 0 0 0 0 2023
420 121 210 193 162 296 122 182 121 31 128 37 0 0 0 0 0 0 0 0 0 2023
416 284 191 220 120 166 178 127 129 122 33 37 0 0 2023
191 417 288 159 134 217 181 121 121 123 34 37 0 0 2023
188 419 299 159 212 180 121 121 129 126 37 32 0 0 0 0 0 0 0 2023
214 291 416 161 192 120 182 125 124 130 37 31 0 0 0 0 0 0 0 0 0 0 0 2023
416 291 213 166 123 179 186 124 135 123 37 30 0 0 0 2023
215 297 124 419 164 178 174 121 123 142 29 37 0 0 0 0 0 2023
213 291 161 118 186 421 180 121 125 138 37 32 0 0 0 0 0 2023
209 160 302 178 119 432 173 122 127 133 37 31 0 0 0 2023
156 293 220 179 126 181 422 115 128 134 37 32 0 0 0 0 0 0 0 2023
159 222 291 124 180 416 136 181 130 37 116 31 0 0 0 0 0 2023
213 159 181 287 424 123 117 138 185 37 124 35 0 0 0 0 2023
185 156 210 296 422 119 114 181 131 37 135 37 0 2023
153 186 290 217 419 119 124 181 37 126 138 33 0 0 0 0 0 0 2023
159 178 285 422 119 216 187 132 116 140 32 37 0 2023
193 152 414 220 285 121 190 125 132 121 33 37 0 0 0 2023
180 216 425 155 290 115 187 130 122 37 132 34 0 0 0 0 0 0 2023
192 220 416 147 290 118 121 183 141 123 37 35 0 0 0 0 0 0 0 0 2023
221 418 190 284 114 151 119 181 130 144 37 34 0 0 0 0 0 0 0 0 0 0 0 0 2023
288 426 215 188 149 115 179 119 125 145 37 37 0 2023
427 290 219 175 148 186 118 121 123 143 37 36 0 0 0 0 0 0 0 0 0 2023
292 417 174 224 177 161 116 113 146 128 37 38 0 0 0 0 0 0 0 0 0 0 0 0 0 0 0 0 0 2023
289 413 219 178 164 187 121 139 126 112 37 38 0 0 0 0 0 0 2023
412 301 153 173 222 118 191 127 135 116 37 38 0 0 0 0 0 0 0 0 0 0 0 2023
415 297 173 115 221 196 149 118 137 129 37 36 0 0 0 0 2023
312 406 118 174 154 221 130 187 133 114 37 37 0 0 0 0 0 0 0 0 0 0 0 0 2023
413 294 181 124 148 227 116 134 189 37 124 36 0 0 0 2023
417 291 118 187 147 131 192 222 137 110 37 34 0 0 0 0 0 2023
289 118 421 185 146 123 131 192 225 120 36 37 0 0 0 0 2023
410 185 124 293 115 153 130 191 222 129 34 37 0 0 0 0 0 2023
412 125 292 115 187 155 127 192 220 130 31 37 0 0 0 2023
126 413 153 284 192 128 195 120 219 125 37 31 0 0 0 0 0 0 0 0 0 0 0 2023
134 413 288 151 186 119 117 194 223 130 37 31 0 0 0 0 2023
128 404 286 193 120 159 113 223 194 134 37 32 2023
197 124 401 285 127 162 228 188 136 107 31 37 0 0 2023
122 197 401 289 129 152 128 225 114 197 37 32 0 0 0 0 0 0 2023
187 293 129 400 125 121 154 227 123 195 37 32 0 0 0 0 0 0 2023
193 284 123 402 126 233 120 158 186 129 37 32 0 0 0 0 0 0 0 0 2023
281 202 409 122 124 217 125 198 151 124 33 37 0 0 0 0 0 0 0 2023
195 410 284 127 125 197 127 148 223 117 33 37 0 0 0 0 0 2023
284 409 201 199 124 128 145 121 220 121 34 37 0 0 2023
188 412 281 128 197 127 120 227 152 119 35 37 0 0 0 0 2023
179 414 286 122 188 119 129 230 125 159 35 37 0 0 0 0 0 0 2023
177 283 419 123 189 123 129 124 228 158 33 37 0 0 0 0 0 0 0 0 2023
188 416 129 181 290 123 119 130 154 223 37 33 0 0 0 2023
193 409 125 295 122 179 127 151 131 222 32 37 0 0 0 0 0 0 0 0 0 0 0 2023
184 129 421 289 120 183 127 125 221 153 37 34 0 2023
181 413 116 129 294 126 185 126 221 158 37 37 0 0 0 0 0 0 0 0 0 0 0 0 0 0 0 0 0 0 0 2023
122 174 422 133 287 128 185 118 223 161 37 33 0 0 0 0 0 0 0 2023
123 117 186 423 284 122 224 190 134 150 37 33 0 0 0 0 0 0 0 0 0 0 0 2023
118 126 419 187 123 234 274 192 128 150 37 35 0 0 0 2023
118 413 124 129 185 233 192 276 127 156 37 33 0 0 0 0 0 0 0 0 0 2023
411 125 126 224 124 189 182 290 122 159 37 34 0 0 0 0 0 0 0 2023
417 123 126 183 224 184 285 128 123 158 35 37 0 0 0 0 0 0 0 0 0 0 0 0 0 2023
124 121 408 179 191 223 129 294 156 125 36 37 0 0 0 0 2023
119 131 405 182 195 286 119 230 129 154 37 36 0 0 0 0 0 0 0 0 2023
122 411 190 283 132 188 118 229 153 126 34 37 0 0 0 0 2023
193 128 405 285 189 128 234 149 120 122 33 37 0 0 0 0 0 0 0 2023
188 413 228 289 184 131 130 148 117 127 37 31 0 0 0 0 0 2023
414 233 194 284 134 180 119 144 133 122 37 29 0 0 0 0 2023
411 236 286 189 121 131 128 182 124 147 37 31 0 0 0 0 0 0 0 2023
413 285 189 231 124 124 186 132 127 145 30 37 0 0 2023
421 188 285 222 123 122 185 139 145 127 37 29 0 0 0 0 0 0 0 0 0 0 0 0 0 0 0 0 0 2023
194 420 222 284 136 133 185 127 140 115 37 30 0 0 0 0 0 0 0 0 0 0 0 0 2023
425 189 225 129 137 277 188 140 119 127 37 30 0 0 0 0 0 0 0 2023
227 429 194 275 127 134 147 117 177 128 31 37 0 0 2023
282 421 220 195 125 132 119 179 141 143 29 37 0 0 0 0 0 0 0 0 0 2023
221 423 121 279 195 127 125 184 138 141 37 32 0 0 0 0 0 0 0 0 0 0 0 0 2023
283 218 120 426 141 195 183 123 135 37 132 30 0 0 0 0 0 0 0 0 0 0 0 0 2023
216 281 190 430 141 124 183 120 129 37 141 31 0 0 0 0 0 0 0 0 0 0 0 0 0 2023
226 287 193 420 130 181 125 134 37 117 140 33 0 0 0 0 0 0 0 2023
290 193 227 424 131 170 124 136 118 37 143 30 0 0 0 0 0 0 0 0 0 0 2023
282 222 195 426 184 137 119 129 37 122 138 32 0 0 0 0 0 0 0 0 0 2023
288 223 178 203 413 139 127 125 37 119 141 30 0 0 0 0 2023
282 422 223 180 142 198 132 37 122 140 114 31 0 0 0 0 0 0 0 0 0 0 0 0 0 0 0 0 2023
286 228 172 417 148 190 125 31 146 121 122 37 0 0 0 0 0 0 0 2023
229 282 181 419 126 150 135 186 37 127 120 31 0 0 2023
275 180 228 423 125 143 191 147 37 123 120 31 0 0 0 2023
278 120 178 226 146 423 188 131 149 117 37 30 0 0 0 0 0 0 0 0 2023
117 287 185 223 424 136 150 180 122 134 28 37 0 0 0 0 0 0 2023
122 184 426 286 148 228 140 174 127 122 37 29 0 0 0 0 0 0 0 0 0 2023
135 296 411 234 192 141 143 173 109 121 31 37 0 0 0 0 0 0 2023
299 411 132 228 189 141 172 148 123 112 31 37 0 0 0 0 0 0 0 0 0 0 2023
286 412 228 134 140 191 184 117 148 116 30 37 0 0 2023
416 138 230 284 143 193 182 141 118 112 37 29 0 0 0 0 0 0 0 0 0 0 2023
407 235 136 133 204 278 142 189 119 112 37 31 0 0 0 0 0 0 2023
230 146 409 124 185 288 140 115 194 122 37 33 0 0 2023
230 114 141 289 417 191 135 129 191 115 37 34 0 0 2023
230 284 133 412 140 199 113 194 132 118 31 37 0 0 0 0 0 0 0 0 0 2023
232 284 138 138 412 192 197 125 116 37 121 31 0 0 0 0 0 0 0 0 0 0 0 2023
233 277 415 135 199 127 110 195 128 136 37 31 0 0 0 0 0 0 2023
422 281 226 187 123 193 135 131 113 145 37 30 0 0 0 0 0 0 2023
413 290 222 182 114 200 141 141 131 122 30 37 0 2023
297 409 219 194 119 185 127 147 137 122 30 37 0 0 2023
293 192 417 128 220 136 127 189 140 115 29 37 0 2023
195 290 413 129 138 221 128 187 111 145 29 37 0 0 0 2023
197 299 415 144 138 175 218 102 143 126 37 29 0 0 0 0 0 0 0 2023
178 305 135 194 131 412 147 216 113 126 37 29 0 0 0 2023
179 303 129 412 187 138 220 149 125 114 37 30 0 0 0 0 0 2023
185 410 293 147 129 195 221 118 123 136 37 29 0 0 0 2023
295 178 409 137 200 124 123 137 229 126 28 37 0 0 0 0 0 0 0 0 0 0 0 0 0 0 2023
189 284 411 140 127 196 133 230 121 126 37 29 0 0 0 0 0 0 0 0 0 2023
285 197 414 130 142 197 127 217 124 124 29 37 0 0 0 0 0 0 0 0 0 0 0 0 0 2023
292 412 125 193 191 149 129 120 125 221 37 29 0 0 0 0 0 0 0 2023
414 290 195 221 131 149 125 130 183 37 118 30 0 0 0 0 0 2023
416 193 288 223 148 127 126 132 182 37 121 30 0 0 0 0 0 0 0 0 0 2023
186 419 154 293 215 127 125 136 181 37 120 30 0 0 0 0 0 0 0 0 0 0 0 0 0 0 0 0 0 2023
213 416 295 190 151 181 121 127 138 37 124 30 0 0 0 0 2023
210 421 180 157 300 175 114 141 130 128 30 37 0 0 0 0 0 0 2023
418 217 184 290 179 159 137 126 115 132 29 37 0 0 0 0 0 0 0 0 2023
415 214 176 294 188 145 153 126 130 37 113 32 2023
213 412 183 175 299 132 141 134 158 37 111 28 0 0 2023
217 408 189 176 130 298 135 144 150 105 34 37 0 0 0 2023
399 218 189 169 311 134 124 152 148 110 32 37 0 0 0 0 0 0 0 0 0 0 0 0 2023
406 188 214 180 307 132 127 147 114 141 37 30 0 0 0 0 0 0 0 0 0 2023
190 407 298 219 170 129 149 124 119 152 29 37 0 0 0 0 0 0 0 0 0 0 0 0 0 0 0 0 0 0 0 2023
410 186 304 213 177 145 129 123 120 149 30 37 0 0 0 0 0 2023
406 178 299 216 186 147 128 117 156 122 37 31 0 0 0 0 0 0 0 0 0 0 0 0 0 0 0 0 0 0 0 0 0 0 0 0 0 0 0 0 0 0 0 2023
191 409 297 144 181 216 119 122 128 149 37 30 0 0 0 0 0 0 0 2023
186 404 215 296 160 182 118 131 148 117 29 37 0 0 0 0 0 0 2023
406 221 181 294 140 192 120 136 158 110 37 28 0 0 0 0 0 2023
406 212 187 300 135 189 159 136 125 110 27 37 0 0 0 2023
406 187 221 140 191 287 129 158 119 119 29 37 0 0 0 0 0 0 0 2023
412 183 223 293 111 189 137 152 134 123 37 29 0 0 0 0 0 0 0 0 2023
414 184 188 226 286 131 114 153 133 127 37 30 0 0 0 0 0 0 0 0 2023
425 180 181 286 152 223 118 129 139 123 30 37 0 0 0 0 0 2023
188 421 288 172 145 232 125 120 139 127 29 37 0 0 0 0 0 2023
199 416 290 178 223 123 141 116 134 138 28 37 0 0 0 0 2023
416 197 285 143 119 182 224 126 124 140 30 37 0 0 0 0 2023
416 293 143 194 117 220 185 124 137 128 37 29 0 2023
144 299 410 225 183 193 123 132 126 121 37 30 0 0 0 2023
150 418 296 214 182 193 134 123 125 121 37 30 0 0 0 0 0 0 0 0 0 0 0 0 2023
210 419 299 141 193 198 133 121 123 119 37 30 0 0 0 0 0 2023
216 291 420 152 189 126 187 121 128 126 30 37 0 0 0 0 2023
212 411 185 302 152 132 188 127 118 129 30 37 0 0 2023
214 416 145 298 185 134 192 131 117 126 37 28 0 0 0 0 0 0 2023
180 429 142 294 187 121 221 131 124 129 28 37 0 0 0 0 0 0 0 0 0 2023
182 433 300 141 182 120 130 213 126 129 30 37 0 0 0 0 2023
199 301 419 132 135 188 217 126 113 126 30 37 0 0 0 0 2023
293 420 191 131 139 222 188 123 131 116 37 32 0 0 0 0 0 0 0 0 0 0 2023
287 420 201 179 128 135 220 133 37 122 132 29 0 0 0 0 0 0 2023
186 296 417 181 126 137 225 129 37 118 143 28 2023
425 293 186 132 134 191 222 114 124 37 136 29 0 0 0 0 0 2023
420 123 286 237 181 190 132 129 123 37 136 29 0 0 2023
417 115 231 284 200 184 128 134 132 132 29 37 0 0 0 0 0 0 0 0 2023
241 125 419 285 202 120 174 120 133 137 37 30 0 0 0 2023
419 242 129 286 123 191 181 130 128 127 30 37 0 0 0 2023
238 425 125 288 178 123 132 128 137 183 37 29 0 0 0 0 2023
429 120 238 277 176 144 131 125 125 189 32 37 0 0 0 0 0 0 0 0 2023
427 232 178 116 286 124 139 140 182 129 33 37 0 0 0 0 0 2023
421 177 231 287 118 144 121 131 142 181 37 33 0 2023
425 291 174 224 117 136 141 139 120 188 37 31 0 0 0 0 0 0 0 2023
424 228 293 142 178 120 140 132 179 119 31 37 0 0 0 0 0 0 0 0 0 0 0 2023
290 422 138 231 182 138 184 130 129 114 28 37 0 0 0 0 0 0 0 0 0 0 0 0 0 0 0 0 0 0 0 0 0 0 2023
422 140 290 183 230 179 138 122 130 37 123 29 0 0 0 0 2023
419 191 280 128 173 246 140 134 120 124 37 31 0 0 0 0 0 0 0 0 0 0 0 0 0 0 0 0 2023
188 418 289 120 173 232 140 143 131 124 37 28 0 0 0 0 0 0 0 2023
409 196 172 298 137 114 232 136 135 129 28 37 0 0 0 0 2023
411 304 194 173 133 136 230 134 111 131 29 37 0 0 0 0 0 0 0 2023
195 415 282 181 132 130 242 125 133 123 37 28 0 0 0 2023
411 286 175 203 135 129 239 131 132 117 37 28 0 0 0 2023
419 295 174 131 184 230 145 125 138 115 30 37 0 0 0 0 0 0 0 0 0 0 0 0 0 0 2023
429 170 296 182 130 139 234 125 128 123 37 30 0 2023
423 141 171 198 285 124 131 240 129 112 37 32 0 0 0 0 0 0 0 0 0 0 2023
420 194 142 174 292 128 233 118 131 124 37 30 0 2023
151 190 425 130 165 294 227 120 130 124 37 30 0 0 0 0 0 0 2023
188 155 426 156 134 222 300 120 37 124 131 30 0 0 0 0 0 0 0 0 0 0 0 0 0 2023
424 191 150 300 157 129 231 123 129 37 121 31 0 0 0 0 2023
417 298 128 192 123 163 226 37 137 147 124 31 0 0 2023
204 411 293 118 138 228 161 37 129 122 150 32 0 0 0 2023
197 422 284 122 127 37 228 166 124 128 156 32 0 0 0 0 0 0 2023
193 285 428 126 123 232 158 37 126 126 158 31 0 0 0 0 2023
132 282 191 429 235 37 121 161 122 128 155 30 0 0 0 2023
125 276 189 238 426 172 123 37 129 132 145 31 0 0 0 0 0 2023
121 197 278 176 234 425 125 125 37 130 144 31 0 0 0 0 0 0 0 0 0 2023
164 129 279 186 243 428 123 117 134 152 37 31 0 2023
165 180 289 238 432 128 125 118 132 149 37 30 0 0 0 0 0 0 0 0 0 0 0 0 0 0 0 0 2023
186 296 170 415 232 141 134 114 142 127 29 37 0 2023
297 192 407 160 245 137 137 124 117 141 37 29 0 0 0 0 0 2023
197 412 303 227 136 160 136 119 122 144 37 30 0 0 2023
416 196 237 298 128 124 156 153 131 32 115 37 0 0 0 0 0 2023
186 412 235 294 125 122 154 148 32 155 123 37 0 0 0 2023
186 421 129 231 117 296 164 144 34 141 123 37 2023
415 186 127 118 235 165 299 140 148 34 119 37 2023
122 127 423 227 180 160 303 152 144 115 33 37 0 0 0 0 0 2023
125 223 429 178 158 296 143 131 160 113 37 30 0 0 0 0 2023
417 117 226 153 190 295 131 143 162 120 37 32 0 0 0 0 0 0 2023
422 214 189 119 152 128 144 298 123 165 37 32 0 0 0 0 2023
187 421 110 220 298 131 145 124 141 175 34 37 0 0 0 2023
428 182 119 225 290 124 154 128 159 145 37 32 0 0 0 0 0 0 2023
420 184 221 115 149 130 299 124 165 37 144 35 0 0 0 0 0 0 0 2023
187 216 424 127 150 119 120 305 159 140 39 37 0 0 0 0 0 0 0 2023
188 221 156 421 123 121 296 124 139 160 37 37 0 0 0 0 0 0 0 0 0 0 0 2023
150 177 223 423 304 115 131 118 142 39 164 37 0 0 0 0 0 2023
163 220 187 415 114 139 129 304 37 119 159 37 0 2023
165 220 186 126 426 116 297 119 136 157 38 37 0 0 0 0 0 2023
170 180 214 127 112 417 299 122 149 157 39 37 0 0 0 0 0 2023
175 162 123 214 423 301 116 149 119 166 37 38 0 0 0 0 0 0 0 0 0 0 0 0 2023
213 160 155 122 420 293 114 176 174 121 37 38 0 2023
146 166 221 129 407 111 292 190 168 121 37 35 0 0 0 0 0 0 0 2023
147 163 117 225 410 125 189 292 162 122 37 34 0 0 0 0 2023
119 146 167 226 402 119 198 289 162 126 37 32 0 0 0 0 0 0 0 0 0 0 0 0 0 0 0 0 0 2023
137 123 167 225 409 199 114 295 158 126 37 33 0 0 0 0 0 2023
121 139 160 229 414 163 197 120 287 126 37 30 0 2023
136 230 119 410 203 118 159 164 287 130 30 37 0 0 0 0 0 0 0 0 0 0 0 0 0 0 0 0 0 0 0 0 0 2023
230 143 408 162 118 162 196 121 288 128 37 30 0 0 0 0 0 2023
234 140 415 119 156 165 120 192 287 127 37 31 0 0 0 0 0 0 0 0 0 0 2023
230 143 427 151 123 292 164 125 185 114 37 32 0 0 0 0 0 0 0 0 0 2023
231 141 428 146 288 168 187 122 123 37 117 35 0 0 0 2023
424 234 139 146 282 171 117 192 132 37 117 32 0 0 0 0 0 2023
225 419 139 138 279 201 124 184 128 37 118 31 0 0 0 0 0 0 0 0 2023
428 137 284 228 141 126 192 182 135 103 37 30 0 0 0 2023
425 292 139 226 142 183 188 130 128 102 31 37 0 0 0 0 2023
424 143 286 138 188 226 186 126 124 113 37 32 0 0 0 0 0 2023
422 146 291 186 218 138 190 130 114 117 37 34 0 0 0 0 0 0 0 0 0 0 0 0 0 0 0 0 0 2023
289 411 146 138 184 218 122 200 123 122 37 33 0 2023
145 287 427 141 180 120 191 215 131 114 37 35 0 0 0 0 0 0 0 0 0 0 2023
282 141 422 131 114 185 196 221 141 119 34 37 0 0 0 0 0 0 2023
138 283 420 115 133 185 192 227 116 142 37 35 0 0 0 0 2023
139 284 429 139 106 187 188 141 116 220 37 37 0 0 0 0 2023
132 285 434 192 188 138 118 109 216 137 37 37 0 0 0 0 0 2023
280 433 134 192 188 120 218 145 138 103 37 35 0 0 0 0 0 0 0 0 0 2023
291 430 177 135 191 122 221 132 115 139 33 37 0 0 0 0 2023
419 179 122 289 223 196 123 124 138 141 37 32 0 0 2023
414 123 181 287 223 202 121 122 141 139 37 33 0 0 0 0 0 0 2023
417 176 223 120 299 189 127 136 123 145 31 37 0 0 0 0 0 0 0 0 0 0 0 0 2023
413 138 175 202 215 296 142 116 132 32 125 37 0 0 0 0 0 0 0 0 0 0 0 0 2023
414 171 141 194 296 35 129 223 145 118 37 120 0 0 0 2023
406 144 191 35 177 285 234 123 153 37 122 116 0 0 0 0 2023
179 142 406 35 189 294 222 121 127 155 37 116 0 0 0 0 0 0 2023
135 411 186 184 36 225 120 125 290 153 37 121 0 0 0 0 0 0 0 0 0 0 0 0 0 0 0 0 0 0 0 0 2023
414 134 179 33 187 224 161 125 122 284 123 37 0 0 0 0 0 0 2023
416 185 122 181 226 161 33 124 121 277 140 37 0 0 0 0 2023
414 193 126 188 223 133 118 37 121 282 151 37 0 0 0 0 0 0 0 0 0 0 0 2023
411 185 194 132 147 226 120 36 124 287 124 37 0 0 0 0 2023
411 190 197 130 228 122 139 288 34 125 122 37 0 0 0 0 0 0 0 0 2023
192 425 186 133 121 230 139 282 125 35 118 37 2023
423 195 121 133 185 139 229 282 126 119 34 37 0 0 0 0 0 0 0 0 0 0 0 0 0 2023
424 131 118 186 192 151 119 221 280 129 35 37 0 0 0 0 0 2023
426 184 126 194 150 119 214 288 117 134 34 37 0 0 0 0 0 2023
418 127 152 194 185 116 214 125 295 124 37 36 0 0 0 0 0 0 0 0 2023
129 418 190 124 152 184 215 297 126 112 39 37 0 2023
418 125 130 152 191 213 189 292 123 38 115 37 2023
419 133 189 125 155 220 184 288 118 119 37 36 0 0 0 0 0 0 0 0 0 0 2023
149 129 406 120 218 192 295 113 195 132 37 37 0 0 0 0 0 2023
129 155 415 129 297 185 211 190 123 116 37 36 0 0 2023
130 153 119 291 414 188 220 190 122 123 36 37 0 0 0 2023
129 151 114 286 405 198 220 197 129 118 39 37 0 0 0 2023
127 118 152 292 415 189 197 213 117 128 38 37 0 0 0 0 0 0 0 0 0 2023
137 120 148 189 295 414 119 185 126 218 35 37 0 0 0 2023
136 123 297 141 198 415 121 183 214 125 37 33 0 0 0 0 0 0 0 0 2023
127 204 295 120 144 408 187 216 119 134 32 37 0 0 0 0 0 2023
125 210 395 288 144 193 120 222 131 126 37 32 0 0 0 0 0 0 0 0 0 2023
120 207 394 294 147 189 121 134 221 128 37 31 0 0 0 0 0 2023
121 295 200 407 146 177 124 141 128 218 37 29 0 0 0 0 2023
293 128 202 407 145 179 143 121 124 215 29 37 0 0 0 0 0 0 0 0 2023
287 202 145 188 121 401 148 123 124 214 33 37 0 2023
196 292 145 120 192 404 146 121 214 122 34 37 0 0 0 2023
277 191 121 141 198 412 216 118 152 125 35 37 0 0 0 2023
193 289 115 142 401 189 215 157 133 118 34 37 0 0 0 0 0 2023
287 185 144 124 192 409 213 154 116 130 32 37 0 0 0 0 0 0 0 0 0 0 0 2023
142 296 117 187 195 216 147 405 134 115 32 37 0 0 0 0 0 0 0 2023
302 142 119 191 180 205 417 133 152 114 31 37 0 0 0 0 2023
290 143 119 181 219 183 416 127 157 120 31 37 0 0 0 0 0 0 2023
142 297 125 181 414 214 125 187 32 117 152 37 0 0 2023
181 292 138 421 127 179 216 32 120 122 158 37 0 0 0 0 0 0 0 0 0 0 0 0 0 0 0 2023
186 141 280 423 183 30 217 121 127 124 154 37 0 0 0 0 0 0 0 0 2023
190 423 285 143 180 30 211 129 124 119 152 37 0 0 0 0 0 2023
187 429 142 283 183 215 129 115 30 149 124 37 0 0 0 0 0 0 0 0 0 0 0 2023
190 424 143 290 220 179 131 116 143 31 119 37 0 0 0 0 0 0 0 0 2023
134 426 288 184 211 193 129 117 32 151 121 37 0 0 0 2023
135 418 294 189 209 132 112 194 122 33 37 148 0 0 0 0 0 0 0 0 0 0 0 0 0 0 0 0 0 0 0 0 0 0 0 0 0 0 2023
125 286 425 191 211 138 107 132 193 37 32 146 0 0 0 0 0 0 0 0 2023
194 291 124 424 210 109 141 188 137 37 138 30 0 0 0 2023
200 120 420 291 121 187 138 218 135 125 31 37 2023
203 119 420 190 295 121 135 214 133 125 31 37 0 0 0 0 2023
130 191 417 296 202 108 215 136 133 128 30 37 0 0 0 0 0 0 0 0 2023
124 190 424 114 213 286 202 138 136 128 31 37 0 0 0 0 0 0 0 0 0 0 0 0 0 0 0 0 2023
185 419 115 123 291 195 221 136 127 144 30 37 0 0 0 0 0 2023
425 113 190 126 288 196 219 133 137 130 29 37 0 0 0 2023
427 110 128 182 187 297 220 136 141 130 28 37 0 0 0 0 0 0 0 0 2023
112 426 186 125 186 224 287 143 29 140 128 37 0 0 0 0 0 0 0 0 0 0 0 0 0 0 2023
422 192 194 125 105 226 283 142 134 132 31 37 0 0 0 0 0 2023
417 198 101 192 129 226 278 137 136 142 30 37 0 0 0 0 0 0 0 0 0 0 0 2023
94 419 199 185 227 129 136 281 142 145 37 29 0 0 0 2023
417 190 96 180 231 127 143 143 288 142 37 29 0 0 0 0 0 0 0 0 0 0 0 0 0 0 0 0 0 0 0 0 0 0 0 2023
188 412 189 232 122 95 147 141 290 141 29 37 0 0 0 0 0 0 0 0 0 2023
186 412 189 227 94 124 148 138 293 146 29 37 0 0 0 0 0 2023
187 189 422 90 154 228 281 126 136 145 37 28 0 0 0 0 0 0 0 0 0 0 0 0 0 0 0 0 0 2023
188 178 421 223 90 156 293 125 145 139 28 37 0 0 2023
182 419 194 237 278 154 94 122 141 136 37 29 0 0 0 0 0 0 0 0 0 0 0 0 2023
182 419 279 194 155 234 137 91 122 37 143 30 0 0 0 2023
422 267 181 152 197 229 148 94 120 147 29 37 0 0 0 0 0 0 0 0 2023
274 417 153 192 149 228 149 87 182 121 37 34 0 0 0 0 0 0 0 0 0 2023
412 199 278 150 151 221 147 183 95 115 35 37 0 0 0 0 0 0 0 0 0 2023
428 193 280 150 218 154 143 176 92 117 35 37 0 0 0 0 2023
151 418 198 291 162 214 132 180 113 92 35 37 0 0 2023
421 158 153 296 189 132 209 185 35 117 91 37 0 0 0 0 2023
160 424 158 182 284 128 185 221 94 114 36 37 0 0 0 0 2023
418 163 159 286 129 219 182 188 91 115 36 37 0 2023
421 154 140 285 159 223 185 177 114 36 92 37 0 0 0 2023
422 154 221 282 155 142 178 184 114 36 98 37 0 0 0 0 2023
417 226 145 284 146 175 185 112 154 106 36 37 0 0 0 0 0 0 0 2023
413 146 228 284 177 191 118 147 148 99 37 35 0 0 0 0 0 0 0 0 0 2023
408 142 230 197 287 148 177 144 115 35 103 37 0 0 2023
416 154 233 178 157 282 174 121 102 136 37 33 0 0 0 0 2023
416 229 152 178 158 122 287 175 130 37 107 32 0 0 0 0 0 0 2023
409 235 143 189 166 287 114 165 108 137 37 33 0 0 0 0 0 0 2023
407 242 140 291 171 184 159 104 138 118 32 37 0 0 0 0 0 0 0 0 0 0 0 0 0 0 0 2023
407 224 290 140 174 192 143 167 118 98 33 37 0 0 0 0 0 0 0 2023
295 412 226 138 194 172 159 113 139 102 36 37 0 0 0 0 0 0 0 0 0 0 2023
286 409 142 233 160 175 192 117 131 34 107 37 0 0 0 0 0 0 0 0 0 2023
136 414 285 148 231 198 182 133 117 107 35 37 0 0 0 0 0 0 0 0 0 0 0 2023
285 416 150 148 189 227 179 127 117 115 33 37 0 0 0 0 0 0 0 0 0 0 0 0 0 0 2023
289 152 419 180 169 149 237 138 118 101 37 34 0 0 0 0 0 0 0 0 0 0 0 0 0 2023
287 146 179 180 411 235 152 151 118 37 93 34 0 0 0 0 2023
299 187 143 175 409 231 117 151 146 95 37 33 0 0 0 0 0 2023
197 410 164 296 134 234 118 93 152 153 37 35 0 2023
195 405 172 140 227 304 88 108 158 147 42 37 0 0 0 0 0 0 2023
193 161 162 417 232 286 159 88 140 40 108 37 0 0 0 0 0 0 2023
179 153 165 233 418 292 160 89 107 148 42 37 0 0 0 0 0 0 2023
168 180 149 232 292 410 161 115 84 40 155 37 0 0 0 0 0 0 2023
190 167 152 230 406 289 162 111 42 150 87 37 0 0 0 0 0 0 0 0 0 2023
171 189 415 228 157 276 156 45 153 108 88 37 0 0 0 2023
416 168 154 234 180 156 276 42 162 84 114 37 0 0 0 0 0 0 0 0 0 0 2023
164 185 416 228 176 272 160 42 118 149 76 37 0 0 0 2023
410 153 224 185 283 185 158 44 147 112 85 37 0 0 0 0 0 0 0 2023
410 227 154 180 184 282 157 112 42 151 87 37 0 0 0 0 0 2023
156 409 235 181 182 277 160 110 45 86 145 37 0 0 0 0 0 0 0 0 2023
162 231 415 189 277 169 161 43 114 143 82 37 0 2023
419 195 272 152 227 181 113 160 40 143 84 37 0 0 0 0 0 0 0 0 0 2023
419 182 226 277 151 184 111 41 166 81 148 37 0 0 0 0 0 0 0 2023
185 411 273 233 109 42 187 152 148 158 88 37 0 0 0 0 0 0 0 0 0 0 0 0 0 0 0 0 0 2023
412 283 189 217 39 114 167 180 136 161 88 37 0 0 0 0 0 0 0 2023
286 190 405 40 115 220 184 163 139 83 161 37 0 0 0 0 0 0 0 2023
282 38 191 406 192 121 223 138 153 92 150 37 0 0 0 0 0 0 0 0 0 0 0 2023
283 186 43 410 190 226 116 136 152 91 153 37 0 0 0 0 0 0 0 0 0 0 0 0 0 0 2023
190 277 43 420 189 115 133 152 223 152 92 37 0 0 0 0 0 0 0 0 0 0 0 0 0 2023
187 291 45 418 112 192 129 217 151 148 96 37 0 0 0 0 0 0 2023
184 294 408 111 43 198 231 129 145 141 102 37 0 0 0 0 0 2023
292 189 414 202 112 217 42 147 126 103 142 37 2023
224 283 190 421 115 194 150 44 131 144 90 37 0 0 0 0 0 0 0 0 2023
281 426 222 184 191 112 129 154 151 44 92 37 0 2023
282 420 190 191 223 113 162 131 146 84 44 37 0 0 2023
190 422 193 291 214 162 111 132 141 87 37 43 0 0 0 0 0 0 2023
195 424 195 288 156 109 215 139 92 125 48 37 0 0 0 2023
411 191 291 202 115 149 128 224 92 137 46 37 0 0 0 2023
408 201 294 112 196 128 220 143 104 136 37 44 2023
200 401 198 290 128 112 222 107 137 44 147 37 0 0 0 0 0 2023
406 201 197 293 104 139 221 126 117 38 144 37 0 0 0 0 0 0 0 0 2023
415 192 298 189 216 116 141 145 37 129 105 40 0 0 2023
425 192 290 217 181 151 116 37 129 138 104 43 0 0 0 0 0 0 0 0 0 0 2023
291 418 194 211 194 135 116 37 104 128 148 47 0 0 0 0 0 0 2023
285 416 195 222 192 137 109 106 50 131 143 37 0 0 0 0 0 2023
192 422 278 197 216 47 148 118 102 134 132 37 2023
420 192 196 277 226 43 115 106 142 133 136 37 0 0 0 0 0 2023
188 190 423 277 37 218 117 102 135 152 141 43 0 0 2023
274 183 199 427 221 37 118 126 146 96 151 45 0 0 0 2023
274 186 421 192 226 134 37 117 109 134 150 43 0 0 0 0 0 0 0 2023
283 188 195 412 218 120 126 114 132 37 155 43 0 0 2023
194 283 412 190 114 219 118 132 131 151 42 37 0 0 0 0 0 0 0 0 0 0 2023
180 292 182 421 218 120 108 133 136 155 37 41 0 0 0 0 0 0 0 0 0 2023
293 185 190 213 417 150 135 116 106 135 46 37 0 0 0 0 0 0 0 2023
184 283 217 188 148 426 138 110 129 115 37 48 0 0 0 0 0 0 0 0 0 0 0 0 0 0 0 0 0 0 2023
279 185 219 192 425 153 136 120 110 124 43 37 0 0 0 0 0 0 2023
186 286 221 411 187 159 137 120 129 42 108 37 0 0 0 0 2023
289 189 218 148 188 419 134 115 115 44 127 37 0 0 0 0 0 2023
184 281 227 156 417 135 186 113 133 111 37 43 0 0 0 0 2023
281 178 418 226 159 142 181 133 122 37 103 43 0 0 0 0 0 0 0 0 0 0 2023
411 288 183 157 224 153 135 126 172 93 37 44 0 2023
414 187 290 135 224 151 156 165 121 99 37 44 0 0 0 0 2023
414 286 193 225 138 147 159 120 168 37 95 41 0 0 0 0 0 0 0 2023
414 287 200 223 138 162 122 165 139 95 41 37 2023
298 215 412 192 141 144 157 172 127 42 86 37 0 0 0 0 0 0 0 0 0 2023
219 296 178 418 144 189 148 142 118 46 88 37 0 0 0 0 0 0 0 2023
217 413 294 173 145 200 149 122 87 142 37 44 0 0 0 0 0 0 0 2023
216 415 141 299 164 195 155 95 118 37 143 45 0 0 2023
220 147 292 421 163 193 150 94 120 37 142 44 0 0 0 0 0 2023
222 137 413 147 299 170 123 195 99 139 37 42 0 2023
118 227 416 286 173 137 147 146 190 104 37 42 0 0 0 0 0 0 2023
134 287 424 175 227 122 192 141 139 103 37 42 0 0 0 0 0 0 2023
286 146 413 182 126 225 194 140 93 42 139 37 0 0 0 0 0 0 0 0 0 0 2023
144 291 417 161 128 227 191 92 40 142 153 37 0 0 0 0 0 0 2023
168 148 290 412 222 126 193 144 91 42 150 37 0 0 0 0 2023
165 141 416 223 291 197 123 136 97 155 42 37 0 0 0 0 2023
