0.441529 1.08409
0.441638 1.08409
0.441746 1.08939
0.441882 1.09998
0.441841 1.09469
0.441679 1.08676
0.441787 1.09204
0.441774 1.09732
0.441634 1.08414
0.441473 1.07362
0.441531 1.07887
0.441617 1.07887
0.441626 1.08412
0.441859 1.10248
0.441916 1.09986
0.442051 1.10771
0.441912 1.09987
0.44185 1.09464
0.441809 1.09464
0.44165 1.08943
0.441756 1.09203
0.441646 1.08943
0.441655 1.08683
0.441691 1.08943
0.441748 1.09202
0.441638 1.08424
0.441501 1.07906
0.441248 1.0687
0.441256 1.06612
0.441148 1.06353
0.441012 1.0532
0.440953 1.05062
0.441106 1.05836
0.441047 1.05321
0.441007 1.05321
0.4409 1.04806
0.441053 1.05577
0.440898 1.05064
0.440907 1.04807
0.440991 1.05576
0.44081 1.04296
0.440704 1.03785
0.440618 1.03274
0.440702 1.03784
0.440711 1.03784
0.4407 1.03275
0.440757 1.04039
0.440793 1.03784
0.440849 1.04546
0.441074 1.05562
0.441082 1.05816
0.441212 1.06829
0.441315 1.07083
0.441116 1.06577
0.44103 1.05566
0.440926 1.05313
0.440841 1.04556
0.440831 1.04808
0.440886 1.04808
0.440875 1.04556
0.440791 1.04305
0.440827 1.04305
0.440789 1.04305
0.440778 1.04305
0.440833 1.04556
0.44073 1.03805
0.440508 1.02804
0.440406 1.02304
0.440415 1.02304
0.440313 1.02055
0.440276 1.01556
0.440312 1.01556
0.440413 1.02303
0.440128 1.0106
0.440046 1.00314
0.440128 1.00811
0.44 1.00067
0.439808 0.995712
0.439909 0.995712
0.439945 1.00066
0.439818 0.990773
0.439991 0.998181
0.439955 0.998181
0.440127 1.01051
0.440181 1.01051
0.440217 1.00805
0.440361 1.02034
0.440397 1.0228
0.440541 1.03016
0.440621 1.03261
0.440719 1.03997
0.440664 1.03507
0.440628 1.03507
0.440663 1.03507
0.440537 1.03018
0.440438 1.0253
0.440491 1.02774
0.440437 1.02774
0.44049 1.02774
0.440302 1.01801
0.440178 1.01072
0.440124 1.01072
0.440222 1.01315
0.440257 1.01557
0.440354 1.02042
0.440345 1.01558
0.440309 1.01799
0.4403 1.01558
0.440308 1.01799
0.440387 1.02282
0.440308 1.018
0.440299 1.018
0.440263 1.01559
0.440254 1.01799
0.44035 1.0204
0.440297 1.018
0.440262 1.0156
0.440078 1.00841
0.439956 0.998831
0.439774 0.994046
0.439696 0.984483
0.439514 0.977317
0.439653 0.982091
0.439558 0.979706
0.439524 0.97494
0.439775 0.986845
0.439827 0.991603
0.439991 0.996357
0.439871 0.993982
0.440034 1.00585
0.439914 0.996363
0.439863 0.996363
0.439914 0.996363
0.439777 0.993997
0.439914 0.996361
0.44012 1.00108
0.440214 1.01288
0.440162 1.00817
0.440128 1.00817
0.439949 1.00346
0.440043 1.00346
0.439992 0.998759
0.439958 0.998759
0.439949 0.998759
0.44 1.0011
0.439992 0.99876
0.439915 0.996419
0.43978 0.987061
0.439789 0.989399
0.439949 0.996406
0.440042 1.00341
0.439907 0.998744
0.43979 0.989423
0.439866 0.991751
0.439916 0.996404
0.439908 0.99408
0.439791 0.989434
0.439657 0.987113
0.439541 0.975516
0.439324 0.966246
0.439333 0.963931
0.439159 0.959303
0.439252 0.959303
0.439369 0.963923
0.439212 0.956998
0.439163 0.956998
0.439172 0.954693
0.439289 0.961602
0.439298 0.961602
0.439084 0.952404
0.439134 0.952404
0.439086 0.947812
0.439136 0.952401
0.439252 0.954693
0.439425 0.968437
0.439377 0.968437
0.439221 0.957001
0.439419 0.970714
0.43955 0.975282
0.439665 0.977563
0.439755 0.986684
0.439584 0.982127
0.439593 0.977574
0.439422 0.963924
0.43935 0.963924
0.439261 0.959381
0.43931 0.961651
0.439465 0.972991
0.439514 0.972991
0.439668 0.979785
0.439798 0.988837
0.439831 0.991098
0.439758 0.986579
0.439831 0.993353
0.439879 0.993353
0.439912 0.991098
0.43996 0.997856
0.439912 0.995605
0.44008 1.0046
0.440072 1.00236
0.43988 0.993371
0.439912 0.995615
0.43984 0.99113
0.439912 0.995612
0.44004 1.00233
0.440151 1.00904
0.44004 1.00234
0.440111 1.00457
0.44 1.0001
0.440032 1.0001
0.44 1.0001
0.440071 1.00233
0.440198 1.01124
0.440387 1.02236
0.440316 1.01791
0.440347 1.01791
0.440276 1.01569
0.440267 1.01791
0.440314 1.01791
0.440267 1.01791
0.440314 1.01791
0.440423 1.02454
0.440548 1.03117
0.440696 1.0378
0.440781 1.04442
0.441007 1.05765
0.441092 1.06205
0.440888 1.05545
0.440778 1.04445
0.440653 1.04005
0.440583 1.03346
0.440574 1.02907
0.440659 1.03784
0.44065 1.03784
0.440658 1.03784
0.440688 1.04222
0.440656 1.03785
0.440648 1.03566
0.440617 1.03566
0.440608 1.03784
0.440462 1.02694
0.440492 1.0313
0.440537 1.0313
0.440452 1.02695
0.440383 1.0226
0.44049 1.03129
0.440535 1.03129
0.440451 1.02478
0.44042 1.02478
0.440412 1.02478
0.440267 1.01612
0.440297 1.01828
0.440342 1.02044
0.440296 1.02044
0.440266 1.01612
0.440296 1.01612
0.440379 1.02259
0.440371 1.02044
0.440416 1.02475
0.440408 1.02259
0.440377 1.02259
0.440482 1.03119
0.44064 1.03763
0.44067 1.03763
0.440714 1.04192
0.440593 1.03977
0.4406 1.03549
0.440705 1.03977
0.440712 1.04191
0.440629 1.03977
0.440523 1.03123
0.440627 1.03763
0.440634 1.03763
0.440775 1.04616
0.440633 1.03764
0.440662 1.03977
0.440558 1.03339
0.440512 1.02914
0.440519 1.03126
0.440474 1.03126
0.440556 1.03338
0.440511 1.03338
0.440481 1.02915
0.440362 1.02068
0.440406 1.02491
0.440361 1.02703
0.440221 1.01436
0.440177 1.01225
0.44011 1.00803
0.440176 1.01224
0.440257 1.01646
0.440103 1.01014
0.44 1.00173
0.439993 1.00173
0.439927 0.997532
0.439956 1.00383
0.440146 1.01012
0.440139 1.01012
0.440219 1.01431
0.440175 1.0164
0.440145 1.01013
0.440174 1.0164
0.440218 1.01431
0.440247 1.01222
0.440181 1.01222
0.440029 1.00805
0.440036 1.00389
0.440029 1.0018
0.440181 1.0122
0.440317 1.01844
0.440288 1.01844
0.440317 1.02052
0.440432 1.02674
0.440568 1.03296
0.440646 1.03917
0.440603 1.03503
0.440681 1.04124
0.440637 1.03917
0.44068 1.04124
0.4406 1.03711
0.440643 1.03917
0.440457 1.02886
0.440428 1.0268
0.440456 1.03092
0.440498 1.03092
0.440491 1.03092
0.440462 1.02887
0.440419 1.02887
0.440461 1.02887
0.440524 1.02681
0.440531 1.03296
0.440382 1.02067
0.440424 1.02681
0.44024 1.02068
0.440317 1.02068
0.440345 1.02068
0.440317 1.02068
0.440098 1.01252
0.44007 1.0064
0.440169 1.00844
0.44014 1.01047
0.440168 1.00844
0.44014 1.01047
0.440203 1.00844
0.440245 1.01656
0.440238 1.01656
0.440314 1.02062
0.440342 1.02062
0.440209 1.01454
0.440097 1.00847
0.440139 1.01049
0.440202 1.01252
0.440104 1.00848
0.440166 1.00646
0.440208 1.01453
0.440235 1.01453
0.440173 1.01251
0.440166 1.01251
0.440173 1.01251
0.440373 1.02056
0.44031 1.02056
0.440338 1.02256
0.44031 1.02056
0.440165 1.00852
0.440103 1.00852
0.440165 1.01453
0.440137 1.01053
0.440233 1.01453
0.44024 1.01653
0.440267 1.01853
0.440171 1.01254
0.440266 1.01453
0.440273 1.01852
0.440334 1.02251
0.440375 1.0245
0.4403 1.01853
0.440204 1.01455
0.440231 1.01852
0.440272 1.01852
0.440299 1.02051
0.440271 1.01853
0.44023 1.01654
0.440203 1.01456
0.440264 1.01654
0.440304 1.0205
0.440229 1.01852
0.440135 1.01061
0.439993 1.00074
0.44 1.00271
0.439859 0.99482
0.439832 0.992848
0.440027 1.0027
0.440067 1.00664
0.439826 0.990895
0.439966 1.00073
0.43996 1.00073
0.439866 0.994836
0.439826 0.992873
0.439833 0.992873
0.439827 0.992873
0.439867 0.994832
