140.649 -17.9299 -17.9299 25.5755
94.8369 -10.7537 -10.7537 25.4206
197.278 -3.58882 -3.58882 27.1006
99.1608 5.62317 5.62317 16.2629
117.717 13.5655 13.5655 18.6656
136.788 -17.6345 -17.6345 23.4237
101.603 22.825 22.825 31.2464
127.143 -21.7288 -21.7288 23.2085
78.3993 16.8768 16.8768 22.7357
177.719 -25.0599 -25.0599 53.0177
95.3327 5.2151 5.2151 21.5581
129.661 -4.08672 -4.08672 17.419
230.421 36.3004 36.3004 21.6055
133.79 -14.2199 -14.2199 33.8378
204.493 -4.13211 -4.13211 12.3885
123.97 -5.71059 -5.71059 15.2857
87.6886 7.48358 7.48358 21.0435
212.64 -4.52025 -4.52025 17.8801
117.547 -16.6494 -16.6494 28.1561
75.7042 -10.078 -10.078 25.178
121.608 7.43161 7.43161 27.6154
79.0874 12.8562 12.8562 18.6902
78.6392 -4.66445 -4.66445 27.5481
155.001 9.46392 9.46392 23.1901
129.395 -28.1531 -28.1531 26.3477
114.034 -4.93417 -4.93417 17.8898
175.742 9.39087 9.39087 15.099
88.6778 -2.01626 -2.01626 21.6993
58.9406 1.62951 1.62951 23.6324
147.609 55.9914 55.9914 48.817
149.618 10.9741 10.9741 11.7788
82.6187 -19.6851 -19.6851 31.9273
90.9615 -11.6834 -11.6834 21.5852
110.026 7.1053 7.1053 31.321
127.099 -16.5078 -16.5078 19.1376
79.2789 -7.67955 -7.67955 36.7855
174.132 6.52935 6.52935 27.3801
120.226 -0.0936843 -0.0936843 14.6286
89.4063 -2.09901 -2.09901 8.79157
105.304 -13.0547 -13.0547 39.6994
58.7472 -4.65338 -4.65338 13.6154
83.1937 0.611603 0.611603 22.7694
85.3527 11.3744 11.3744 13.594
81.9436 -3.11657 -3.11657 14.0932
112.011 -11.0763 -11.0763 16.858
105.908 1.38609 1.38609 21.0086
76.2286 -4.36631 -4.36631 19.6885
200.215 16.3512 16.3512 17.7656
185.446 -11.936 -11.936 26.7767
104.954 7.62403 7.62403 26.3117
115.657 15.4762 15.4762 25.6168
95.3471 -17.7712 -17.7712 31.4083
181.898 -26.4388 -26.4388 19.8448
77.8048 -6.6511 -6.6511 35.5443
103.887 22.7127 22.7127 23.9316
85.2236 15.0211 15.0211 21.8237
93.121 28.2968 28.2968 54.9717
101.022 -35.6679 -35.6679 31.842
53.9847 -5.09744 -5.09744 18.2016
128.883 -5.67583 -5.67583 14.1
67.7946 4.5938 4.5938 47.7552
192.281 3.86283 3.86283 15.3623
98.8654 14.153 14.153 37.9118
127.544 16.3462 16.3462 31.0033
153.829 6.01683 6.01683 14.0252
337.981 40.9658 40.9658 18.8773
70.0624 12.7114 12.7114 11.8312
112.464 -18.6284 -18.6284 25.6891
76.6574 19.8337 19.8337 28.7065
65.6611 -3.32244 -3.32244 23.0875
185.785 28.7179 28.7179 38.8626
73.0043 0.794525 0.794525 13.05
126.101 -15.6111 -15.6111 23.3724
118.101 9.10103 9.10103 12.8162
152.437 -3.3435 -3.3435 11.4752
76.0738 -0.503412 -0.503412 15.48
154.236 1.43883 1.43883 17.031
143.184 67.7253 67.7253 58.8042
117.141 -7.31738 -7.31738 14.8109
108.161 -4.33678 -4.33678 26.884
61.7578 1.43818 1.43818 21.4257
146.087 4.29015 4.29015 23.8642
128.183 -17.1949 -17.1949 23.0166
132.463 29.4747 29.4747 28.1965
84.6949 -4.34811 -4.34811 14.6491
66.9183 -11.7775 -11.7775 16.8707
173.19 8.11566 8.11566 14.3826
92.4012 9.59277 9.59277 17.7318
71.4671 -8.14972 -8.14972 18.4891
145.976 -39.5381 -39.5381 40.3223
47.4856 3.71849 3.71849 16.0439
57.0689 -0.995991 -0.995991 11.636
82.5225 12.2921 12.2921 19.7651
168.785 -18.4897 -18.4897 24.9813
60.6563 9.07556 9.07556 16.0249
145.011 18.41 18.41 16.8571
44.0981 -0.286044 -0.286044 10.1136
84.8126 21.5547 21.5547 17.1725
171.666 36.3149 36.3149 25.5694
416.985 -26.7875 -26.7875 16.1144
170.569 -1.60779 -1.60779 14.5713
78.1376 0.200926 0.200926 25.1861
65.2692 9.60219 9.60219 10.7837
145.347 7.18844 7.18844 19.4761
63.7047 -3.38608 -3.38608 22.9775
70.5385 -0.423104 -0.423104 19.7528
76.0134 7.05668 7.05668 16.385
78.6355 8.18285 8.18285 26.1862
46.3736 3.00494 3.00494 14.6468
73.7294 -3.36561 -3.36561 10.7736
65.2972 0.451513 0.451513 15.975
116.66 26.7457 26.7457 41.2615
80.8261 -0.438686 -0.438686 23.9276
108.98 5.51145 5.51145 13.013
84.1369 -4.81778 -4.81778 12.7721
98.4109 -8.01196 -8.01196 28.4105
145.963 -45.873 -45.873 37.9567
80.0775 2.59257 2.59257 32.3067
46.2604 -0.956715 -0.956715 12.5317
91.1481 11.4748 11.4748 19.5004
132.031 -17.4799 -17.4799 27.1041
98.5275 4.72035 4.72035 36.1395
82.588 -5.0759 -5.0759 13.3054
75.5851 -7.87233 -7.87233 14.9381
119.384 -19.1107 -19.1107 24.2731
69.8827 -7.62175 -7.62175 17.849
62.1582 22.5241 22.5241 52.1856
78.7007 -1.12894 -1.12894 50.5557
65.1713 1.09895 1.09895 25.3099
212.807 49.5215 49.5215 51.7702
117.697 29.3284 29.3284 41.9436
54.1259 -5.8709 -5.8709 17.7451
119.483 -8.35534 -8.35534 20.5997
83.2021 17.8295 17.8295 28.8992
108.23 -10.193 -10.193 22.5722
110.215 -23.5384 -23.5384 18.7978
87.8937 7.43923 7.43923 16.8649
83.7952 -3.1597 -3.1597 19.2786
53.4745 8.97239 8.97239 28.7419
288.03 -11.6168 -11.6168 16.7454
131.83 8.17635 8.17635 31.6814
165.876 32.4671 32.4671 20.6646
73.847 2.27234 2.27234 17.6356
101.401 -7.72867 -7.72867 22.7238
89.524 14.9051 14.9051 18.4485
72.4846 -4.69311 -4.69311 12.145
66.1874 -3.32636 -3.32636 12.2549
72.5916 10.5971 10.5971 15.6743
80.1668 7.00417 7.00417 25.8291
131.285 -39.5324 -39.5324 31.2988
80.9898 14.3583 14.3583 17.3482
50.8321 -1.86443 -1.86443 14.8641
40.2893 -4.03314 -4.03314 15.1786
249.375 -16.0799 -16.0799 27.4765
45.91 -0.513875 -0.513875 30.6834
64.854 1.25716 1.25716 16.7196
44.5456 -1.7157 -1.7157 15.0497
167.041 0.620723 0.620723 20.2838
89.0837 3.7547 3.7547 18.9723
90.4167 4.30749 4.30749 14.3874
67.4956 2.09078 2.09078 15.5139
90.5431 -2.74539 -2.74539 18.9663
78.2592 3.59972 3.59972 26.9754
48.0247 2.78062 2.78062 31.7775
89.7721 1.6111 1.6111 20.973
89.5566 -0.996546 -0.996546 15.6441
128.209 28.7114 28.7114 34.5858
122.162 8.94283 8.94283 12.5061
95.1566 -26.9623 -26.9623 23.1188
181.571 1.70589 1.70589 15.3808
93.527 -0.428593 -0.428593 12.1921
103.559 15.9401 15.9401 24.4762
245.623 11.1589 11.1589 50.3059
239.607 -41.5444 -41.5444 29.0664
135.732 -12.8811 -12.8811 23.5
91.4552 3.75914 3.75914 17.7681
94.6634 -14.0223 -14.0223 18.2137
143.492 -19.0098 -19.0098 13.7345
115.602 -2.43575 -2.43575 22.3894
65.1999 -2.85491 -2.85491 20.187
105.554 -16.8502 -16.8502 12.6378
80.3178 9.74051 9.74051 12.3198
89.6408 19.8216 19.8216 24.9059
64.133 -5.19564 -5.19564 16.9639
222.807 -0.0550556 -0.0550556 26.2871
161.35 -0.260964 -0.260964 10.0207
201.545 -3.60555 -3.60555 36.9034
99.8802 5.74519 5.74519 19.3883
129.377 11.5443 11.5443 30.835
57.6351 2.33944 2.33944 12.5222
102.347 -4.08692 -4.08692 12.0342
70.0336 -0.933762 -0.933762 21.1209
61.3596 7.31647 7.31647 16.4251
105.178 12.0624 12.0624 14.5334
119.309 -14.1039 -14.1039 13.7239
79.973 -4.77463 -4.77463 45.5389
72.1387 -2.07685 -2.07685 30.059
201.151 23.3789 23.3789 21.6835
102.026 27.2635 27.2635 23.0771
88.7421 -9.87789 -9.87789 11.7342
98.713 -10.9064 -10.9064 17.0004
113.375 -10.8014 -10.8014 13.3104
71.1438 -11.8025 -11.8025 12.4412
130.78 0.869701 0.869701 15.0156
101.608 -0.548366 -0.548366 17.215
69.0776 -0.221707 -0.221707 16.6496
90.2765 23.7875 23.7875 34.3982
72.0178 -17.8607 -17.8607 28.7403
99.5308 18.8365 18.8365 19.8003
87.6009 -7.57464 -7.57464 18.5794
90.622 0.279986 0.279986 54.5096
114.132 18.6262 18.6262 24.4753
105.303 6.20462 6.20462 11.9888
45.3442 -1.9006 -1.9006 30.3784
94.4887 -0.607015 -0.607015 9.45041
77.2227 -6.17851 -6.17851 35.5309
118.357 5.37275 5.37275 11.1481
154.921 -7.49323 -7.49323 14.8562
53.4151 -0.349557 -0.349557 22.0972
119.168 7.66608 7.66608 46.6983
133.271 -4.53785 -4.53785 11.7845
154.39 32.2094 32.2094 22.821
73.0463 11.1252 11.1252 21.7619
60.5156 4.31624 4.31624 17.7183
102.863 0.344306 0.344306 25.4295
99.6715 20.4379 20.4379 24.5494
201.615 23.9512 23.9512 30.8969
182.923 25.7362 25.7362 25.4547
174.628 -40.3659 -40.3659 37.4867
69.2889 4.74981 4.74981 17.4489
88.2731 1.47119 1.47119 21.9282
74.8792 8.05162 8.05162 20.2458
90.953 0.342444 0.342444 25.773
65.5943 -7.39503 -7.39503 23.3375
78.6257 3.40409 3.40409 32.1788
137.929 14.1523 14.1523 20.2386
70.691 6.45708 6.45708 33.7534
121.266 -12.7063 -12.7063 22.329
72.9781 -6.11833 -6.11833 15.5605
110.136 1.76913 1.76913 23.7658
92.4649 17.5481 17.5481 47.0145
84.5685 2.31415 2.31415 23.4378
112.976 -9.42102 -9.42102 22.0868
176.966 25.6007 25.6007 19.4805
174.136 -5.00343 -5.00343 32.316
76.8053 13.7122 13.7122 17.6909
114.063 -18.0335 -18.0335 27.3062
79.4745 8.14355 8.14355 9.51985
120.158 7.15422 7.15422 14.6257
66.971 -14.1058 -14.1058 22.1939
158.162 17.8044 17.8044 15.4615
170.001 -9.9163 -9.9163 59.1182
52.9788 -10.9826 -10.9826 26.6832
142.107 -25.3413 -25.3413 24.3686
46.3375 -10.1811 -10.1811 34.6329
101.71 -5.93711 -5.93711 27.9922
84.6225 -6.14896 -6.14896 29.8751
62.4007 -12.0792 -12.0792 29.2972
96.1403 1.51992 1.51992 21.8147
75.6746 7.45348 7.45348 14.0045
142.581 38.2757 38.2757 32.5548
142.974 4.13698 4.13698 18.4566
91.8519 -5.64751 -5.64751 18.9521
95.4893 -0.899648 -0.899648 25.0482
139.383 -26.5634 -26.5634 28.7081
70.6744 6.81376 6.81376 14.1736
82.3156 6.95392 6.95392 9.96929
80.9103 -6.67517 -6.67517 20.7776
134.046 13.9669 13.9669 54.1195
159.479 -31.2072 -31.2072 27.24
125.603 -12.3212 -12.3212 10.6363
92.9612 0.588796 0.588796 25.2677
58.0598 -7.67412 -7.67412 10.1509
170.024 9.73651 9.73651 34.2163
63.6225 -5.03203 -5.03203 9.45818
159.374 32.1115 32.1115 25.1034
284.22 -20.1052 -20.1052 45.4073
52.768 -13.048 -13.048 31.2294
85.0905 -0.88553 -0.88553 27.0273
36.238 7.89703 7.89703 18.2128
146.934 11.7123 11.7123 30.5052
70.1703 -4.32244 -4.32244 23.022
66.6676 9.71151 9.71151 37.8031
206.207 -16.3738 -16.3738 14.4681
109.645 10.5279 10.5279 20.0887
53.5896 1.03726 1.03726 22.526
117.632 15.9628 15.9628 19.2212
85.5037 9.35807 9.35807 24.9293
149.398 -17.1092 -17.1092 25.8829
82.4247 0.0435127 0.0435127 40.1674
183.753 -1.93332 -1.93332 33.0516
61.324 8.97987 8.97987 21.8886
99.2036 14.5129 14.5129 23.2994
109.145 -3.39461 -3.39461 14.6013
85.1668 5.06812 5.06812 30.6122
58.8241 10.1593 10.1593 24.1007
121.12 1.20534 1.20534 19.1242
63.3074 1.07395 1.07395 13.6485
157.248 -9.14954 -9.14954 23.9673
120.705 6.9999 6.9999 22.1597
95.2657 6.08516 6.08516 10.4923
146.643 -25.6259 -25.6259 44.1245
78.797 -18.7312 -18.7312 30.0502
130.087 6.43257 6.43257 18.4563
70.9245 -0.881861 -0.881861 11.6931
226.56 8.01292 8.01292 19.8071
58.0883 0.618758 0.618758 15.0328
60.1152 -5.25702 -5.25702 9.76997
81.331 -5.59587 -5.59587 19.8306
68.4657 5.02949 5.02949 9.37503
224.734 -38.4539 -38.4539 18.4077
89.1737 24.7009 24.7009 27.1165
110.365 6.89557 6.89557 15.2857
137.362 -19.1231 -19.1231 14.2623
92.7534 4.45289 4.45289 27.0164
296.173 -86.3958 -86.3958 57.6232
125.786 6.67243 6.67243 10.75
274.731 25.0669 25.0669 30.136
101.772 1.01012 1.01012 16.4338
125.227 11.7941 11.7941 13.5664
131.054 7.13754 7.13754 12.5239
163.848 2.77598 2.77598 26.0926
104.445 -4.61569 -4.61569 12.4402
107.678 -1.76681 -1.76681 23.0041
109.214 13.57 13.57 10.0207
79.8298 1.60844 1.60844 21.3193
65.4919 10.8677 10.8677 27.749
99.1396 12.6938 12.6938 27.4787
88.7283 7.76846 7.76846 11.1616
118.611 11.0561 11.0561 20.9234
134.787 20.1534 20.1534 28.5728
54.0135 4.23529 4.23529 18.3068
288.51 -115.936 -115.936 82.7662
67.1818 0.274055 0.274055 12.0906
139.055 23.5709 23.5709 19.3526
84.4984 7.32293 7.32293 15.4852
155.941 29.9635 29.9635 25.4371
103.266 -0.724278 -0.724278 10.0825
82.0839 -4.70027 -4.70027 17.0565
116.032 -11.4192 -11.4192 24.5397
70.7173 -14.8021 -14.8021 21.5505
78.0439 1.39428 1.39428 15.5198
101.368 13.6087 13.6087 17.6916
64.2699 0.471007 0.471007 27.8168
71.8599 -2.86215 -2.86215 14.5044
121.877 -21.5192 -21.5192 43.0325
80.8602 -15.4523 -15.4523 29.2075
90.7462 14.0566 14.0566 13.7244
78.721 10.8292 10.8292 17.0484
133.604 3.72454 3.72454 20.9252
133.042 -13.9238 -13.9238 13.2321
136.523 -10.2813 -10.2813 28.3449
64.1266 -7.1321 -7.1321 32.128
129.264 0.223316 0.223316 16.4881
54.2494 6.20573 6.20573 23.6021
108.383 13.1825 13.1825 26.9476
115.646 0.16603 0.16603 16.0395
139.159 -39.8294 -39.8294 34.1862
43.2626 8.75901 8.75901 18.185
77.1964 -10.5794 -10.5794 33.5899
155.167 0.209039 0.209039 11.5004
90.2898 0.493756 0.493756 26.3997
121.245 -1.8644 -1.8644 16.4694
111.789 7.36733 7.36733 40.5975
94.1229 23.638 23.638 21.5534
168.998 13.1676 13.1676 27.2158
54.3133 1.46795 1.46795 13.7954
204.868 -2.322 -2.322 15.341
115.701 12.3748 12.3748 13.7604
115.137 -3.21471 -3.21471 29.9371
157.268 11.8913 11.8913 45.8255
83.4494 -7.49102 -7.49102 20.6839
69.0619 6.64416 6.64416 17.7834
80.6911 16.2037 16.2037 30.2282
89.8531 -8.8458 -8.8458 25.138
113.412 3.7642 3.7642 88.0761
59.0509 -3.65422 -3.65422 10.662
72.7919 10.7605 10.7605 22.3318
82.0104 3.75861 3.75861 13.9909
132.804 -0.798906 -0.798906 11.2692
75.1818 -7.50048 -7.50048 35.3297
127.064 14.4655 14.4655 19.5096
262.978 26.5332 26.5332 18.3647
68.5919 -1.14519 -1.14519 12.9626
44.0428 8.80243 8.80243 16.323
170.646 12.2164 12.2164 14.9592
109.633 -5.96805 -5.96805 29.3504
117.296 3.43147 3.43147 16.3171
117.01 5.12705 5.12705 20.0999
47.281 -6.39207 -6.39207 26.5292
68.5837 -0.135181 -0.135181 14.2808
77.1894 2.47095 2.47095 16.1333
79.9933 7.8219 7.8219 16.6204
102.382 -7.2089 -7.2089 13.6694
152.54 -6.28888 -6.28888 19.4804
38.4662 4.47888 4.47888 23.2017
133.815 -2.68147 -2.68147 18.7077
116.12 -9.8861 -9.8861 15.9708
155.435 7.02959 7.02959 17.0856
265.516 -120.269 -120.269 81.2857
56.3112 -6.76241 -6.76241 15.0308
146.748 25.7352 25.7352 38.3392
91.1049 -14.1077 -14.1077 19.0973
46.7592 4.59255 4.59255 32.7464
81.5145 20.3069 20.3069 18.5549
192.302 -1.76219 -1.76219 12.5676
78.9023 -14.2625 -14.2625 19.5431
63.3981 -17.6863 -17.6863 22.293
100.142 16.9134 16.9134 17.5856
358.11 28.2474 28.2474 27.1015
62.0329 0.73717 0.73717 23.0125
262.435 23.9094 23.9094 15.0646
292.402 -32.5432 -32.5432 45.1227
244.135 11.1096 11.1096 19.1868
102.567 10.8479 10.8479 15.6992
87.2267 7.91779 7.91779 20.9513
181.597 34.5093 34.5093 29.3012
140.525 -23.8423 -23.8423 18.0566
44.5135 0.888834 0.888834 21.4225
126.704 -3.76383 -3.76383 12.2909
79.3274 -6.81347 -6.81347 19.4558
120.596 1.31551 1.31551 20.454
136.784 5.45323 5.45323 12.6349
129.993 -13.7695 -13.7695 20.9649
60.3406 2.08351 2.08351 7.22936
119.396 17.3907 17.3907 16.1466
55.688 26.0536 26.0536 38.8818
109.734 -49.3913 -49.3913 91.8024
123.243 5.13871 5.13871 10.6215
93.6243 10.3842 10.3842 21.9227
89.505 11.9126 11.9126 20.9729
151.82 14.2852 14.2852 14.7793
114.067 8.82486 8.82486 15.2662
121.843 -13.8887 -13.8887 12.9104
66.6811 2.63024 2.63024 14.9286
98.692 -6.70676 -6.70676 17.3701
96.7225 9.78795 9.78795 18.991
91.3481 -3.19365 -3.19365 18.4972
74.4833 6.93697 6.93697 21.5703
122.093 6.56189 6.56189 15.6369
60.5541 5.07709 5.07709 13.7569
69.0612 7.94077 7.94077 16.3614
187.799 10.4409 10.4409 28.6065
221.546 -22.835 -22.835 37.6536
88.7347 17.8975 17.8975 35.0237
137.355 35.4078 35.4078 27.4762
104.241 4.67116 4.67116 17.7825
241.11 -22.0901 -22.0901 22.2469
79.229 -0.0116581 -0.0116581 26.7552
83.3211 12.9161 12.9161 38.6777
67.8693 -1.54189 -1.54189 22.0492
132.471 7.0833 7.0833 19.7333
41.323 -0.825473 -0.825473 15.4706
74.7929 9.31309 9.31309 13.1214
125.221 5.47034 5.47034 23.5555
53.4998 2.26419 2.26419 14.9934
100.161 -3.6015 -3.6015 13.6032
75.18 15.2118 15.2118 29.0203
88.4439 -1.47508 -1.47508 22.1079
61.7294 -5.48305 -5.48305 26.5538
83.4762 8.45086 8.45086 28.6527
97.8369 2.79117 2.79117 15.1059
114.761 -7.23288 -7.23288 23.0001
135.246 -2.57271 -2.57271 17.3223
77.3858 7.29225 7.29225 18.3171
58.3228 -4.09105 -4.09105 10.3779
95.6173 -0.625087 -0.625087 15.051
90.5662 -32.327 -32.327 45.1723
128.516 -5.2223 -5.2223 20.8483
123.47 -5.02161 -5.02161 31.9661
116.508 -19.181 -19.181 25.3469
94.6969 11.7395 11.7395 9.37273
83.0304 -2.02038 -2.02038 13.801
104.552 7.87134 7.87134 17.6165
85.4591 15.0263 15.0263 26.7308
74.0155 19.4965 19.4965 25.9388
85.9856 7.25796 7.25796 13.8323
225.605 24.6986 24.6986 22.0324
81.9022 -17.2888 -17.2888 19.7702
74.8809 16.5071 16.5071 29.7884
92.3557 10.915 10.915 21.3171
126.367 -5.55602 -5.55602 19.9644
105.743 -27.5708 -27.5708 38.7829
103.735 13.6016 13.6016 12.2928
56.7297 -12.4415 -12.4415 27.6931
85.649 3.93542 3.93542 8.9661
107.908 20.3586 20.3586 16.9187
78.8636 -21.1677 -21.1677 51.8578
112.943 16.5973 16.5973 27.856
59.2801 0.668871 0.668871 12.8499
118.362 -9.44838 -9.44838 14.9434
134.702 19.5108 19.5108 42.8961
132.365 14.8904 14.8904 24.6226
119.926 13.9 13.9 16.4044
117.3 23.7764 23.7764 23.3226
107.662 -1.73709 -1.73709 19.9214
122.367 3.68537 3.68537 13.3689
65.4049 7.47329 7.47329 11.592
108.642 12.8808 12.8808 35.0971
132.044 2.2517 2.2517 21.5701
63.4374 6.54816 6.54816 20.7387
52.4517 12.0271 12.0271 24.1202
137.108 25.5679 25.5679 18.848
82.7129 18.2499 18.2499 22.4233
155.708 -16.6895 -16.6895 17.933
89.0471 -1.72584 -1.72584 11.78
122.54 23.49 23.49 32.3105
140.291 1.49502 1.49502 21.5609
145.572 12.6531 12.6531 16.2449
75.9252 -12.3007 -12.3007 15.4538
153.704 5.56331 5.56331 12.8894
72.7012 -13.778 -13.778 29.7773
60.8819 -1.19168 -1.19168 23.0389
136.125 9.64229 9.64229 21.5284
87.6374 1.81852 1.81852 14.0158
277.691 5.80642 5.80642 14.6215
170.505 3.23861 3.23861 10.5555
110.227 9.37645 9.37645 17.5814
119.61 10.4022 10.4022 21.149
216.192 36.6749 36.6749 27.572
126.89 -19.0915 -19.0915 22.1392
75.7532 0.485769 0.485769 14.0522
57.2571 1.32605 1.32605 13.9948
99.4164 -2.13806 -2.13806 8.9069
89.6903 7.32604 7.32604 10.5402
119.329 12.8911 12.8911 31.207
100.124 4.30529 4.30529 24.7818
95.5067 11.188 11.188 29.644
85.8973 -5.12032 -5.12032 21.1545
47.7682 -6.76413 -6.76413 36.1812
187.123 -17.3295 -17.3295 11.2002
96.2167 0.73496 0.73496 14.878
120.803 -22.0115 -22.0115 44.0783
159.204 11.4772 11.4772 12.2042
83.0058 -15.0843 -15.0843 38.2406
110.799 20.4132 20.4132 30.2214
68.4617 0.700455 0.700455 34.9962
73.987 8.76902 8.76902 25.4636
107.108 3.75613 3.75613 18.2573
116.226 11.6534 11.6534 26.0896
144.075 -19.3815 -19.3815 16.7343
103.19 5.86813 5.86813 15.29
117.46 9.73151 9.73151 13.6039
109.316 6.25299 6.25299 17.1932
102.063 -5.72062 -5.72062 22.6526
57.4714 -2.11213 -2.11213 24.8889
114.991 -15.2135 -15.2135 30.5933
87.514 17.8057 17.8057 20.365
70.4183 1.04595 1.04595 22.0796
82.6468 8.68087 8.68087 11.5222
85.5539 5.88004 5.88004 9.90871
74.4096 -10.7441 -10.7441 14.8378
80.7914 -3.0623 -3.0623 13.7151
67.9778 -0.095648 -0.095648 17.6366
163.026 -30.1534 -30.1534 21.9638
63.2008 -1.7024 -1.7024 20.2275
161.715 38.9198 38.9198 44.6053
111.012 17.1349 17.1349 33.8655
167.915 38.6752 38.6752 24.9716
113.545 1.91962 1.91962 15.0926
99.8463 7.68658 7.68658 12.1995
77.1875 -2.83761 -2.83761 17.4538
78.0289 -9.82099 -9.82099 17.7807
99.4965 -0.0865046 -0.0865046 40.9389
68.1353 0.900955 0.900955 23.9102
101.63 1.12755 1.12755 12.056
119.535 -15.7131 -15.7131 17.9865
115.67 -5.1245 -5.1245 17.7436
110.726 -21.2741 -21.2741 28.7825
194.512 38.9722 38.9722 25.8257
43.1813 3.94038 3.94038 48.8353
71.9125 1.13996 1.13996 17.9265
70.2857 -2.53923 -2.53923 21.6108
60.0153 6.32545 6.32545 12.0974
116.83 6.51728 6.51728 20.4742
106.001 -35.287 -35.287 52.7053
98.725 14.202 14.202 18.5086
158.364 7.66976 7.66976 21.3373
72.9822 7.67491 7.67491 13.5939
79.7443 -17.1251 -17.1251 32.581
72.7961 -4.96292 -4.96292 11.9775
83.2761 -16.8455 -16.8455 34.2014
157.872 -15.1405 -15.1405 12.8192
55.5106 -4.92415 -4.92415 22.3811
108.838 -6.08482 -6.08482 10.2248
80.2609 -11.9347 -11.9347 33.4375
172.862 -5.36192 -5.36192 19.105
227.259 5.50826 5.50826 29.1283
86.4114 -0.889543 -0.889543 20.0381
87.3249 9.80989 9.80989 21.8691
66.0732 -0.332034 -0.332034 15.4794
71.0473 9.68782 9.68782 23.1894
93.7746 19.72 19.72 19.0813
112.823 -13.8548 -13.8548 12.0017
159.743 35.4064 35.4064 21.4663
112.341 5.29772 5.29772 20.1553
68.0317 4.33283 4.33283 12.1744
207.089 28.2073 28.2073 15.1534
256.777 41.1457 41.1457 37.0036
74.3878 9.14768 9.14768 26.8044
76.504 -17.5444 -17.5444 24.4518
82.9949 -2.14201 -2.14201 17.3034
99.0342 4.70429 4.70429 16.1004
117.262 15.2426 15.2426 53.5629
57.1232 2.96925 2.96925 12.7801
99.7558 -16.7874 -16.7874 29.6735
76.8725 -0.271644 -0.271644 16.5507
91.0914 -22.7479 -22.7479 21.8436
94.3826 6.74752 6.74752 24.2478
96.8105 -17.7164 -17.7164 25.9581
65.7717 8.02186 8.02186 27.7017
102.412 8.5296 8.5296 14.2055
105.138 9.70539 9.70539 15.963
52.0684 2.23831 2.23831 31.9127
148.554 20.137 20.137 39.6795
78.3431 18.0551 18.0551 29.6036
151.041 17.7616 17.7616 17.8701
57.6303 3.66111 3.66111 17.7897
101.86 20.4434 20.4434 30.393
129.229 11.749 11.749 13.3368
105.049 0.522274 0.522274 13.9295
93.0947 18.6333 18.6333 29.7936
73.6031 2.7534 2.7534 16.6653
43.8052 -7.33653 -7.33653 17.3879
76.989 -6.76515 -6.76515 12.3674
147.322 0.901581 0.901581 18.1261
76.7783 -11.4325 -11.4325 20.6403
125.946 -0.787819 -0.787819 19.967
249.365 6.69235 6.69235 8.61982
115.061 14.2021 14.2021 28.6657
106.173 -13.862 -13.862 15.728
82.7012 1.25722 1.25722 13.4404
66.5507 2.48833 2.48833 14.0321
112.871 8.40614 8.40614 21.9706
178.634 15.0637 15.0637 13.1128
50.0378 -4.15397 -4.15397 16.3226
90.6065 -17.0353 -17.0353 22.7473
93.501 7.11177 7.11177 29.6664
87.8901 8.39613 8.39613 15.8268
121.57 19.7884 19.7884 27.2916
102.627 -2.23913 -2.23913 19.0195
86.1089 10.4001 10.4001 22.5737
104.296 10.6388 10.6388 27.0827
89.9287 16.6387 16.6387 23.1732
160.683 -0.759597 -0.759597 14.5228
179.92 16.0855 16.0855 22.0674
132.602 2.03732 2.03732 18.5428
162.268 -13.2832 -13.2832 15.3426
99.4525 -28.5145 -28.5145 23.0009
101.036 -9.95172 -9.95172 23.9109
128.465 23.7466 23.7466 40.3472
80.2401 13.1688 13.1688 30.8961
94.1554 11.802 11.802 46.8269
147.012 0.249996 0.249996 14.5426
62.4625 2.14821 2.14821 19.242
217.058 19.2875 19.2875 18.8198
133.714 18.5649 18.5649 28.3259
49.9406 11.1521 11.1521 20.9659
73.1767 3.21263 3.21263 28.0003
103.785 13.4778 13.4778 13.5244
88.9756 -18.4351 -18.4351 25.1302
88.1154 3.60366 3.60366 21.3868
86.0359 7.5463 7.5463 13.0988
154.538 3.89612 3.89612 13.0627
102.175 8.39608 8.39608 20.3652
115.32 -2.1802 -2.1802 15.0221
91.4775 -5.80698 -5.80698 19.7592
66.6572 -13.5869 -13.5869 35.2895
115.098 17.4557 17.4557 49.8518
107.738 2.93838 2.93838 28.0607
147.059 2.88866 2.88866 28.2382
59.3141 -3.27847 -3.27847 33.7934
84.7294 5.25859 5.25859 15.0111
116.298 -4.66544 -4.66544 21.4083
148.788 19.0998 19.0998 22.0133
117.614 -8.55551 -8.55551 42.932
71.0795 5.78155 5.78155 27.5989
116.769 30.5554 30.5554 26.8304
72.3011 1.17055 1.17055 21.1159
65.5975 3.31071 3.31071 27.4789
137.117 -13.5066 -13.5066 21.941
69.4782 0.540801 0.540801 23.7592
80.9413 -2.90192 -2.90192 12.3416
129.649 15.2964 15.2964 33.5563
60.13 37.3801 37.3801 71.0708
70.4474 -24.6692 -24.6692 30.1245
105.655 12.0798 12.0798 31.0958
140.533 -27.4898 -27.4898 21.0259
240.978 -30.2616 -30.2616 21.4025
80.2974 -14.5649 -14.5649 32.5178
93.2963 -1.73484 -1.73484 14.631
77.3535 -12.7006 -12.7006 16.2292
154.626 -16.4503 -16.4503 34.2087
145.834 4.08894 4.08894 10.8461
79.6785 -1.97534 -1.97534 27.9259
78.0577 -12.7144 -12.7144 24.1299
142.137 -21.0498 -21.0498 15.4112
103.887 -10.8117 -10.8117 15.1621
128.405 -22.858 -22.858 19.962
72.5979 -19.356 -19.356 23.3789
116.355 4.51151 4.51151 20.7433
81.9685 -5.87351 -5.87351 19.346
119.342 2.08256 2.08256 15.1577
87.5966 0.464171 0.464171 29.0092
56.6084 -5.3378 -5.3378 12.5852
99.5064 15.7119 15.7119 24.5533
191.014 31.2035 31.2035 23.5025
91.8737 -1.60928 -1.60928 19.7385
86.7095 -1.73249 -1.73249 28.7701
108.657 3.28846 3.28846 15.0238
81.5907 10.1343 10.1343 20.1681
189.855 7.67503 7.67503 19.0578
79.7178 5.08044 5.08044 16.5473
197.135 -5.37373 -5.37373 29.5698
67.6369 2.81969 2.81969 14.1597
91.1921 -2.10762 -2.10762 18.9397
85.3651 -10.0709 -10.0709 14.7248
160.789 -2.70958 -2.70958 26.2254
51.2658 11.4121 11.4121 33.0302
93.5084 -20.3994 -20.3994 17.5745
68.5196 14.4621 14.4621 29.3855
91.484 -19.2922 -19.2922 24.5494
86.0647 -14.129 -14.129 18.5085
46.8355 -3.03636 -3.03636 18.9217
80.8118 -7.96464 -7.96464 11.1307
73.1111 -2.13375 -2.13375 32.6162
94.4582 -3.93445 -3.93445 23.3442
81.2976 -2.42739 -2.42739 18.7665
70.6099 -23.9257 -23.9257 41.2251
81.7194 -0.809258 -0.809258 20.409
76.6369 14.0012 14.0012 29.3108
109.138 -16.7752 -16.7752 25.2515
324.009 56.2634 56.2634 36.2288
100.757 6.00296 6.00296 14.3916
141.111 -4.28762 -4.28762 11.1521
103.918 20.4227 20.4227 19.0714
97.4454 -1.87074 -1.87074 39.8873
130.138 -9.87693 -9.87693 22.6117
90.6358 9.96412 9.96412 25.2969
92.0234 0.991508 0.991508 11.2634
135.281 0.596015 0.596015 7.51911
80.4968 14.2049 14.2049 20.9758
141.092 2.7351 2.7351 20.661
41.4201 3.65243 3.65243 11.4147
86.5239 21.9016 21.9016 24.2597
105.702 -12.5658 -12.5658 15.6071
146.821 -23.8772 -23.8772 31.2765
117.559 21.7217 21.7217 45.5837
111.099 -10.4356 -10.4356 21.7864
93.5436 -15.5162 -15.5162 22.5296
186.442 25.3742 25.3742 22.3939
89.0945 0.0722275 0.0722275 9.65401
144.232 29.4991 29.4991 24.3489
89.1459 25.5811 25.5811 23.7623
103.38 -18.0218 -18.0218 23.7536
40.5956 -4.81031 -4.81031 16.3687
162.542 2.03873 2.03873 23.6449
76.7588 -24.202 -24.202 44.9439
73.7178 -1.3488 -1.3488 14.7041
129.771 24.5215 24.5215 32.562
73.7386 -5.05323 -5.05323 17.08
120.015 -1.30397 -1.30397 17.6704
81.8413 3.00187 3.00187 33.4927
67.1444 2.01298 2.01298 38.6038
142.295 -8.96342 -8.96342 19.7433
132.236 -19.9689 -19.9689 35.5155
63.3925 -2.48158 -2.48158 20.6511
67.8956 -7.98451 -7.98451 30.0204
86.7175 0.863005 0.863005 16.4537
51.2711 -9.45417 -9.45417 23.2532
116.362 22.7801 22.7801 31.1544
146.029 -27.5621 -27.5621 22.5013
71.0254 2.76744 2.76744 27.1947
88.9593 18.36 18.36 28.0284
82.1817 -5.94325 -5.94325 24.0208
112.994 12.0819 12.0819 18.8471
79.8466 12.0429 12.0429 37.9166
70.0572 5.47786 5.47786 21.1906
114.288 27.2152 27.2152 20.6648
136.662 13.0278 13.0278 16.8005
228.867 -16.8974 -16.8974 19.5469
209.559 24.1669 24.1669 14.4562
92.5971 15.2477 15.2477 17.0505
87.7721 2.58781 2.58781 11.1951
83.1982 5.72902 5.72902 19.8783
114.537 -16.5629 -16.5629 21.0937
161.9 -15.8185 -15.8185 25.4809
98.498 12.7389 12.7389 17.8493
82.0841 -6.33865 -6.33865 17.7113
116.75 13.0457 13.0457 17.4194
83.5562 10.6569 10.6569 28.3452
195.415 -11.5617 -11.5617 20.4627
93.3296 2.62988 2.62988 13.6322
64.6302 6.22308 6.22308 13.4935
229.644 -7.74164 -7.74164 16.1045
59.985 -2.83216 -2.83216 11.23
239.978 -46.6076 -46.6076 24.1041
141.487 -0.733267 -0.733267 11.221
113.369 10.8316 10.8316 23.0129
127.068 -2.99703 -2.99703 14.6913
85.1625 -22.9987 -22.9987 28.7023
137.414 -12.3888 -12.3888 22.5769
113.456 -17.6238 -17.6238 18.1754
57.5742 11.4249 11.4249 22.0691
126.367 19.9591 19.9591 24.7803
74.7388 3.37088 3.37088 15.9158
93.7452 0.922579 0.922579 14.6328
137.809 31.4745 31.4745 37.3765
84.8233 9.69446 9.69446 17.247
80.9772 -2.04066 -2.04066 15.7858
89.6919 -3.14002 -3.14002 27.8222
58.8876 -7.51715 -7.51715 36.7219
63.6182 -3.60194 -3.60194 28.4728
92.1746 3.86778 3.86778 14.0585
55.2828 -3.29541 -3.29541 19.9898
97.3632 21.0908 21.0908 16.6136
57.3457 -0.528573 -0.528573 14.1846
81.6961 5.3151 5.3151 16.7478
69.1066 -6.34911 -6.34911 21.2944
165.276 29.7451 29.7451 24.0659
207.528 -1.25121 -1.25121 15.1087
87.0181 6.6935 6.6935 17.4583
100.887 -15.1916 -15.1916 15.5467
60.1688 -3.23084 -3.23084 11.21
74.1243 -8.17836 -8.17836 15.8521
70.4689 -8.1222 -8.1222 21.0143
121.09 15.8676 15.8676 22.4705
63.4847 1.11639 1.11639 12.475
94.9732 -0.206168 -0.206168 9.49453
122.203 5.44889 5.44889 11.3304
89.3105 3.2354 3.2354 10.836
105.589 2.41755 2.41755 18.8303
59.7185 -1.66219 -1.66219 11.3991
89.287 -2.59411 -2.59411 34.2205
95.4089 -7.96204 -7.96204 15.1546
85.8832 18.5463 18.5463 28.0054
133.884 12.1098 12.1098 14.6602
70.1781 1.31451 1.31451 14.0785
49.6603 -3.03702 -3.03702 21.2189
135.404 15.7278 15.7278 18.0497
110.258 3.40861 3.40861 14.2376
122.035 12.9927 12.9927 18.5171
55.2659 3.95822 3.95822 18.1946
111.509 0.766251 0.766251 15.169
59.8911 6.34032 6.34032 43.0019
70.3925 11.1107 11.1107 22.3048
167.407 19.2083 19.2083 20.4007
73.7305 -1.77435 -1.77435 20.2744
65.9114 -1.27039 -1.27039 16.1341
91.6755 -14.8681 -14.8681 24.3289
56.0932 5.2851 5.2851 37.9741
126.532 31.1415 31.1415 29.0941
112.444 -14.1305 -14.1305 40.0122
56.8862 7.96271 7.96271 19.5969
97.0195 -15.0965 -15.0965 24.9957
53.5516 4.44943 4.44943 12.4033
95.1479 -11.8295 -11.8295 27.7096
76.936 4.4108 4.4108 21.2468
139.288 38.5941 38.5941 32.5822
145.625 -31.864 -31.864 34.8543
300.752 13.4325 13.4325 30.0458
82.6559 4.67275 4.67275 29.5333
98.9499 -6.01904 -6.01904 24.1289
154.14 8.02628 8.02628 23.6856
94.7077 -3.29548 -3.29548 34.1181
95.3197 -13.8157 -13.8157 18.751
146.442 -30.1068 -30.1068 35.4005
140.485 22.6235 22.6235 15.9006
118.064 -2.29564 -2.29564 26.8612
116.989 12.5136 12.5136 15.2852
53.9902 4.50069 4.50069 20.6684
81.0473 -16.5162 -16.5162 33.4143
68.4315 5.41571 5.41571 25.6407
61.3232 -0.317563 -0.317563 12.3556
124.58 27.838 27.838 20.0541
85.2316 -5.53272 -5.53272 24.5042
82.2471 -4.06293 -4.06293 15.5508
85.1204 -15.7349 -15.7349 24.5457
59.7145 20.6505 20.6505 33.1793
83.4308 -3.64813 -3.64813 38.9131
95.4126 12.1024 12.1024 17.52
80.7176 -4.25544 -4.25544 15.0239
127.076 -7.38745 -7.38745 12.3277
83.3229 4.41188 4.41188 16.6391
121.448 -1.39317 -1.39317 19.0693
97.6097 6.41871 6.41871 15.5437
73.4454 4.25704 4.25704 34.7597
137.823 -11.7403 -11.7403 31.3279
93.6277 -1.44509 -1.44509 19.174
95.3401 -2.36002 -2.36002 24.099
65.8679 -5.2162 -5.2162 13.7096
166.367 -5.16587 -5.16587 15.665
78.4993 4.42286 4.42286 26.203
88.6287 14.6505 14.6505 27.8287
111.251 -4.66504 -4.66504 13.9196
60.9708 3.82652 3.82652 9.19299
70.4749 -6.24119 -6.24119 26.7887
46.8012 11.3182 11.3182 23.5881
145.437 1.14498 1.14498 30.6541
85.6017 8.66663 8.66663 23.5673
68.8933 -1.88989 -1.88989 12.7437
58.869 -6.79832 -6.79832 14.1147
93.6087 5.47518 5.47518 16.2888
71.7994 -20.7879 -20.7879 19.7676
73.3052 18.049 18.049 19.767
109.105 13.6324 13.6324 16.1851
75.007 -5.4302 -5.4302 14.3004
86.6343 -17.0798 -17.0798 43.7283
98.4611 6.72624 6.72624 21.2863
49.2867 0.493291 0.493291 20.1442
123.686 -26.9525 -26.9525 25.0871
102.506 23.793 23.793 15.986
99.4254 24.4505 24.4505 37.7866
76.44 -3.11016 -3.11016 28.168
62.9288 2.00767 2.00767 33.9114
69.7907 -2.02581 -2.02581 25.667
137.58 -14.1014 -14.1014 16.8875
92.0615 13.0482 13.0482 35.4407
114.607 5.04344 5.04344 22.4546
181.461 23.477 23.477 18.9749
97.8829 16.4726 16.4726 22.2214
127.197 10.0584 10.0584 23.1006
86.8288 -14.4066 -14.4066 28.0619
87.8905 -4.75977 -4.75977 7.94349
56.9234 -4.50312 -4.50312 16.5832
161.58 22.7917 22.7917 27.6395
75.0181 8.81395 8.81395 36.2709
201.866 11.8889 11.8889 14.031
59.2019 -0.18147 -0.18147 16.8949
142.378 -35.1856 -35.1856 36.9269
124.304 -11.2551 -11.2551 17.1428
59.4347 -5.78476 -5.78476 16.2217
179.15 36.6639 36.6639 28.7402
142.153 48.7166 48.7166 52.9623
126.842 29.4656 29.4656 25.7268
89.9859 5.33124 5.33124 20.7336
112.616 0.321919 0.321919 41.9943
57.4351 2.45686 2.45686 17.8562
81.2866 -2.94026 -2.94026 20.5776
92.5731 0.565827 0.565827 23.7759
83.3303 1.29762 1.29762 13.0961
75.5931 -3.16354 -3.16354 8.992
197.749 32.4604 32.4604 17.5605
81.4487 -19.6176 -19.6176 35.672
123.858 17.8071 17.8071 17.5003
51.4268 0.351452 0.351452 14.3796
98.9417 -7.33138 -7.33138 17.9609
79.7474 -12.0098 -12.0098 18.9544
70.4212 -5.75838 -5.75838 15.4432
82.3548 -2.65224 -2.65224 14.9486
100.764 0.48595 0.48595 14.2433
124.489 12.4816 12.4816 18.076
90.2144 -12.6116 -12.6116 34.2826
84.3581 11.014 11.014 23.7233
147.125 16.9279 16.9279 22.5802
123.958 15.7828 15.7828 22.9467
86.0245 11.2996 11.2996 24.4433
77.9332 -11.0796 -11.0796 36.5475
101.761 5.57034 5.57034 17.3123
94.0374 20.6549 20.6549 18.6932
115.799 25.0727 25.0727 39.4894
403.455 -17.6036 -17.6036 12.9977
86.0737 8.66629 8.66629 17.2834
201.254 -15.1479 -15.1479 25.9142
68.9835 -0.735643 -0.735643 12.8676
61.4527 -7.17797 -7.17797 42.8888
304.114 -42.008 -42.008 24.4491
235.247 21.5184 21.5184 25.6564
64.0917 3.54346 3.54346 17.2606
111.169 -13.6076 -13.6076 41.6578
147.207 8.34425 8.34425 13.3616
67.655 6.80163 6.80163 14.4714
113.589 12.6318 12.6318 14.808
86.2454 -15.517 -15.517 31.907
93.4872 -3.86263 -3.86263 20.2621
105.297 -1.72739 -1.72739 9.85854
66.701 -18.4617 -18.4617 41.9375
49.2957 11.3162 11.3162 23.4096
82.6672 -12.3474 -12.3474 14.9362
101.616 -1.17256 -1.17256 15.2652
131.583 33.7305 33.7305 34.1732
92.1993 11.9461 11.9461 18.4085
138.694 13.3469 13.3469 24.6035
65.5466 12.1999 12.1999 34.0568
123.933 -35.8941 -35.8941 33.1275
126.572 -32.4238 -32.4238 31.9609
61.2782 0.24203 0.24203 10.4392
53.2552 -7.35133 -7.35133 24.7201
64.1509 9.06303 9.06303 19.8727
93.9899 -1.999 -1.999 25.5923
225.257 -11.8293 -11.8293 17.1112
184.634 -1.20261 -1.20261 14.0489
328.401 -65.8624 -65.8624 42.8131
54.6212 -2.61484 -2.61484 20.6296
45.7241 5.73868 5.73868 22.6864
154.891 0.536055 0.536055 23.0393
59.9132 -4.92008 -4.92008 21.3896
88.432 5.88121 5.88121 18.6881
206.134 1.43752 1.43752 14.2974
57.8985 2.06556 2.06556 20.2946
