1.90289e+26 -1.89344e+12 -1.89344e+12 1.43057
2.88828e+26 -9.70656e+11 -9.70656e+11 1.98843
1.54112e+26 1.76328e+12 1.76328e+12 1.41877
3.96262e+25 -1.48286e+12 -1.48286e+12 2.23773
1.54708e+26 3.08328e+12 3.08328e+12 1.75718
3.01036e+26 -4.89983e+12 -4.89983e+12 1.66837
1.73179e+26 2.09782e+12 2.09782e+12 1.94091
2.2926e+26 2.55705e+12 2.55705e+12 1.25039
6.89444e+25 -1.8545e+12 -1.8545e+12 1.63085
9.79615e+25 -1.46245e+12 -1.46245e+12 1.87452
1.46221e+26 4.88887e+10 4.88887e+10 1.81441
3.29681e+25 -9.2583e+10 -9.2583e+10 1.60639
9.08442e+25 2.40904e+12 2.40904e+12 1.44904
3.3201e+25 -1.18775e+12 -1.18775e+12 1.41312
8.91877e+25 -1.41177e+12 -1.41177e+12 1.43168
8.11801e+25 -2.29144e+12 -2.29144e+12 1.87156
7.65497e+25 5.52764e+11 5.52764e+11 1.18918
1.35298e+26 2.01036e+11 2.01036e+11 2.45381
8.5479e+25 -1.14354e+12 -1.14354e+12 1.80451
1.8914e+26 6.89919e+12 6.89919e+12 3.40669
3.82245e+26 1.48075e+12 1.48075e+12 1.43427
2.50494e+26 5.72235e+12 5.72235e+12 3.47492
6.90078e+25 5.10298e+11 5.10298e+11 1.45208
2.03913e+26 -2.26834e+12 -2.26834e+12 1.75398
3.90066e+26 -8.55398e+12 -8.55398e+12 2.22364
7.65298e+25 1.94206e+12 1.94206e+12 1.33947
1.39365e+26 -9.74925e+11 -9.74925e+11 2.38556
2.17737e+26 -5.64674e+12 -5.64674e+12 1.53886
9.81277e+25 -1.00356e+12 -1.00356e+12 1.14228
2.37037e+26 -2.83502e+12 -2.83502e+12 1.1351
8.00571e+25 -2.0082e+12 -2.0082e+12 1.4329
2.50136e+26 -3.57205e+12 -3.57205e+12 1.35063
2.50222e+26 2.11723e+11 2.11723e+11 2.76377
1.69128e+26 3.23818e+12 3.23818e+12 1.97637
9.24124e+25 -1.53842e+12 -1.53842e+12 1.01694
3.78604e+26 4.52805e+12 4.52805e+12 1.05997
2.21506e+26 -1.79542e+12 -1.79542e+12 1.86757
1.05283e+26 -2.39298e+12 -2.39298e+12 2.5628
1.11632e+26 -1.24875e+12 -1.24875e+12 1.74563
8.9924e+25 -8.21353e+10 -8.21353e+10 2.02532
4.25281e+26 -3.23143e+12 -3.23143e+12 1.93124
6.66172e+25 3.2673e+12 3.2673e+12 3.34784
7.45165e+25 2.37292e+11 2.37292e+11 1.5893
1.19515e+26 -8.53615e+11 -8.53615e+11 1.78884
3.17273e+25 -4.61386e+11 -4.61386e+11 1.65276
8.03786e+25 -1.02333e+12 -1.02333e+12 1.32955
1.73497e+26 -9.29295e+12 -9.29295e+12 2.46166
7.27699e+25 -7.41748e+11 -7.41748e+11 0.971432
3.39685e+25 2.33463e+12 2.33463e+12 2.11208
1.40001e+26 1.45947e+12 1.45947e+12 2.09773
1.14709e+26 1.49456e+12 1.49456e+12 1.65655
4.47984e+25 6.21665e+11 6.21665e+11 1.46445
7.97098e+25 -8.37998e+11 -8.37998e+11 2.76491
9.26904e+25 2.49188e+12 2.49188e+12 2.37039
7.47065e+25 -8.14156e+11 -8.14156e+11 1.17134
1.59229e+26 5.7694e+12 5.7694e+12 2.0442
7.44444e+25 -1.8849e+12 -1.8849e+12 1.33324
2.29687e+26 -8.12369e+12 -8.12369e+12 2.0852
1.55172e+26 -1.32746e+12 -1.32746e+12 1.63636
7.3473e+25 -3.24081e+11 -3.24081e+11 1.76077
1.57494e+26 1.17257e+12 1.17257e+12 2.24883
8.15074e+25 -7.1121e+11 -7.1121e+11 2.12812
7.91182e+25 -2.92308e+12 -2.92308e+12 2.11514
1.80978e+26 -2.14044e+11 -2.14044e+11 1.12023
1.56504e+26 1.59985e+12 1.59985e+12 2.03425
1.17219e+26 1.09314e+12 1.09314e+12 1.20801
1.19581e+26 -1.49776e+12 -1.49776e+12 2.89743
2.33085e+26 1.02229e+12 1.02229e+12 2.03206
7.19818e+25 2.33639e+11 2.33639e+11 0.820674
1.84387e+26 -2.88596e+12 -2.88596e+12 1.9791
7.24537e+25 -1.90493e+11 -1.90493e+11 1.59306
1.79352e+26 -2.48579e+12 -2.48579e+12 1.34351
2.06682e+26 -3.60476e+12 -3.60476e+12 1.11688
1.20207e+26 6.77385e+12 6.77385e+12 2.30233
4.0233e+26 -1.77397e+12 -1.77397e+12 1.50878
2.08212e+26 3.35068e+12 3.35068e+12 1.89549
5.15034e+25 -1.71217e+12 -1.71217e+12 1.5479
4.23158e+25 -1.16932e+12 -1.16932e+12 1.39263
3.82129e+25 -3.81566e+11 -3.81566e+11 1.89817
1.04165e+26 5.04542e+11 5.04542e+11 1.51238
6.67184e+25 5.43019e+11 5.43019e+11 1.28864
2.55376e+26 -1.97251e+12 -1.97251e+12 1.42568
2.67813e+26 -3.36032e+12 -3.36032e+12 2.3604
1.80729e+26 -2.65018e+12 -2.65018e+12 1.11225
1.56765e+26 8.4448e+12 8.4448e+12 2.30379
2.13109e+26 -6.62291e+11 -6.62291e+11 1.48351
1.70615e+26 -4.10491e+11 -4.10491e+11 1.70799
8.50213e+25 2.34879e+12 2.34879e+12 1.89955
8.53413e+25 -1.87832e+12 -1.87832e+12 2.10765
1.34797e+26 -1.76413e+12 -1.76413e+12 2.4992
2.37119e+26 3.15842e+11 3.15842e+11 1.2209
1.00115e+26 -3.62938e+11 -3.62938e+11 1.90606
8.6974e+25 2.75858e+11 2.75858e+11 2.64039
1.29597e+26 -1.45727e+12 -1.45727e+12 1.25886
2.31497e+26 1.91315e+12 1.91315e+12 2.10384
3.97334e+25 -1.56904e+12 -1.56904e+12 1.23973
9.71495e+25 4.01793e+12 4.01793e+12 1.46887
8.67399e+25 2.44983e+12 2.44983e+12 2.15309
1.65299e+26 2.32997e+12 2.32997e+12 1.37682
5.30354e+25 -2.55411e+12 -2.55411e+12 1.72721
1.11175e+26 -1.46866e+12 -1.46866e+12 2.05296
2.19394e+26 4.34865e+12 4.34865e+12 1.84124
1.26332e+26 6.55266e+10 6.55266e+10 1.61168
1.05405e+26 1.30962e+12 1.30962e+12 2.48241
1.47527e+26 -1.97826e+12 -1.97826e+12 1.59299
1.28259e+26 2.02094e+11 2.02094e+11 2.05569
1.28606e+26 -2.46355e+11 -2.46355e+11 1.44537
5.77629e+25 -1.38085e+12 -1.38085e+12 3.32075
5.18814e+25 2.51058e+12 2.51058e+12 1.41821
1.62609e+26 2.77587e+12 2.77587e+12 1.21661
2.37457e+26 -2.85972e+12 -2.85972e+12 1.45786
1.6068e+26 -4.7433e+11 -4.7433e+11 2.3743
7.54176e+25 1.22264e+12 1.22264e+12 3.10828
3.44642e+26 -1.22786e+13 -1.22786e+13 1.79612
2.26354e+26 4.05469e+11 4.05469e+11 1.61042
2.80863e+25 -1.13929e+11 -1.13929e+11 1.65738
1.14756e+26 -9.09501e+11 -9.09501e+11 1.86318
9.32522e+25 -2.17283e+12 -2.17283e+12 1.55719
1.71651e+26 1.08694e+11 1.08694e+11 1.49861
2.86266e+26 1.56241e+12 1.56241e+12 1.85265
1.84727e+26 1.0263e+13 1.0263e+13 2.66075
1.61873e+26 3.55072e+11 3.55072e+11 2.16438
1.22312e+26 -3.38508e+12 -3.38508e+12 1.15147
9.18008e+25 -1.53667e+12 -1.53667e+12 1.28094
1.19032e+26 3.94929e+12 3.94929e+12 1.58232
3.06841e+26 1.00632e+12 1.00632e+12 1.18565
1.00798e+26 -2.13689e+12 -2.13689e+12 2.18684
1.69309e+26 5.74856e+11 5.74856e+11 1.83481
2.86508e+26 -2.43334e+12 -2.43334e+12 1.88667
1.07377e+26 -1.42955e+12 -1.42955e+12 1.27476
1.1964e+26 -6.60592e+11 -6.60592e+11 1.52681
5.03434e+25 1.00317e+12 1.00317e+12 2.48672
4.88902e+25 1.05341e+12 1.05341e+12 1.25549
1.43663e+26 -2.31301e+11 -2.31301e+11 1.72822
1.04025e+26 -2.1513e+12 -2.1513e+12 1.54469
1.89552e+26 -1.03714e+13 -1.03714e+13 2.93567
1.69306e+26 -8.19936e+11 -8.19936e+11 1.10743
2.02905e+26 -3.84588e+12 -3.84588e+12 2.10097
1.43956e+26 4.24005e+12 4.24005e+12 1.74225
1.86393e+26 -9.40435e+11 -9.40435e+11 1.31366
4.2316e+26 3.12516e+12 3.12516e+12 1.60643
6.37923e+25 -2.74708e+12 -2.74708e+12 2.09372
1.95985e+26 2.09142e+12 2.09142e+12 2.2591
8.13985e+25 -3.95009e+11 -3.95009e+11 2.10149
1.17493e+26 1.99775e+12 1.99775e+12 1.80528
5.96767e+25 7.20487e+11 7.20487e+11 1.23365
1.79759e+26 -4.46131e+12 -4.46131e+12 1.23759
2.31116e+26 2.72565e+12 2.72565e+12 2.25079
7.56996e+25 -6.81336e+11 -6.81336e+11 1.57492
2.65444e+26 -3.50082e+12 -3.50082e+12 2.91142
2.74416e+26 -9.20548e+12 -9.20548e+12 1.8844
3.37745e+26 1.51534e+13 1.51534e+13 3.38581
1.1778e+26 1.22615e+12 1.22615e+12 2.16186
1.31189e+26 2.10652e+11 2.10652e+11 1.1191
1.26381e+26 2.44603e+12 2.44603e+12 1.48262
3.15625e+26 -4.56584e+12 -4.56584e+12 1.07072
3.23958e+26 7.20251e+12 7.20251e+12 2.50933
2.80991e+25 -1.96454e+12 -1.96454e+12 1.64272
8.21823e+25 -4.44289e+11 -4.44289e+11 2.76106
1.24979e+26 -4.37402e+12 -4.37402e+12 2.51959
3.83033e+26 5.70086e+12 5.70086e+12 2.38067
1.38886e+26 1.63718e+12 1.63718e+12 2.02502
2.52273e+26 -6.91063e+11 -6.91063e+11 1.53034
4.09067e+25 -1.29734e+12 -1.29734e+12 2.01285
1.7249e+26 -6.6702e+12 -6.6702e+12 2.05344
2.21071e+26 1.63518e+12 1.63518e+12 1.50292
1.30122e+26 1.39567e+12 1.39567e+12 2.28066
7.4512e+25 -3.35023e+11 -3.35023e+11 1.42742
1.28285e+26 -7.79619e+11 -7.79619e+11 0.971724
1.7442e+26 -1.05087e+12 -1.05087e+12 1.47088
1.00633e+26 -5.17543e+11 -5.17543e+11 1.30819
3.18723e+26 -3.22998e+12 -3.22998e+12 2.02101
7.74366e+25 3.00334e+12 3.00334e+12 1.58409
1.24094e+26 2.97205e+12 2.97205e+12 1.4174
2.01358e+26 4.41231e+12 4.41231e+12 1.51251
6.90817e+25 -2.53375e+11 -2.53375e+11 1.94431
1.80732e+26 2.73666e+11 2.73666e+11 1.72395
5.28344e+26 1.25703e+13 1.25703e+13 1.85072
5.15721e+25 1.23655e+12 1.23655e+12 1.98974
8.1076e+25 1.74893e+12 1.74893e+12 1.85819
5.619e+25 -1.48459e+12 -1.48459e+12 1.96401
7.69277e+25 -2.28138e+12 -2.28138e+12 1.54788
1.03167e+26 1.04364e+12 1.04364e+12 1.51836
2.15943e+26 2.67964e+12 2.67964e+12 1.22539
2.70664e+26 1.23019e+12 1.23019e+12 2.12614
3.09703e+26 4.83638e+12 4.83638e+12 1.3626
1.26264e+26 -3.86246e+12 -3.86246e+12 1.72083
1.82159e+26 -5.59772e+12 -5.59772e+12 2.53057
1.15443e+26 -1.85541e+12 -1.85541e+12 1.8979
6.74894e+25 -2.81062e+12 -2.81062e+12 2.30164
3.00108e+25 2.14822e+11 2.14822e+11 1.1129
1.76811e+26 4.36672e+12 4.36672e+12 2.92046
1.84836e+26 1.44216e+12 1.44216e+12 1.43693
7.9057e+25 1.8651e+12 1.8651e+12 2.7891
1.12415e+26 1.9133e+12 1.9133e+12 0.937552
1.18371e+26 -3.06683e+12 -3.06683e+12 1.67932
2.96608e+26 -5.66161e+11 -5.66161e+11 1.46347
2.20143e+26 -2.28952e+12 -2.28952e+12 2.21147
1.4294e+26 2.8997e+11 2.8997e+11 1.03958
1.31821e+26 1.96691e+12 1.96691e+12 1.48028
2.2663e+26 2.19039e+11 2.19039e+11 1.3516
1.01376e+26 -4.1432e+12 -4.1432e+12 1.99762
1.16337e+26 -4.33749e+11 -4.33749e+11 3.14961
2.1534e+26 5.52987e+11 5.52987e+11 1.3102
1.25029e+26 1.41554e+12 1.41554e+12 1.56639
1.28374e+26 -1.50431e+12 -1.50431e+12 1.36762
3.7297e+26 -8.18538e+12 -8.18538e+12 2.07829
4.11142e+25 -7.09215e+11 -7.09215e+11 2.27573
3.91067e+25 5.45604e+11 5.45604e+11 2.22911
6.40921e+25 1.92809e+12 1.92809e+12 1.30308
1.50479e+26 9.89409e+12 9.89409e+12 2.71054
5.57895e+25 2.6469e+11 2.6469e+11 1.25745
9.13988e+25 -9.20538e+11 -9.20538e+11 1.7351
1.95974e+26 3.5829e+11 3.5829e+11 1.46031
1.78177e+26 1.95724e+12 1.95724e+12 1.80986
1.20621e+26 4.55524e+11 4.55524e+11 1.78118
1.55845e+26 4.19976e+11 4.19976e+11 2.14206
1.40212e+26 -6.18547e+11 -6.18547e+11 1.63561
7.29674e+25 6.55502e+11 6.55502e+11 1.88451
1.58663e+26 -2.05024e+12 -2.05024e+12 1.39431
7.22276e+25 -3.77404e+10 -3.77404e+10 2.10949
1.13688e+26 1.9643e+12 1.9643e+12 2.13139
1.11809e+26 1.39488e+12 1.39488e+12 2.19202
1.72372e+26 2.435e+12 2.435e+12 2.32163
6.85764e+25 3.06381e+11 3.06381e+11 2.04902
1.18847e+26 1.48153e+12 1.48153e+12 2.28984
3.06216e+26 -1.77959e+11 -1.77959e+11 2.82512
1.26352e+26 -1.85261e+12 -1.85261e+12 2.47832
1.01676e+26 -7.62447e+11 -7.62447e+11 2.74316
1.0194e+26 2.43582e+12 2.43582e+12 1.60475
1.43829e+26 1.37943e+12 1.37943e+12 1.43871
1.27151e+26 -4.44338e+10 -4.44338e+10 1.78658
9.75854e+25 -2.61958e+11 -2.61958e+11 1.40584
8.44062e+25 3.01246e+12 3.01246e+12 1.8591
1.59589e+26 9.625e+11 9.625e+11 1.14548
1.12916e+26 1.50567e+12 1.50567e+12 1.1507
1.67245e+26 -1.17625e+11 -1.17625e+11 5.007
9.38927e+25 -8.02967e+11 -8.02967e+11 1.24228
7.56213e+25 -4.76012e+10 -4.76012e+10 2.17027
1.11986e+26 -1.42601e+12 -1.42601e+12 1.74842
1.79285e+26 4.98867e+12 4.98867e+12 2.59876
1.0278e+26 5.92713e+12 5.92713e+12 2.37238
3.32713e+25 1.81835e+12 1.81835e+12 2.93177
2.01966e+26 2.02981e+12 2.02981e+12 1.47463
1.37077e+26 -2.11704e+12 -2.11704e+12 0.991285
4.89032e+26 1.30782e+13 1.30782e+13 2.17186
1.06877e+26 -1.35243e+12 -1.35243e+12 1.46519
7.53176e+25 -1.31603e+12 -1.31603e+12 1.8539
1.22693e+26 -1.91849e+11 -1.91849e+11 1.34493
2.15484e+26 -5.19763e+10 -5.19763e+10 2.04273
1.09977e+26 3.24764e+12 3.24764e+12 2.0576
5.26682e+25 4.81368e+12 4.81368e+12 4.35887
6.67127e+25 5.31076e+11 5.31076e+11 1.8472
1.46807e+26 -3.37047e+12 -3.37047e+12 1.25067
9.80205e+25 3.47145e+12 3.47145e+12 3.0049
1.22036e+26 -3.68473e+12 -3.68473e+12 2.11384
1.56207e+26 -1.8272e+12 -1.8272e+12 1.28868
1.79534e+26 4.35493e+12 4.35493e+12 1.47799
2.77477e+26 7.2236e+11 7.2236e+11 1.4263
2.44991e+26 -2.07624e+12 -2.07624e+12 1.6366
2.00229e+26 2.31966e+12 2.31966e+12 1.69986
8.03507e+25 -2.60862e+10 -2.60862e+10 1.01266
5.9921e+25 -9.28187e+11 -9.28187e+11 1.63081
1.71669e+26 -7.42401e+11 -7.42401e+11 2.06066
1.97322e+26 -1.32368e+12 -1.32368e+12 1.95326
8.41278e+25 2.18016e+12 2.18016e+12 1.27165
5.11522e+25 -9.24304e+11 -9.24304e+11 1.63421
1.25778e+26 -1.82382e+12 -1.82382e+12 1.8537
1.78126e+26 3.97507e+12 3.97507e+12 1.42932
7.64572e+25 -1.06966e+12 -1.06966e+12 1.69993
5.22141e+25 3.61512e+11 3.61512e+11 2.20173
6.17054e+25 5.97406e+12 5.97406e+12 1.70906
1.26158e+26 -3.62673e+12 -3.62673e+12 1.98414
9.20185e+25 1.47812e+12 1.47812e+12 1.47332
3.66197e+25 -9.39278e+11 -9.39278e+11 1.87719
1.76716e+26 -3.48929e+12 -3.48929e+12 1.56621
1.03428e+26 -1.1969e+12 -1.1969e+12 1.32021
8.43302e+25 -3.31001e+12 -3.31001e+12 1.42448
2.58808e+26 -2.52869e+12 -2.52869e+12 2.53262
1.33957e+26 4.46412e+12 4.46412e+12 1.51217
1.09047e+26 -2.80257e+12 -2.80257e+12 1.19144
4.59656e+26 -4.35512e+12 -4.35512e+12 1.51005
6.00735e+25 -1.38394e+12 -1.38394e+12 1.61769
1.16986e+26 -7.4471e+12 -7.4471e+12 2.31221
6.06498e+25 1.31267e+11 1.31267e+11 1.93094
1.42409e+26 -3.06328e+12 -3.06328e+12 1.34806
1.59454e+26 1.05214e+12 1.05214e+12 1.56879
1.26962e+26 -1.231e+12 -1.231e+12 1.59026
7.54847e+25 8.88133e+11 8.88133e+11 1.43362
2.28755e+26 -6.55521e+12 -6.55521e+12 2.56652
1.75206e+26 1.3753e+12 1.3753e+12 1.88577
9.03122e+25 2.54521e+12 2.54521e+12 2.777
9.18188e+25 9.40673e+11 9.40673e+11 1.29074
1.08584e+26 -6.27291e+12 -6.27291e+12 1.76481
8.13765e+26 6.99449e+12 6.99449e+12 1.06896
5.76841e+25 1.16423e+12 1.16423e+12 1.34824
9.77738e+25 7.82058e+12 7.82058e+12 3.29367
2.55784e+26 4.19084e+11 4.19084e+11 1.51456
1.5514e+26 -7.96021e+11 -7.96021e+11 1.17799
1.52016e+26 3.48687e+12 3.48687e+12 2.18757
8.57192e+25 -3.44031e+11 -3.44031e+11 2.41429
1.08549e+26 -1.57686e+12 -1.57686e+12 1.13087
1.00109e+26 1.42175e+11 1.42175e+11 1.4409
1.39747e+26 4.05803e+12 4.05803e+12 1.81275
1.82055e+26 7.7598e+11 7.7598e+11 1.41901
2.79515e+26 7.54922e+12 7.54922e+12 2.2631
3.30641e+26 4.16202e+12 4.16202e+12 2.09326
2.05024e+26 -1.93821e+12 -1.93821e+12 2.54163
1.7325e+26 -7.00695e+11 -7.00695e+11 1.19118
1.08916e+26 1.63019e+12 1.63019e+12 1.60782
1.95497e+26 -2.35049e+11 -2.35049e+11 1.47648
3.88271e+25 3.3176e+11 3.3176e+11 1.62154
4.53078e+25 3.69273e+11 3.69273e+11 2.39062
9.48718e+25 8.28287e+11 8.28287e+11 1.70126
1.01105e+26 -8.09601e+11 -8.09601e+11 1.2953
2.82932e+26 -4.63041e+12 -4.63041e+12 2.06559
2.36232e+26 6.02955e+12 6.02955e+12 1.40441
3.42188e+26 -5.21226e+12 -5.21226e+12 1.93593
1.49667e+26 6.25597e+12 6.25597e+12 2.56225
1.3832e+26 -2.2272e+12 -2.2272e+12 1.34906
1.06197e+26 1.30488e+12 1.30488e+12 2.40487
1.30428e+26 -2.27057e+11 -2.27057e+11 1.44417
1.47079e+26 -3.78694e+12 -3.78694e+12 1.90483
2.16937e+26 -8.75057e+11 -8.75057e+11 1.41843
1.61363e+26 3.22328e+10 3.22328e+10 2.59456
9.98432e+25 6.39329e+12 6.39329e+12 2.49988
1.90625e+26 -1.44057e+12 -1.44057e+12 1.0877
1.67105e+26 1.55461e+12 1.55461e+12 2.00047
1.02508e+26 -4.0465e+12 -4.0465e+12 1.79211
1.19251e+26 -2.92827e+12 -2.92827e+12 1.80693
1.35106e+26 -3.21675e+12 -3.21675e+12 1.33946
2.30488e+26 -1.60273e+12 -1.60273e+12 2.12163
1.73866e+26 5.79501e+11 5.79501e+11 2.0007
2.79152e+26 -3.664e+12 -3.664e+12 1.3113
5.85355e+25 -3.12543e+12 -3.12543e+12 1.89506
2.17317e+26 -1.7502e+12 -1.7502e+12 1.65307
1.89565e+26 1.05697e+12 1.05697e+12 1.13882
2.35581e+26 -3.3776e+11 -3.3776e+11 1.14773
1.55924e+26 2.82273e+12 2.82273e+12 2.69255
1.14856e+26 2.75875e+12 2.75875e+12 1.32415
1.7971e+26 2.49829e+12 2.49829e+12 1.44296
1.1988e+26 -5.77375e+11 -5.77375e+11 2.62799
2.51977e+26 7.09128e+11 7.09128e+11 2.44047
4.24846e+26 -4.54728e+11 -4.54728e+11 2.24484
3.4013e+25 1.42654e+12 1.42654e+12 2.40597
8.94389e+25 2.12733e+11 2.12733e+11 1.25969
1.56793e+26 5.48008e+12 5.48008e+12 2.01679
2.79096e+26 -2.46433e+12 -2.46433e+12 2.17011
1.05957e+26 -5.37841e+11 -5.37841e+11 1.88648
2.65203e+26 -2.20028e+12 -2.20028e+12 2.09841
5.6102e+25 4.60765e+11 4.60765e+11 2.26293
2.16558e+26 -4.76787e+12 -4.76787e+12 1.40627
1.35005e+26 3.24355e+10 3.24355e+10 1.63681
1.31153e+26 2.40652e+11 2.40652e+11 1.86967
6.15779e+26 3.90476e+12 3.90476e+12 2.03542
1.59695e+26 -1.75695e+12 -1.75695e+12 1.18044
2.25586e+26 7.1641e+11 7.1641e+11 1.24294
2.92449e+26 -4.75867e+12 -4.75867e+12 1.09876
8.65842e+25 -1.59194e+12 -1.59194e+12 1.93826
3.15245e+26 3.07335e+12 3.07335e+12 1.38721
9.71387e+25 2.27114e+12 2.27114e+12 2.24104
1.3061e+26 -6.40469e+12 -6.40469e+12 1.75209
4.90122e+26 3.05295e+12 3.05295e+12 1.56455
6.88477e+25 9.38081e+11 9.38081e+11 1.7002
1.63329e+26 2.66939e+11 2.66939e+11 1.7213
7.88002e+25 -3.90155e+12 -3.90155e+12 1.52625
2.65668e+26 4.38195e+12 4.38195e+12 1.37111
1.09259e+26 -3.37828e+12 -3.37828e+12 1.2029
5.14892e+25 -3.13878e+11 -3.13878e+11 1.49705
7.08311e+25 -6.16435e+11 -6.16435e+11 1.92103
7.51853e+25 5.10512e+11 5.10512e+11 2.00306
5.58327e+25 1.5409e+12 1.5409e+12 1.56107
2.16026e+26 -3.66453e+12 -3.66453e+12 1.69744
6.06349e+25 -3.03239e+12 -3.03239e+12 2.93012
1.38433e+26 3.69475e+10 3.69475e+10 1.77049
3.44654e+26 2.20772e+12 2.20772e+12 1.34985
1.22293e+26 -1.61588e+12 -1.61588e+12 1.33377
2.38501e+26 1.17485e+12 1.17485e+12 2.14251
1.16926e+26 4.52236e+12 4.52236e+12 2.20513
9.14428e+25 1.91463e+12 1.91463e+12 1.33202
1.71088e+26 -1.17268e+12 -1.17268e+12 1.2437
1.63292e+26 1.59814e+12 1.59814e+12 2.30699
1.61031e+26 -7.92819e+12 -7.92819e+12 1.84408
1.433e+26 -4.11993e+12 -4.11993e+12 1.78284
3.86306e+25 -2.13346e+11 -2.13346e+11 2.70231
9.99504e+25 -3.38532e+12 -3.38532e+12 1.94232
6.29369e+25 -1.50874e+12 -1.50874e+12 2.31466
1.1081e+26 1.26127e+12 1.26127e+12 1.72778
1.92909e+26 3.05238e+12 3.05238e+12 3.26639
5.35129e+25 -1.43476e+12 -1.43476e+12 1.47153
3.21115e+26 5.18403e+12 5.18403e+12 3.12278
9.13381e+25 6.2236e+11 6.2236e+11 2.23847
1.27113e+26 -4.76056e+12 -4.76056e+12 1.29389
2.38159e+25 -1.46531e+12 -1.46531e+12 2.15388
2.49382e+26 -6.21722e+11 -6.21722e+11 1.55775
1.36048e+26 1.80231e+12 1.80231e+12 3.10335
1.34598e+26 2.19585e+12 2.19585e+12 1.68864
1.49294e+26 -9.89795e+11 -9.89795e+11 2.07898
1.29421e+26 -6.48939e+12 -6.48939e+12 3.05445
1.7913e+26 6.46688e+12 6.46688e+12 2.51671
2.89429e+25 5.7205e+11 5.7205e+11 1.57851
1.64332e+26 8.12242e+11 8.12242e+11 2.58515
6.53032e+25 2.43778e+12 2.43778e+12 2.09683
1.06063e+26 -1.70469e+12 -1.70469e+12 2.49366
9.247e+25 2.17023e+11 2.17023e+11 1.98839
1.76614e+26 -1.03435e+11 -1.03435e+11 3.44698
3.10908e+26 -2.38241e+12 -2.38241e+12 1.69491
7.96461e+25 -1.18072e+11 -1.18072e+11 2.36454
2.24218e+26 -5.53736e+12 -5.53736e+12 2.17951
1.53806e+26 -2.07414e+12 -2.07414e+12 1.55044
1.99987e+26 -2.37401e+12 -2.37401e+12 1.09725
2.26525e+26 3.66047e+11 3.66047e+11 1.71152
1.02066e+26 2.80809e+11 2.80809e+11 1.54829
8.50222e+25 2.74103e+12 2.74103e+12 1.4692
6.1534e+25 4.12103e+11 4.12103e+11 1.16663
6.7534e+25 4.65623e+12 4.65623e+12 4.70345
2.91826e+26 -5.47862e+12 -5.47862e+12 1.74403
7.87599e+25 -7.28233e+11 -7.28233e+11 1.40277
6.07261e+25 -3.47958e+12 -3.47958e+12 1.90289
1.14311e+26 -8.63704e+11 -8.63704e+11 1.04322
3.54552e+26 -1.10355e+13 -1.10355e+13 2.45786
9.39711e+25 -1.88956e+12 -1.88956e+12 1.34806
2.28356e+25 1.91483e+12 1.91483e+12 2.43631
6.55594e+25 -1.14331e+12 -1.14331e+12 2.20903
1.43269e+26 -2.22054e+12 -2.22054e+12 1.118
3.63018e+26 -6.03565e+12 -6.03565e+12 2.40596
3.07563e+26 9.34713e+12 9.34713e+12 2.52908
1.13118e+26 4.87285e+12 4.87285e+12 2.20399
6.78142e+25 3.14183e+11 3.14183e+11 2.07551
1.98137e+26 3.69476e+12 3.69476e+12 1.78873
5.46191e+25 1.83292e+12 1.83292e+12 1.95931
1.03116e+26 1.14883e+12 1.14883e+12 1.29951
3.25086e+26 -5.55191e+12 -5.55191e+12 1.39314
8.10059e+25 -5.82173e+12 -5.82173e+12 2.16095
7.12009e+25 -1.82448e+12 -1.82448e+12 0.835665
1.74236e+26 -4.49743e+12 -4.49743e+12 1.27448
3.23662e+25 1.07557e+12 1.07557e+12 1.75522
4.24229e+25 -6.73177e+11 -6.73177e+11 1.56103
2.81334e+26 -3.23309e+12 -3.23309e+12 3.34602
2.27853e+26 -5.05336e+12 -5.05336e+12 2.30943
1.04949e+26 -4.13777e+12 -4.13777e+12 1.56251
1.21886e+26 4.18481e+12 4.18481e+12 1.34411
1.69797e+26 2.65989e+12 2.65989e+12 1.60504
6.26514e+25 5.67076e+11 5.67076e+11 2.26001
2.108e+26 -2.6778e+12 -2.6778e+12 1.88995
2.73188e+26 -9.69488e+11 -9.69488e+11 1.46201
8.70482e+25 -4.90847e+12 -4.90847e+12 1.71146
1.43521e+26 3.98012e+10 3.98012e+10 0.970543
1.50557e+26 -4.20703e+11 -4.20703e+11 1.85973
1.69223e+25 1.03773e+11 1.03773e+11 1.6579
1.53528e+26 3.39808e+12 3.39808e+12 2.61442
1.37485e+26 -3.48367e+11 -3.48367e+11 1.84866
1.65927e+26 1.05345e+12 1.05345e+12 1.69122
4.54894e+25 -2.61506e+12 -2.61506e+12 2.43752
6.46968e+25 -1.28226e+11 -1.28226e+11 2.19914
1.19409e+26 4.85363e+12 4.85363e+12 1.75811
6.65805e+25 1.25295e+11 1.25295e+11 1.0993
5.43695e+25 1.34804e+12 1.34804e+12 1.6528
4.50427e+25 1.00216e+12 1.00216e+12 2.25121
1.25613e+26 5.04761e+12 5.04761e+12 1.60692
6.82744e+25 -1.85133e+12 -1.85133e+12 1.4231
7.53713e+25 8.29777e+10 8.29777e+10 1.71752
2.00673e+26 -7.09996e+11 -7.09996e+11 1.41162
2.02608e+26 1.58697e+12 1.58697e+12 1.22906
9.53682e+25 2.94267e+12 2.94267e+12 1.24125
1.52028e+26 1.82051e+12 1.82051e+12 1.87285
4.41075e+25 1.51949e+12 1.51949e+12 1.89075
1.55129e+26 1.51852e+12 1.51852e+12 1.50785
1.1247e+26 -7.85722e+11 -7.85722e+11 1.72021
8.53758e+25 8.1741e+11 8.1741e+11 1.03572
2.13464e+26 2.77043e+12 2.77043e+12 1.13415
3.25637e+26 -4.44224e+12 -4.44224e+12 1.66617
6.05607e+25 -3.6422e+11 -3.6422e+11 1.56463
7.98539e+25 -1.84051e+12 -1.84051e+12 1.3471
2.48295e+25 -1.90872e+12 -1.90872e+12 1.35571
1.06023e+26 6.21422e+11 6.21422e+11 1.94389
1.44283e+26 1.26e+11 1.26e+11 1.44762
2.59243e+26 6.7128e+12 6.7128e+12 1.55229
1.17944e+26 -3.7019e+12 -3.7019e+12 2.18773
7.54623e+25 -5.99036e+11 -5.99036e+11 1.26526
7.35819e+25 -9.04722e+11 -9.04722e+11 1.201
4.15673e+25 -9.33577e+10 -9.33577e+10 1.64778
7.71823e+25 -6.91105e+11 -6.91105e+11 1.6462
1.06961e+26 -2.02791e+12 -2.02791e+12 2.02315
7.40598e+25 -4.59858e+12 -4.59858e+12 2.96473
1.13271e+26 -2.31641e+12 -2.31641e+12 1.29365
5.52065e+26 -1.27061e+13 -1.27061e+13 2.56827
1.41867e+26 -2.89495e+12 -2.89495e+12 1.75051
1.92785e+26 9.02104e+11 9.02104e+11 1.00295
7.4232e+25 8.05058e+11 8.05058e+11 1.65353
1.20889e+26 -1.09492e+11 -1.09492e+11 1.36756
9.64344e+25 3.61924e+12 3.61924e+12 1.93524
4.48738e+25 -2.67634e+11 -2.67634e+11 1.03133
2.24274e+26 -1.56276e+12 -1.56276e+12 1.52046
1.39074e+26 2.74468e+12 2.74468e+12 1.78803
1.14179e+26 -1.25034e+12 -1.25034e+12 2.42048
1.0874e+26 7.36692e+10 7.36692e+10 1.28707
1.35525e+26 2.49302e+12 2.49302e+12 1.1672
1.65939e+26 1.5541e+12 1.5541e+12 1.38059
2.85319e+26 3.48267e+12 3.48267e+12 1.45065
1.33081e+26 -4.7193e+12 -4.7193e+12 1.9789
2.3171e+25 6.02784e+10 6.02784e+10 1.30345
1.29195e+26 7.11795e+11 7.11795e+11 1.30131
1.6765e+26 2.75223e+11 2.75223e+11 1.54628
1.09313e+26 1.55188e+12 1.55188e+12 1.6871
1.45439e+26 3.64751e+12 3.64751e+12 2.24105
1.37421e+26 5.94403e+12 5.94403e+12 2.18775
2.23078e+26 3.92401e+12 3.92401e+12 1.97567
1.21832e+26 -9.75299e+10 -9.75299e+10 1.6733
1.34545e+26 -4.81819e+12 -4.81819e+12 2.13399
2.35871e+26 -3.23439e+12 -3.23439e+12 1.55385
2.777e+26 -1.44132e+13 -1.44132e+13 2.30773
1.34258e+26 -2.66561e+12 -2.66561e+12 1.94278
1.65909e+26 -4.86952e+12 -4.86952e+12 2.91954
1.60788e+26 -7.29672e+12 -7.29672e+12 2.28343
1.50247e+26 -7.9534e+12 -7.9534e+12 2.68301
1.68099e+26 5.40973e+12 5.40973e+12 1.64374
5.19741e+25 1.00065e+12 1.00065e+12 1.25504
1.72344e+26 -1.27938e+12 -1.27938e+12 2.29407
6.53751e+25 1.43205e+12 1.43205e+12 1.7677
7.04158e+25 -1.34633e+12 -1.34633e+12 1.65938
6.75492e+25 9.3706e+11 9.3706e+11 1.79225
3.11748e+25 1.35067e+12 1.35067e+12 1.12215
1.17968e+26 3.49435e+12 3.49435e+12 2.25435
1.8984e+26 1.64595e+12 1.64595e+12 1.57833
2.36564e+26 3.31307e+12 3.31307e+12 2.13567
1.0949e+26 -5.62498e+11 -5.62498e+11 1.02712
1.33411e+26 -4.14744e+10 -4.14744e+10 1.93521
1.51642e+26 -3.68582e+12 -3.68582e+12 2.05271
2.11462e+26 1.94733e+12 1.94733e+12 2.57401
2.1114e+26 -2.93877e+12 -2.93877e+12 1.45634
2.25225e+26 6.38443e+12 6.38443e+12 4.93326
1.54801e+26 -4.53797e+12 -4.53797e+12 3.24301
1.85746e+26 1.46792e+10 1.46792e+10 1.02665
7.40464e+25 -3.0723e+12 -3.0723e+12 1.45508
8.01705e+25 -2.17826e+12 -2.17826e+12 1.66519
1.49544e+26 -7.52027e+11 -7.52027e+11 1.02197
1.06363e+26 -1.58228e+12 -1.58228e+12 1.66548
4.38308e+26 -3.4291e+12 -3.4291e+12 2.27239
2.30504e+26 2.89841e+11 2.89841e+11 2.01921
3.34921e+26 -9.37095e+12 -9.37095e+12 1.90678
1.86609e+26 -1.55045e+11 -1.55045e+11 1.52143
8.43828e+25 1.29862e+12 1.29862e+12 1.23708
1.40786e+26 2.51674e+12 2.51674e+12 1.42766
1.39883e+26 -4.38655e+12 -4.38655e+12 1.93392
9.87896e+25 4.56479e+10 4.56479e+10 1.75311
2.42796e+26 1.13313e+12 1.13313e+12 2.47648
1.98197e+26 -1.56475e+12 -1.56475e+12 1.4404
1.3351e+26 -3.44138e+12 -3.44138e+12 1.61659
2.3383e+26 5.81816e+11 5.81816e+11 1.87935
1.43741e+26 -3.98563e+12 -3.98563e+12 1.23653
2.56478e+26 2.39036e+12 2.39036e+12 1.97712
7.65698e+25 -1.10112e+12 -1.10112e+12 2.16774
4.6095e+25 -3.80246e+12 -3.80246e+12 2.36688
1.23637e+26 1.79338e+12 1.79338e+12 0.923575
1.78559e+26 -2.34992e+12 -2.34992e+12 1.95344
2.6745e+26 6.8256e+12 6.8256e+12 2.04483
5.44028e+25 -3.62417e+12 -3.62417e+12 3.00756
2.21953e+26 9.93044e+11 9.93044e+11 2.02907
8.01474e+25 -1.20786e+12 -1.20786e+12 1.51626
9.55345e+25 -1.78705e+11 -1.78705e+11 1.32178
1.36737e+26 -5.89742e+09 -5.89742e+09 1.04185
9.75132e+25 1.31666e+12 1.31666e+12 1.40325
2.0972e+26 -3.99085e+12 -3.99085e+12 1.5767
6.00324e+25 -1.60359e+12 -1.60359e+12 1.76626
4.03557e+25 -3.92479e+11 -3.92479e+11 1.36309
8.70976e+25 7.94048e+11 7.94048e+11 2.1295
7.22565e+25 3.93107e+11 3.93107e+11 2.18537
2.92032e+26 2.51883e+12 2.51883e+12 1.18604
1.0797e+26 2.61953e+12 2.61953e+12 1.22202
4.9073e+25 1.81517e+12 1.81517e+12 1.26532
1.61533e+26 -2.81386e+12 -2.81386e+12 1.46247
1.55501e+26 -3.17494e+11 -3.17494e+11 1.62124
7.38359e+25 -3.90654e+12 -3.90654e+12 1.97771
7.15826e+25 -5.21402e+12 -5.21402e+12 2.00466
3.42015e+26 -3.36581e+12 -3.36581e+12 1.91276
1.00436e+26 2.67269e+12 2.67269e+12 2.12757
2.57306e+26 -7.17073e+11 -7.17073e+11 1.9631
1.39352e+26 3.09528e+11 3.09528e+11 1.55517
1.90393e+26 -7.04881e+10 -7.04881e+10 1.97899
3.03544e+26 -1.30623e+12 -1.30623e+12 2.17252
1.40167e+26 -9.54151e+11 -9.54151e+11 1.19457
6.06117e+25 -1.08637e+12 -1.08637e+12 2.1682
2.04199e+26 -2.77483e+12 -2.77483e+12 2.39085
1.35502e+26 -8.56996e+12 -8.56996e+12 2.55367
9.21253e+25 -7.45896e+11 -7.45896e+11 1.9814
2.21222e+26 7.4537e+12 7.4537e+12 2.83802
2.17681e+26 4.0565e+12 4.0565e+12 1.56469
1.43949e+26 2.03447e+12 2.03447e+12 1.12667
1.33551e+26 1.85649e+12 1.85649e+12 1.343
8.68058e+25 -8.06339e+10 -8.06339e+10 1.80591
1.16179e+26 3.81707e+12 3.81707e+12 2.32679
2.41407e+26 -2.73553e+12 -2.73553e+12 1.71559
1.08163e+26 2.27266e+12 2.27266e+12 2.02557
2.65794e+26 -5.22851e+12 -5.22851e+12 1.89286
7.65444e+25 3.38454e+12 3.38454e+12 2.03528
8.15759e+25 2.48628e+11 2.48628e+11 1.51525
1.10271e+26 -5.32705e+12 -5.32705e+12 2.26131
1.95128e+26 -8.42314e+12 -8.42314e+12 1.50394
2.77041e+26 3.21507e+12 3.21507e+12 2.99637
1.35716e+26 -2.41689e+12 -2.41689e+12 1.54639
9.23068e+25 -2.47601e+12 -2.47601e+12 1.56707
8.95703e+25 -2.81832e+11 -2.81832e+11 1.00197
9.1846e+25 -2.50982e+12 -2.50982e+12 2.39372
9.0969e+25 1.82915e+12 1.82915e+12 1.3282
6.11206e+25 -6.6518e+11 -6.6518e+11 1.9978
3.28604e+25 8.40403e+11 8.40403e+11 0.973304
1.8142e+26 3.15457e+11 3.15457e+11 1.8243
2.03406e+26 -9.28585e+12 -9.28585e+12 2.67523
1.34475e+26 -5.78496e+12 -5.78496e+12 1.89289
2.08849e+26 -5.03683e+12 -5.03683e+12 2.12722
3.17818e+26 6.50511e+12 6.50511e+12 1.81781
1.81328e+26 -3.50619e+11 -3.50619e+11 2.84445
7.17785e+25 1.19372e+12 1.19372e+12 1.7387
4.5116e+25 2.06053e+12 2.06053e+12 1.78012
8.27977e+25 -3.72551e+10 -3.72551e+10 1.31999
3.56507e+25 1.30632e+12 1.30632e+12 1.30415
1.03788e+26 -1.966e+12 -1.966e+12 1.56388
1.43458e+26 1.07277e+10 1.07277e+10 2.8179
3.18143e+26 -2.92761e+12 -2.92761e+12 2.37435
2.64296e+26 -3.1722e+12 -3.1722e+12 1.21837
1.77441e+26 1.47619e+12 1.47619e+12 1.15208
4.99899e+25 -3.01368e+11 -3.01368e+11 1.91193
1.68017e+26 1.60572e+12 1.60572e+12 1.46057
7.66401e+25 -1.96697e+12 -1.96697e+12 1.43173
5.46605e+25 1.07521e+12 1.07521e+12 1.56522
9.5703e+25 -2.77048e+12 -2.77048e+12 2.7763
2.44645e+26 1.65534e+12 1.65534e+12 1.22134
1.50263e+26 5.06252e+12 5.06252e+12 1.526
7.43291e+25 3.96235e+11 3.96235e+11 1.25099
1.37896e+26 -4.00357e+12 -4.00357e+12 0.862903
2.5692e+26 -7.19194e+12 -7.19194e+12 1.55276
1.67581e+26 -7.2814e+11 -7.2814e+11 1.12217
1.87671e+26 7.67481e+12 7.67481e+12 2.18093
1.40526e+26 -1.319e+12 -1.319e+12 1.17551
1.84215e+26 1.11904e+13 1.11904e+13 2.23211
1.16772e+26 -1.07241e+12 -1.07241e+12 1.42356
2.36609e+26 -3.90264e+12 -3.90264e+12 1.9942
1.11135e+26 9.46722e+11 9.46722e+11 1.67226
3.30864e+26 2.2251e+12 2.2251e+12 2.1037
3.67828e+26 1.8824e+12 1.8824e+12 1.96821
1.17119e+26 4.0063e+12 4.0063e+12 1.59766
1.19341e+26 -2.73014e+12 -2.73014e+12 2.36019
8.22422e+25 -1.50109e+12 -1.50109e+12 1.11558
1.96893e+26 5.72965e+10 5.72965e+10 1.65876
3.82855e+25 8.28732e+11 8.28732e+11 2.7119
1.70306e+26 -4.03298e+12 -4.03298e+12 1.3524
6.79445e+25 3.42678e+11 3.42678e+11 1.67633
3.20921e+26 1.95413e+12 1.95413e+12 1.57743
1.31705e+26 -7.66993e+12 -7.66993e+12 1.93569
1.34627e+26 -1.71442e+12 -1.71442e+12 1.83365
1.14876e+26 -1.56979e+12 -1.56979e+12 1.86647
1.87133e+26 -1.47246e+11 -1.47246e+11 1.13571
8.66391e+25 3.85571e+11 3.85571e+11 1.40797
1.32795e+26 -2.74981e+12 -2.74981e+12 1.6205
1.4388e+26 6.56592e+12 6.56592e+12 2.10617
1.23149e+26 8.10177e+11 8.10177e+11 1.76953
7.30866e+25 5.2158e+11 5.2158e+11 1.31742
1.36027e+26 -3.4656e+12 -3.4656e+12 1.781
1.5416e+26 5.41663e+11 5.41663e+11 1.24931
1.17363e+26 1.70595e+12 1.70595e+12 1.63844
5.39393e+26 1.34773e+13 1.34773e+13 1.68621
3.06003e+26 1.1391e+12 1.1391e+12 2.24026
1.00704e+26 3.45144e+12 3.45144e+12 1.71293
4.80008e+25 5.13094e+11 5.13094e+11 1.32843
1.10323e+26 -2.08297e+12 -2.08297e+12 2.3307
1.57445e+26 7.92568e+11 7.92568e+11 1.89036
4.7231e+25 1.51946e+12 1.51946e+12 1.93025
1.33591e+26 -1.601e+12 -1.601e+12 1.74736
8.41164e+25 -2.65994e+11 -2.65994e+11 0.99138
6.84897e+25 -1.41161e+12 -1.41161e+12 1.47142
6.48351e+25 7.21914e+11 7.21914e+11 1.45088
7.51313e+25 -2.93586e+10 -2.93586e+10 1.7938
2.65786e+26 -7.19045e+12 -7.19045e+12 1.71936
2.02411e+26 -1.08998e+12 -1.08998e+12 1.04853
1.62511e+26 4.11291e+11 4.11291e+11 1.1493
1.33755e+26 -6.13336e+12 -6.13336e+12 1.96344
1.40635e+26 2.03605e+12 2.03605e+12 2.74625
1.09572e+26 3.39673e+12 3.39673e+12 2.41392
3.97828e+25 2.98437e+12 2.98437e+12 2.02907
1.43093e+26 -4.88226e+12 -4.88226e+12 1.49888
8.87271e+25 -1.07731e+12 -1.07731e+12 1.01024
7.91665e+25 -1.9337e+12 -1.9337e+12 1.52561
8.21404e+25 -2.73225e+11 -2.73225e+11 1.32789
1.913e+26 5.09606e+11 5.09606e+11 1.63991
2.37799e+26 -7.08504e+12 -7.08504e+12 1.65661
1.21047e+26 4.29343e+12 4.29343e+12 2.11476
1.6977e+26 9.35855e+12 9.35855e+12 2.43202
1.20433e+26 7.93522e+12 7.93522e+12 2.29956
7.82092e+25 -1.26524e+12 -1.26524e+12 1.62688
6.32232e+25 -3.41326e+12 -3.41326e+12 1.34416
6.87005e+25 7.38572e+11 7.38572e+11 2.26217
4.59153e+26 -1.51554e+12 -1.51554e+12 1.7056
2.17413e+26 5.2636e+11 5.2636e+11 1.56351
1.54866e+26 -6.98032e+12 -6.98032e+12 3.87847
1.29855e+26 4.6763e+12 4.6763e+12 2.00638
7.67199e+25 -1.95369e+12 -1.95369e+12 1.69986
1.16523e+26 -2.08234e+12 -2.08234e+12 1.52204
1.4283e+26 4.24477e+12 4.24477e+12 2.31975
1.08588e+26 4.69359e+12 4.69359e+12 1.35389
8.13108e+25 -2.46839e+12 -2.46839e+12 1.76666
5.21823e+25 -1.29016e+12 -1.29016e+12 2.03241
1.15034e+26 -2.65185e+12 -2.65185e+12 1.68936
3.06252e+26 -1.32737e+12 -1.32737e+12 1.35074
4.96607e+25 -8.02187e+11 -8.02187e+11 1.06697
1.79971e+26 1.66517e+12 1.66517e+12 1.35521
1.28994e+26 6.1225e+12 6.1225e+12 1.50277
7.59039e+25 9.02935e+11 9.02935e+11 1.65768
2.27432e+26 -6.11577e+12 -6.11577e+12 1.6768
2.83699e+26 4.45986e+12 4.45986e+12 1.58238
2.28121e+26 -2.58825e+12 -2.58825e+12 1.48594
2.7975e+26 -3.305e+11 -3.305e+11 1.48283
1.92709e+26 4.70352e+12 4.70352e+12 1.26905
1.88028e+26 1.22973e+12 1.22973e+12 2.14383
9.29303e+25 -3.50473e+12 -3.50473e+12 3.62029
1.43998e+26 -1.73621e+12 -1.73621e+12 1.61845
2.544e+26 -4.98894e+12 -4.98894e+12 1.28848
2.32097e+26 -8.28314e+12 -8.28314e+12 2.47987
1.44615e+26 7.36785e+12 7.36785e+12 1.65167
6.79744e+25 -2.32043e+12 -2.32043e+12 2.07807
2.0448e+26 5.07398e+12 5.07398e+12 2.83506
1.05733e+26 2.87028e+11 2.87028e+11 2.13728
1.56578e+26 1.34113e+12 1.34113e+12 1.41175
1.44882e+26 3.11561e+12 3.11561e+12 3.08693
7.83421e+25 2.93924e+12 2.93924e+12 5.98491
4.74366e+25 1.44733e+12 1.44733e+12 2.03579
2.31857e+26 -1.81519e+12 -1.81519e+12 1.48718
1.33806e+26 -2.91107e+12 -2.91107e+12 1.3578
1.16259e+26 -4.43683e+12 -4.43683e+12 2.01343
1.28863e+26 -1.33057e+12 -1.33057e+12 1.71315
7.53349e+25 4.68165e+12 4.68165e+12 2.9278
8.33952e+25 -5.90087e+12 -5.90087e+12 3.11751
1.19314e+26 1.84761e+12 1.84761e+12 1.74707
2.62506e+26 3.65149e+12 3.65149e+12 2.43045
1.74996e+26 -1.24362e+11 -1.24362e+11 2.41348
1.48422e+26 -6.03756e+11 -6.03756e+11 2.22856
5.5062e+25 -9.65464e+11 -9.65464e+11 1.07699
1.05034e+26 -8.29656e+11 -8.29656e+11 1.88776
2.78235e+26 3.67694e+12 3.67694e+12 1.41729
2.21329e+26 5.97807e+12 5.97807e+12 2.36019
2.33119e+26 -1.08537e+12 -1.08537e+12 2.56933
1.21746e+26 -1.1765e+12 -1.1765e+12 2.69055
1.2358e+26 5.64759e+10 5.64759e+10 3.464
2.52067e+25 3.58247e+11 3.58247e+11 1.14809
7.90249e+25 5.7483e+11 5.7483e+11 1.60381
3.66247e+25 2.51634e+11 2.51634e+11 2.39312
1.51368e+26 -3.57101e+12 -3.57101e+12 2.30026
9.78324e+25 -3.385e+12 -3.385e+12 1.14886
9.82061e+25 -2.82418e+11 -2.82418e+11 1.76169
1.22165e+26 1.35804e+12 1.35804e+12 1.2843
4.4545e+25 -3.94012e+12 -3.94012e+12 1.89801
4.38492e+25 4.32177e+11 4.32177e+11 1.31754
3.30283e+26 -1.22343e+13 -1.22343e+13 3.6149
1.16162e+26 -1.59528e+12 -1.59528e+12 1.52512
8.08173e+25 1.23259e+12 1.23259e+12 1.40559
8.42222e+25 -4.7733e+11 -4.7733e+11 2.47623
1.84254e+26 2.73567e+12 2.73567e+12 1.51942
1.44429e+26 3.70187e+12 3.70187e+12 2.88009
2.00522e+26 3.45496e+10 3.45496e+10 2.01026
2.87034e+25 9.81583e+10 9.81583e+10 1.54282
1.29429e+26 1.69742e+12 1.69742e+12 1.69343
6.90882e+25 -1.28222e+12 -1.28222e+12 1.54816
1.52467e+26 -1.17048e+12 -1.17048e+12 1.12465
1.22066e+26 2.18147e+12 2.18147e+12 0.984345
8.63028e+25 -1.34781e+12 -1.34781e+12 1.26717
2.0005e+26 4.40715e+12 4.40715e+12 2.82536
1.23558e+26 -3.41623e+11 -3.41623e+11 1.55089
9.85388e+25 -3.72325e+11 -3.72325e+11 2.19125
1.78039e+26 4.54249e+12 4.54249e+12 2.13052
4.5018e+25 1.0724e+12 1.0724e+12 3.61466
3.25504e+26 -5.6722e+12 -5.6722e+12 2.1736
3.0742e+26 2.04839e+12 2.04839e+12 1.56567
1.4071e+26 1.79062e+11 1.79062e+11 1.23072
3.0921e+25 2.71628e+12 2.71628e+12 2.78996
1.22285e+26 -7.37158e+11 -7.37158e+11 1.35949
8.75724e+25 1.58538e+11 1.58538e+11 2.11317
9.08304e+25 2.23187e+12 2.23187e+12 2.01591
2.91514e+26 -3.39239e+12 -3.39239e+12 2.34859
5.32235e+25 1.10789e+12 1.10789e+12 1.56594
7.78661e+25 -2.42892e+12 -2.42892e+12 1.70578
1.06093e+26 6.8549e+11 6.8549e+11 1.65622
6.93539e+25 -2.09461e+11 -2.09461e+11 1.82181
1.51147e+26 -1.42774e+12 -1.42774e+12 1.5923
1.87137e+26 2.83274e+11 2.83274e+11 2.50662
3.03942e+25 -1.18838e+12 -1.18838e+12 2.44461
1.14945e+26 -2.98365e+12 -2.98365e+12 1.81964
1.59923e+26 1.98153e+12 1.98153e+12 1.70857
1.78302e+26 -2.87226e+12 -2.87226e+12 1.703
1.72371e+26 -4.69424e+12 -4.69424e+12 1.75403
3.73246e+25 5.26549e+11 5.26549e+11 1.84286
3.83717e+25 7.86427e+11 7.86427e+11 2.08517
1.07462e+26 -5.50987e+12 -5.50987e+12 2.03369
1.05183e+26 -6.75792e+11 -6.75792e+11 2.47693
2.11389e+26 3.97623e+12 3.97623e+12 3.44939
6.44069e+25 3.74894e+11 3.74894e+11 1.86079
3.20072e+26 -2.74806e+12 -2.74806e+12 1.17091
2.96031e+26 -7.88387e+12 -7.88387e+12 1.43232
1.31079e+26 -1.97709e+12 -1.97709e+12 1.68681
1.72039e+26 -4.04366e+12 -4.04366e+12 1.6691
2.25101e+26 -3.2969e+12 -3.2969e+12 2.91289
8.50609e+25 -3.11189e+10 -3.11189e+10 1.15516
1.02888e+26 -1.17855e+12 -1.17855e+12 1.69213
8.08506e+25 7.70409e+11 7.70409e+11 1.7368
1.68037e+26 6.31654e+12 6.31654e+12 2.51634
1.33682e+26 2.09371e+11 2.09371e+11 1.12639
1.28207e+26 -7.61282e+11 -7.61282e+11 1.20578
6.43981e+25 5.98862e+11 5.98862e+11 1.41321
1.78072e+26 5.59354e+12 5.59354e+12 2.57462
1.32941e+26 -4.74667e+12 -4.74667e+12 2.19792
5.48698e+25 1.48695e+12 1.48695e+12 2.76712
9.75132e+25 7.35497e+11 7.35497e+11 1.32153
1.99705e+26 -7.7959e+12 -7.7959e+12 1.27712
1.25583e+26 -3.81744e+12 -3.81744e+12 2.52037
2.9208e+26 -1.16519e+12 -1.16519e+12 1.24784
1.11716e+26 -2.20755e+12 -2.20755e+12 1.73133
7.49074e+25 9.68294e+11 9.68294e+11 1.15441
1.62908e+26 -5.89371e+11 -5.89371e+11 1.59387
1.00845e+26 -3.192e+12 -3.192e+12 2.79028
1.4064e+26 5.73704e+11 5.73704e+11 1.39208
1.12508e+26 5.80098e+12 5.80098e+12 2.24251
1.58459e+26 -5.67235e+12 -5.67235e+12 1.90387
2.43899e+26 8.83125e+11 8.83125e+11 1.13075
2.01866e+26 -1.61285e+12 -1.61285e+12 1.43813
8.38559e+25 1.85696e+12 1.85696e+12 1.40159
1.33309e+26 3.44612e+11 3.44612e+11 1.72589
6.15219e+25 1.54776e+11 1.54776e+11 1.14777
2.28132e+26 1.52226e+12 1.52226e+12 1.08123
9.95225e+25 -6.04252e+10 -6.04252e+10 1.49568
4.91466e+25 2.74175e+11 2.74175e+11 1.50625
1.32054e+26 5.27759e+12 5.27759e+12 1.68293
2.73085e+26 6.23262e+12 6.23262e+12 2.7609
9.07281e+25 -3.99748e+12 -3.99748e+12 1.69698
5.34797e+25 1.76969e+12 1.76969e+12 1.53406
6.16968e+25 2.03991e+12 2.03991e+12 1.96895
6.32278e+25 -2.3098e+11 -2.3098e+11 1.48284
9.74626e+25 1.75642e+12 1.75642e+12 2.01647
2.37503e+26 4.63708e+12 4.63708e+12 2.70621
1.57953e+26 2.80144e+12 2.80144e+12 2.08202
8.14201e+25 -9.65528e+11 -9.65528e+11 2.15968
1.18664e+26 1.1372e+12 1.1372e+12 1.32578
1.10881e+26 -1.71509e+11 -1.71509e+11 1.72642
8.46188e+25 -1.22788e+12 -1.22788e+12 1.3059
1.42889e+26 -5.10846e+12 -5.10846e+12 1.66713
6.92666e+25 -7.67757e+11 -7.67757e+11 1.32414
5.73206e+25 -3.78012e+11 -3.78012e+11 1.49541
1.93872e+26 -1.92536e+11 -1.92536e+11 2.14996
1.43669e+26 -4.17088e+12 -4.17088e+12 1.28427
1.22866e+26 1.03343e+12 1.03343e+12 3.02762
1.51712e+26 -1.11862e+11 -1.11862e+11 1.70512
1.78952e+26 -1.94236e+10 -1.94236e+10 1.34104
9.24397e+25 -1.59033e+12 -1.59033e+12 1.43283
4.92692e+25 -4.95051e+08 -4.95051e+08 2.46353
1.49324e+26 -4.44038e+11 -4.44038e+11 1.42094
1.44166e+26 -3.74478e+11 -3.74478e+11 1.79697
4.6257e+26 -1.14154e+13 -1.14154e+13 1.74017
1.46351e+26 -2.08719e+12 -2.08719e+12 1.02774
1.43848e+26 -8.75776e+10 -8.75776e+10 4.08667
7.63002e+25 -4.16413e+11 -4.16413e+11 1.68535
3.55665e+26 3.53134e+11 3.53134e+11 1.11206
2.70226e+26 9.4712e+11 9.4712e+11 1.85474
8.75311e+25 -2.18258e+12 -2.18258e+12 2.58532
4.09128e+25 8.31214e+11 8.31214e+11 1.41706
3.12696e+26 -4.83886e+12 -4.83886e+12 1.57841
6.70729e+26 8.48543e+09 8.48543e+09 1.18046
1.01875e+26 4.83371e+12 4.83371e+12 1.9213
4.3823e+25 -2.64262e+12 -2.64262e+12 1.60359
9.26766e+25 -8.4092e+11 -8.4092e+11 1.28806
7.09001e+25 -1.27595e+12 -1.27595e+12 1.39432
3.6058e+26 2.1817e+12 2.1817e+12 1.3731
1.58298e+26 1.08094e+12 1.08094e+12 1.91186
1.4077e+26 -7.00696e+12 -7.00696e+12 2.28241
1.24536e+26 3.37318e+11 3.37318e+11 2.4862
1.57452e+26 2.22534e+12 2.22534e+12 1.99433
2.44114e+26 2.38984e+11 2.38984e+11 2.19739
9.55508e+25 -1.183e+12 -1.183e+12 1.72425
3.34468e+25 -1.96865e+12 -1.96865e+12 1.6214
1.33315e+26 1.00848e+12 1.00848e+12 1.16942
2.06516e+26 -7.01355e+12 -7.01355e+12 3.51742
6.65735e+25 2.48128e+12 2.48128e+12 2.15675
4.11071e+26 -5.96478e+12 -5.96478e+12 2.58339
1.53801e+26 2.80676e+12 2.80676e+12 1.69332
1.32408e+26 1.65629e+12 1.65629e+12 1.29031
2.17568e+26 8.72024e+11 8.72024e+11 1.51867
6.38964e+25 -1.14541e+12 -1.14541e+12 2.07444
1.24572e+26 1.63812e+12 1.63812e+12 1.7674
1.00685e+26 4.09041e+12 4.09041e+12 2.17435
1.0119e+26 -3.2075e+12 -3.2075e+12 1.7493
7.55937e+25 -2.91024e+12 -2.91024e+12 1.2633
9.62011e+25 -4.24208e+11 -4.24208e+11 1.62585
9.06662e+25 -6.09629e+11 -6.09629e+11 2.66644
1.64715e+26 -6.3649e+12 -6.3649e+12 1.60159
2.17616e+26 1.05024e+12 1.05024e+12 1.30861
3.46178e+25 3.55864e+12 3.55864e+12 1.35632
1.72835e+26 -2.7997e+12 -2.7997e+12 1.37534
4.71753e+25 1.30316e+11 1.30316e+11 1.51118
5.5929e+25 -1.59818e+11 -1.59818e+11 0.917731
1.5687e+26 -1.19378e+12 -1.19378e+12 1.24592
6.12744e+25 1.71658e+12 1.71658e+12 2.07742
1.14188e+26 2.17184e+12 2.17184e+12 1.67055
3.72646e+26 -1.10029e+12 -1.10029e+12 1.09246
3.8027e+26 2.97626e+12 2.97626e+12 1.0223
4.27719e+25 -1.39284e+11 -1.39284e+11 2.07815
1.00628e+26 -4.0756e+11 -4.0756e+11 1.34069
9.76253e+25 -1.41902e+12 -1.41902e+12 1.54883
7.62182e+25 -2.73963e+11 -2.73963e+11 2.22536
1.0611e+26 6.87824e+12 6.87824e+12 2.37507
5.16391e+26 3.96065e+12 3.96065e+12 1.75638
1.16013e+26 -2.74185e+12 -2.74185e+12 2.35671
5.48677e+25 1.29884e+12 1.29884e+12 1.63738
1.09737e+26 -2.56106e+12 -2.56106e+12 1.21036
1.48048e+26 7.95093e+11 7.95093e+11 2.72537
5.94088e+26 -4.56114e+12 -4.56114e+12 1.11513
1.0869e+26 -2.91902e+12 -2.91902e+12 2.04629
4.23033e+25 -8.11331e+11 -8.11331e+11 1.99822
2.20285e+26 -1.15298e+12 -1.15298e+12 1.91242
8.29622e+25 3.6552e+11 3.6552e+11 1.63431
2.01282e+26 -7.95356e+12 -7.95356e+12 2.50254
2.39569e+26 -1.73756e+12 -1.73756e+12 1.33049
1.59842e+26 1.45817e+12 1.45817e+12 1.12031
7.60847e+25 6.17255e+11 6.17255e+11 1.70576
1.66181e+26 -2.54036e+12 -2.54036e+12 1.7837
2.37127e+26 -1.1691e+12 -1.1691e+12 1.18271
2.46738e+26 3.46777e+12 3.46777e+12 2.00057
1.16946e+26 1.62995e+11 1.62995e+11 1.00098
8.14584e+25 -1.87118e+12 -1.87118e+12 2.12572
1.51516e+26 2.14311e+12 2.14311e+12 1.68722
3.33393e+26 -1.55685e+12 -1.55685e+12 1.75431
2.34577e+26 -5.89083e+12 -5.89083e+12 2.70362
5.11041e+25 -1.04735e+12 -1.04735e+12 1.86008
2.05764e+25 -4.31795e+11 -4.31795e+11 1.6643
7.75854e+25 3.01404e+12 3.01404e+12 2.04295
1.54757e+26 -1.44342e+12 -1.44342e+12 1.92021
5.82163e+26 1.69425e+12 1.69425e+12 1.88349
5.40047e+25 2.24267e+12 2.24267e+12 1.78356
1.55331e+26 3.33942e+12 3.33942e+12 1.86872
2.55169e+26 -7.31312e+12 -7.31312e+12 2.32816
1.35198e+26 -1.72704e+12 -1.72704e+12 1.23704
8.09281e+25 6.26212e+11 6.26212e+11 2.87042
1.23721e+26 6.70293e+11 6.70293e+11 1.72093
1.23812e+26 -2.84592e+11 -2.84592e+11 1.59862
9.50462e+25 2.44272e+12 2.44272e+12 1.50117
1.77816e+26 -4.33979e+12 -4.33979e+12 1.76664
1.6717e+26 -1.82593e+12 -1.82593e+12 1.3777
1.01533e+26 8.6892e+09 8.6892e+09 1.23918
1.02608e+26 1.11096e+12 1.11096e+12 1.72879
8.89235e+25 7.42474e+10 7.42474e+10 1.32906
5.72017e+26 -6.17203e+12 -6.17203e+12 2.21926
1.72624e+26 -1.03565e+13 -1.03565e+13 2.72315
3.4932e+26 -2.18136e+11 -2.18136e+11 1.41866
1.49428e+26 -3.52606e+12 -3.52606e+12 1.50591
9.04946e+25 5.89132e+10 5.89132e+10 1.48112
9.82664e+25 5.48114e+12 5.48114e+12 2.01576
1.67997e+26 -3.20819e+12 -3.20819e+12 1.3741
2.90866e+26 2.22598e+12 2.22598e+12 2.16169
1.47382e+26 -3.72615e+12 -3.72615e+12 2.53228
9.71806e+25 1.30087e+12 1.30087e+12 1.35232
1.8632e+26 6.99911e+12 6.99911e+12 1.86841
1.14773e+26 3.79552e+12 3.79552e+12 1.8899
2.10188e+26 -8.68252e+12 -8.68252e+12 1.72673
1.16402e+26 7.76374e+12 7.76374e+12 3.28465
1.30495e+26 7.76684e+12 7.76684e+12 2.33076
2.58187e+26 5.90993e+12 5.90993e+12 1.59952
1.19206e+26 3.19427e+12 3.19427e+12 1.72729
7.38455e+25 1.85254e+12 1.85254e+12 1.14657
7.51403e+25 1.71041e+12 1.71041e+12 1.82471
1.88481e+26 1.47059e+12 1.47059e+12 1.40595
6.63924e+25 1.14946e+12 1.14946e+12 1.34523
2.01862e+26 -1.36649e+12 -1.36649e+12 1.22086
6.1335e+25 -1.00164e+12 -1.00164e+12 1.54208
7.51129e+25 5.76879e+11 5.76879e+11 1.71283
5.78272e+25 -3.14034e+11 -3.14034e+11 1.06154
2.67429e+25 7.62489e+11 7.62489e+11 2.1033
4.83031e+25 6.34303e+12 6.34303e+12 2.4194
1.09673e+26 1.53373e+12 1.53373e+12 2.03014
1.53584e+26 -1.42485e+12 -1.42485e+12 1.31124
2.67248e+25 -9.03262e+11 -9.03262e+11 1.25825
2.07008e+26 -1.41873e+12 -1.41873e+12 1.42073
1.23867e+26 2.0353e+12 2.0353e+12 2.38942
1.04376e+26 -3.33394e+11 -3.33394e+11 2.10389
1.43348e+26 2.8559e+11 2.8559e+11 2.22778
1.80257e+26 -6.44425e+10 -6.44425e+10 2.20067
1.6636e+26 3.40575e+12 3.40575e+12 2.45252
1.29607e+26 -9.5014e+12 -9.5014e+12 2.49906
2.97998e+26 1.97718e+12 1.97718e+12 2.31342
1.18723e+26 3.15177e+12 3.15177e+12 2.05163
6.9313e+25 7.63789e+11 7.63789e+11 2.4557
1.58559e+26 2.10296e+12 2.10296e+12 1.65864
1.0172e+26 -4.26987e+11 -4.26987e+11 2.13739
1.98302e+26 -4.84559e+12 -4.84559e+12 1.68508
1.60434e+26 -2.46285e+12 -2.46285e+12 1.99527
2.49962e+26 -4.40677e+11 -4.40677e+11 1.13923
8.07569e+25 2.64334e+12 2.64334e+12 2.05184
1.72228e+26 4.8027e+12 4.8027e+12 1.41514
3.45197e+26 4.76702e+12 4.76702e+12 1.42782
9.75198e+25 1.23357e+12 1.23357e+12 2.15763
9.02399e+25 -2.27726e+12 -2.27726e+12 1.8075
1.22467e+26 -3.87174e+12 -3.87174e+12 2.32613
3.21183e+26 -4.41134e+12 -4.41134e+12 2.3834
1.33905e+26 3.14369e+12 3.14369e+12 2.42771
1.14479e+26 -1.20007e+12 -1.20007e+12 2.09752
