13
22
12
20
11
12
17
16
10
15
12
12
18
21
15
12
18
14
12
18
11
17
10
11
12
12
13
12
11
18
14
20
16
10
13
12
19
10
22
13
20
13
13
11
11
11
14
11
16
10
14
13
19
10
13
17
12
16
11
17
14
10
18
17
18
12
15
12
22
22
17
11
14
20
18
23
22
18
13
15
17
14
14
19
12
11
10
13
13
23
13
11
18
11
10
11
22
14
10
11
12
12
17
10
20
16
18
14
12
24
11
17
11
13
15
26
14
12
15
46
15
12
11
14
14
12
16
19
16
13
28
13
15
12
11
11
11
13
12
10
22
16
12
13
20
13
15
13
13
17
10
17
21
13
10
12
18
14
13
11
16
14
10
16
13
14
19
14
12
11
14
13
15
15
11
14
18
13
14
14
14
12
11
16
10
13
20
15
15
10
14
15
12
13
12
18
16
14
22
19
15
14
22
10
16
12
14
10
12
18
13
18
13
15
17
12
12
15
13
19
13
14
14
11
15
12
13
12
16
14
11
13
12
13
12
26
13
10
16
12
18
12
10
12
13
17
10
10
16
20
18
19
20
15
15
23
14
21
14
16
13
14
13
20
13
26
11
14
12
16
22
14
12
14
13
14
15
17
11
17
13
13
17
11
14
17
12
10
15
20
13
16
12
16
12
11
16
16
15
16
14
11
12
12
15
15
19
16
13
23
13
13
16
10
13
13
22
10
10
19
26
17
15
14
13
19
19
12
13
23
17
14
11
10
15
17
11
12
21
16
12
14
12
12
11
10
14
11
14
14
12
11
20
12
12
10
11
12
21
20
20
13
13
14
13
16
15
17
14
21
12
16
17
12
12
13
10
19
15
10
20
20
14
11
18
19
13
11
12
12
11
14
11
12
12
18
19
13
22
21
18
10
10
11
14
14
14
11
13
15
18
17
14
10
13
15
10
11
13
12
13
12
13
12
13
21
14
16
16
19
20
16
11
10
13
11
13
10
14
18
19
11
17
10
20
12
17
12
14
12
13
19
12
13
11
13
14
19
11
10
10
13
15
13
12
13
17
11
11
15
17
12
10
15
15
13
17
12
14
12
15
12
17
16
13
23
14
13
15
13
13
23
20
13
13
15
11
23
11
15
11
10
15
16
13
14
18
21
16
27
15
18
12
11
10
11
14
11
10
15
14
12
14
12
14
12
14
13
15
18
13
17
20
14
20
14
16
15
15
13
11
14
10
10
16
16
18
15
11
13
14
16
19
13
10
16
16
15
15
14
14
12
10
19
10
17
15
13
11
17
13
15
14
22
13
12
14
19
16
12
17
13
17
16
17
13
14
12
12
13
11
18
10
19
11
19
15
15
10
12
16
14
21
15
16
15
12
13
12
11
13
18
13
19
13
13
11
14
12
19
10
16
13
13
12
19
16
12
20
20
14
13
12
15
20
11
11
10
11
13
16
12
14
16
10
10
15
21
13
13
13
13
15
12
19
11
13
10
14
15
17
17
12
15
10
13
19
12
19
11
10
17
14
15
13
13
14
15
10
14
15
16
13
15
14
11
10
20
11
22
17
12
21
11
13
18
19
16
11
14
14
14
14
13
13
13
12
14
11
22
15
15
18
12
19
17
10
11
17
11
13
11
12
14
11
14
10
17
10
14
14
12
11
14
15
10
13
13
10
17
12
13
13
12
11
18
14
18
14
17
19
12
17
17
14
19
16
17
18
31
14
12
10
12
15
10
12
15
21
15
18
14
21
12
17
12
16
22
11
17
13
15
11
14
17
13
10
17
13
18
19
15
16
12
23
11
15
16
15
18
14
17
14
15
17
14
13
11
12
10
15
17
17
17
13
18
10
15
19
16
12
16
12
15
10
19
15
14
15
14
13
13
13
16
13
11
13
14
12
11
13
16
14
12
13
11
12
19
15
16
15
19
15
13
12
11
17
13
10
10
11
16
12
17
12
10
13
13
11
15
13
13
13
14
14
10
10
10
17
11
17
13
14
13
12
18
10
11
18
24
15
24
11
22
15
18
13
15
13
13
19
18
13
10
13
13
13
14
10
15
18
16
12
12
16
18
13
13
15
14
12
13
13
16
18
17
16
22
10
12
12
17
12
12
16
12
16
18
11
10
15
12
11
16
14
10
11
10
10
17
13
12
13
15
12
14
16
21
10
17
15
16
10
12
11
17
13
18
14
10
15
12
10
16
10
18
24
17
11
19
11
15
16
14
10
15
10
10
16
13
12
12
11
16
14
10
25
12
14
10
