-3449.58 -517.409 -2932.17
-3459.1 -536.236 -2922.87
-3465.21 -525.084 -2940.13
-3456.41 -512.51 -2943.9
-3471.28 -540.782 -2930.5
-3442.54 -506.689 -2935.85
-3470.59 -531.61 -2938.98
-3453.7 -516.71 -2936.99
-3465.12 -521.995 -2943.13
-3464.34 -523.841 -2940.49
-3455.7 -515.064 -2940.63
-3466.16 -522.772 -2943.39
-3442.09 -499.326 -2942.76
-3445.1 -525.74 -2919.36
-3447.89 -521.399 -2926.49
-3428.28 -508.726 -2919.56
-3440.86 -515.335 -2925.53
-3429.32 -504.612 -2924.71
-3431.49 -521.827 -2909.66
-3438.07 -505.068 -2933
-3454.78 -541.541 -2913.24
-3459.5 -532.06 -2927.44
-3443.96 -524.533 -2919.43
-3444.19 -515.229 -2928.96
-3453.02 -518.302 -2934.72
-3436.37 -490.517 -2945.86
-3461.43 -536.353 -2925.08
-3449.14 -517.868 -2931.27
-3452.19 -502.236 -2949.95
-3453.45 -516.025 -2937.43
-3456.63 -508.27 -2948.36
-3429.62 -493.565 -2936.05
-3447.28 -506.716 -2940.57
-3446.87 -504.884 -2941.98
-3473.01 -521.111 -2951.9
-3462.64 -508.696 -2953.94
-3470.69 -510.174 -2960.52
-3473.54 -529.575 -2943.96
-3442.46 -499.398 -2943.06
-3474.93 -538.775 -2936.15
-3449.34 -513.277 -2936.06
-3461.17 -529.393 -2931.78
-3443.35 -492.417 -2950.93
-3451.88 -500.55 -2951.33
-3435.6 -503.796 -2931.81
-3446.47 -516.28 -2930.19
-3444.51 -503.661 -2940.85
-3466.42 -541.62 -2924.8
-3468.33 -526.849 -2941.48
-3466.09 -540.31 -2925.78
-3433.98 -505.018 -2928.96
-3439.26 -510.502 -2928.75
-3457.53 -544.902 -2912.63
-3420.89 -485.495 -2935.39
-3439.71 -506.7 -2933.01
-3456.08 -517.828 -2938.25
-3455.86 -509.882 -2945.97
-3450.12 -523.304 -2926.82
-3446.93 -487.538 -2959.39
-3444.19 -510.982 -2933.21
-3428.99 -492.711 -2936.28
-3462.66 -530.65 -2932.01
-3489.06 -557.937 -2931.12
-3462.41 -532.492 -2929.92
-3465.45 -535.369 -2930.08
-3466.67 -542.978 -2923.69
-3444.54 -510.035 -2934.51
-3450.35 -523.339 -2927.02
-3461.29 -512.992 -2948.3
-3451.38 -529.014 -2922.36
-3417.73 -499.718 -2918.01
-3448.39 -521.14 -2927.25
-3437.57 -509.288 -2928.28
-3444.78 -523.807 -2920.98
-3432.2 -512.141 -2920.06
-3441.64 -504.684 -2936.96
-3446.78 -515.7 -2931.08
-3450.84 -522.116 -2928.72
-3447.86 -515.989 -2931.87
-3441.81 -506.602 -2935.21
-3441.53 -512.603 -2928.93
-3421.9 -469.789 -2952.11
-3438.43 -520.971 -2917.46
-3428.57 -508.601 -2919.97
-3432.16 -517.869 -2914.29
-3443.07 -515.988 -2927.08
-3462.43 -531.324 -2931.1
-3449.02 -507.768 -2941.25
-3445.79 -500.359 -2945.43
-3434.54 -504.76 -2929.78
-3435.78 -509.917 -2925.87
-3443.59 -498.6 -2944.99
-3435.6 -491.106 -2944.49
-3441.3 -500.787 -2940.51
-3478.73 -537.513 -2941.21
-3465.67 -518.159 -2947.52
-3442.58 -505.803 -2936.78
-3469.48 -524.416 -2945.07
-3444.85 -499.719 -2945.13
-3434.55 -493.546 -2941
-3463.64 -511.674 -2951.97
-3428.93 -495.161 -2933.77
-3440.98 -497.994 -2942.99
-3450.85 -520.005 -2930.85
-3453.89 -510.685 -2943.21
-3429.03 -477.3 -2951.73
-3445.92 -510.396 -2935.52
-3435.64 -503.419 -2932.22
-3437.65 -495.706 -2941.95
-3441.43 -498.592 -2942.84
-3450.85 -510.058 -2940.79
-3441.93 -494.573 -2947.36
-3449.72 -519.753 -2929.97
-3466.97 -531.189 -2935.78
-3452.53 -498.078 -2954.45
-3460.97 -521.974 -2938.99
-3458.59 -515.041 -2943.55
-3460.96 -507.064 -2953.9
-3451.37 -512.219 -2939.15
-3460.5 -495.473 -2965.03
-3464.12 -525.717 -2938.4
-3480.13 -515.362 -2964.77
-3481.47 -526.857 -2954.62
-3476.38 -517.598 -2958.78
-3458.6 -492.892 -2965.71
-3443.87 -478.846 -2965.02
-3461.63 -511.09 -2950.54
-3477.55 -525.239 -2952.32
-3453.36 -504 -2949.36
-3458.61 -511.714 -2946.9
-3475.61 -526.761 -2948.85
-3461.52 -513.813 -2947.71
-3458.19 -509.86 -2948.33
-3454.21 -510.002 -2944.21
-3461.88 -525.428 -2936.45
-3446.92 -497.636 -2949.28
-3454.65 -509.454 -2945.2
-3440.27 -493.879 -2946.39
-3470.45 -520.521 -2949.93
-3464.62 -516.317 -2948.3
-3458.45 -494.186 -2964.26
-3442.8 -499.486 -2943.32
-3463.82 -530.852 -2932.97
-3461.53 -523.833 -2937.69
-3482.96 -540.082 -2942.87
-3468.57 -544.63 -2923.94
-3427.99 -495.528 -2932.46
-3449.63 -505.102 -2944.52
-3459.93 -532.661 -2927.27
-3438.95 -489.941 -2949.01
-3453.74 -517.576 -2936.16
-3428.64 -486.913 -2941.72
-3451.76 -519.129 -2932.63
-3459.38 -508.472 -2950.91
-3460.33 -518.122 -2942.21
-3464.21 -513.209 -2951
-3468.99 -527.126 -2941.86
-3475.2 -516.044 -2959.16
-3453.56 -499.008 -2954.55
-3431.41 -474.938 -2956.47
-3437.62 -489.38 -2948.24
-3434.98 -473.692 -2961.29
-3435.43 -487.053 -2948.37
-3434.02 -489.031 -2944.99
-3440.87 -493.823 -2947.04
-3458.43 -500.299 -2958.13
-3447.19 -496.951 -2950.24
-3455.75 -507.518 -2948.23
-3453.99 -501.024 -2952.97
-3456.54 -506.093 -2950.44
-3476.79 -508.706 -2968.09
-3465.71 -512.215 -2953.49
-3478.36 -543.419 -2934.94
-3460.95 -515.944 -2945.01
-3480.11 -541.995 -2938.11
-3487.07 -547.54 -2939.53
-3471.97 -516.499 -2955.47
-3458.78 -510.184 -2948.59
-3441.97 -490.8 -2951.17
-3450.69 -504.592 -2946.1
-3445.27 -513.875 -2931.4
-3475.75 -540.993 -2934.76
-3456.02 -523.608 -2932.41
-3455.2 -515.137 -2940.06
-3436.7 -499.445 -2937.26
-3454.79 -520.329 -2934.46
-3453.58 -514.927 -2938.65
-3465.31 -528.115 -2937.19
-3469.38 -542.814 -2926.56
-3435.24 -495.689 -2939.55
-3459.52 -529.878 -2929.64
-3454.18 -496.731 -2957.45
-3455.65 -509.167 -2946.49
-3446.98 -505.117 -2941.86
-3453.5 -523.225 -2930.28
-3437.46 -505.421 -2932.04
-3453.38 -518.616 -2934.76
-3463.05 -529.385 -2933.67
-3452.59 -508.123 -2944.46
-3454.02 -516.465 -2937.56
-3484.01 -524.298 -2959.71
-3443.78 -513.718 -2930.06
-3462.64 -508.631 -2954.01
-3436.53 -491.609 -2944.93
-3462.89 -528.583 -2934.3
-3471.54 -536.017 -2935.53
-3453.1 -520.638 -2932.47
-3440.1 -505.766 -2934.33
-3446.22 -502.662 -2943.56
-3468.78 -525.704 -2943.07
-3448.14 -490.186 -2957.95
-3452.96 -513.038 -2939.92
-3462.28 -521.662 -2940.62
-3445.11 -512.975 -2932.13
-3452.04 -510.065 -2941.98
-3434.04 -482.044 -2952
-3454.78 -510.05 -2944.73
-3448.71 -508.497 -2940.21
-3459.6 -512.943 -2946.66
-3463.13 -509.081 -2954.05
-3447.7 -502.887 -2944.81
-3463.13 -505.396 -2957.74
-3463.95 -530.964 -2932.98
-3438.07 -492.359 -2945.71
-3471.19 -523.664 -2947.53
-3436.49 -515.273 -2921.21
-3435.31 -509.46 -2925.85
-3436.77 -514.031 -2922.74
-3452.01 -525.383 -2926.63
-3437.62 -521.786 -2915.83
-3445.98 -511.474 -2934.51
-3444.83 -527.716 -2917.11
-3457.79 -522.14 -2935.65
-3452.07 -531.724 -2920.35
-3448.75 -512.421 -2936.33
-3447.44 -518.963 -2928.48
-3435.8 -497.69 -2938.11
-3430.27 -499.249 -2931.02
-3427.05 -493.794 -2933.26
-3442.32 -518.701 -2923.62
-3424.72 -494.052 -2930.67
-3441.69 -499.302 -2942.39
-3438.52 -515.009 -2923.51
-3442.52 -496.795 -2945.73
-3456.43 -521.467 -2934.96
-3452.62 -530.731 -2921.89
-3460.99 -539.898 -2921.09
-3457.76 -532.257 -2925.5
-3449.67 -506.505 -2943.17
-3443.9 -521.906 -2921.99
-3450.73 -529.544 -2921.19
-3457.7 -521.768 -2935.93
-3451.55 -525.161 -2926.39
-3439.73 -511.457 -2928.27
-3443.79 -515.315 -2928.47
-3463.52 -525.882 -2937.64
-3475.86 -516.07 -2959.79
-3463.67 -521.373 -2942.3
-3447.96 -496.083 -2951.88
-3458.71 -509.024 -2949.69
-3455.71 -523.144 -2932.57
-3464.17 -523.772 -2940.4
-3467.01 -533.171 -2933.84
-3460.15 -512.951 -2947.19
-3475.94 -539.17 -2936.77
-3465.63 -507.998 -2957.63
-3451.72 -506.012 -2945.71
-3446.93 -503.978 -2942.96
-3444.85 -506.629 -2938.22
-3462.89 -524.724 -2938.17
-3453.41 -523.916 -2929.5
-3472.96 -544.954 -2928
-3438.18 -507.952 -2930.22
-3477.56 -540.245 -2937.31
-3455.69 -504.148 -2951.54
-3472.02 -522.543 -2949.48
-3462.63 -529.625 -2933
-3468.13 -519.199 -2948.93
-3448.57 -497.882 -2950.68
-3467.27 -526.029 -2941.24
-3461.01 -521.366 -2939.65
-3439.44 -507.349 -2932.09
-3426.55 -496.222 -2930.33
-3447.51 -490.078 -2957.43
-3437.08 -497.058 -2940.03
-3434.19 -503.896 -2930.29
-3452.77 -519.075 -2933.7
-3464.3 -521.916 -2942.39
-3435.75 -487.585 -2948.16
-3472.34 -534.563 -2937.78
-3462.09 -515.313 -2946.78
-3479.03 -535.018 -2944.02
-3494.77 -534.427 -2960.34
-3469.8 -519.241 -2950.56
-3461.81 -511.785 -2950.03
-3477.84 -534.261 -2943.58
-3459.27 -503.783 -2955.49
-3464.45 -517.521 -2946.93
-3444.22 -504.011 -2940.21
-3458.53 -516.413 -2942.12
-3460.41 -529.956 -2930.45
-3452.69 -505.811 -2946.87
-3468.74 -517.836 -2950.91
-3465.24 -514.592 -2950.64
-3452.08 -496.83 -2955.25
-3462.96 -507.718 -2955.24
-3468.34 -517.816 -2950.53
-3441.4 -481.995 -2959.4
-3463.06 -517.865 -2945.2
-3459.41 -507.1 -2952.31
-3464.19 -514.472 -2949.72
-3433.35 -503.624 -2929.72
-3466.5 -524.278 -2942.22
-3460.64 -522.04 -2938.6
-3469.9 -543.901 -2926
-3441.64 -506.451 -2935.19
-3430.58 -494.539 -2936.04
-3437.69 -490.688 -2947
-3459.25 -530.372 -2928.88
-3449.02 -514.163 -2934.85
-3441.83 -503.337 -2938.5
-3447.83 -508.368 -2939.46
-3445.39 -503.611 -2941.78
-3443.97 -504.613 -2939.35
-3469.37 -517.562 -2951.8
-3455.79 -507.556 -2948.24
-3455.83 -512.69 -2943.14
-3465.14 -539.822 -2925.32
-3457.94 -528.193 -2929.74
-3433.24 -478.406 -2954.83
-3445.32 -510.621 -2934.7
-3444.4 -507.448 -2936.96
-3460.17 -508.534 -2951.64
-3443.91 -488.739 -2955.17
-3444.68 -512.672 -2932.01
-3437.95 -499.046 -2938.91
-3452.35 -510.079 -2942.27
-3448.58 -488.648 -2959.93
-3455.08 -517.395 -2937.69
-3448.63 -521.597 -2927.04
-3452.23 -520.072 -2932.16
-3468.87 -537.317 -2931.56
-3437.51 -490.929 -2946.59
-3430.6 -486.918 -2943.68
-3464.03 -521.923 -2942.1
-3433.36 -494.165 -2939.2
-3433.25 -484.978 -2948.28
-3435.09 -491.428 -2943.67
-3425.15 -489.795 -2935.35
-3449.08 -517.326 -2931.75
-3478.93 -526.455 -2952.48
-3462.01 -513.579 -2948.43
-3462.37 -512.621 -2949.75
-3465.64 -505.341 -2960.3
-3484.39 -525.398 -2958.99
-3450.42 -487.299 -2963.12
-3459.48 -507.47 -2952.01
-3463.46 -522.349 -2941.11
-3429.09 -485.592 -2943.49
-3454.47 -504.871 -2949.59
-3442.6 -488.44 -2954.16
-3468.63 -508.548 -2960.08
-3463.06 -492.8 -2970.26
-3444.95 -494.71 -2950.24
-3455.88 -501.69 -2954.19
-3429.07 -469.455 -2959.61
-3451.38 -501.586 -2949.8
-3434.27 -486.823 -2947.45
-3461.22 -503.797 -2957.42
-3444.04 -488.507 -2955.53
-3457.51 -504.138 -2953.38
-3483.6 -523.881 -2959.72
-3459.48 -506.765 -2952.72
-3458.88 -508.763 -2950.12
-3425.82 -476.989 -2948.83
-3430.5 -484.872 -2945.63
-3443.75 -484.549 -2959.2
-3444.69 -486.672 -2958.02
-3442.38 -483.117 -2959.26
-3454.9 -494.918 -2959.98
-3451.24 -498.3 -2952.94
-3452.89 -491.982 -2960.91
-3469.75 -506.544 -2963.21
-3453.79 -502.591 -2951.2
-3450.26 -502.825 -2947.44
-3454.09 -492.831 -2961.25
-3451.95 -498.237 -2953.72
-3462.42 -508.321 -2954.1
-3455.4 -487.263 -2968.13
-3474.59 -504.281 -2970.31
-3472.12 -508.436 -2963.68
-3469.58 -509.731 -2959.85
-3471.38 -504.657 -2966.72
-3490.09 -539.811 -2950.28
-3438.88 -476.874 -2962.01
-3448.39 -499.126 -2949.26
-3465.05 -509.852 -2955.2
-3463.81 -519.506 -2944.3
-3445.57 -502.327 -2943.24
-3433.16 -501.097 -2932.07
-3441.06 -492.445 -2948.61
-3443 -489.657 -2953.34
-3454.48 -503.055 -2951.42
-3470.13 -510.608 -2959.52
-3465.68 -519.15 -2946.53
-3446.85 -504.478 -2942.38
-3438.56 -495.506 -2943.05
-3452.85 -501.937 -2950.91
-3438.08 -481.307 -2956.77
-3475.89 -513.129 -2962.76
-3464.02 -512.932 -2951.09
-3466.17 -530.581 -2935.59
-3449.27 -498.078 -2951.19
-3449.1 -494.048 -2955.05
-3448.74 -509.734 -2939.01
-3440.74 -493.139 -2947.6
-3454.31 -492.758 -2961.55
-3438.27 -490.663 -2947.61
-3454.74 -492.921 -2961.82
-3469.69 -516.324 -2953.36
-3470.42 -510.325 -2960.09
-3476.21 -514.399 -2961.81
-3471.68 -495.03 -2976.65
-3466.86 -496.479 -2970.38
-3456.95 -492.587 -2964.36
-3468.32 -502.149 -2966.17
-3452.64 -487.845 -2964.8
-3452.37 -482.781 -2969.59
-3464.81 -497.626 -2967.18
-3436.65 -487.113 -2949.54
-3455.39 -485.166 -2970.23
-3450.57 -490.148 -2960.42
-3441.23 -475.307 -2965.93
-3443.26 -494.389 -2948.88
-3474.84 -518.725 -2956.12
-3441.71 -470.572 -2971.14
-3466.25 -487.122 -2979.13
-3440.47 -482.764 -2957.7
-3458.88 -497.914 -2960.97
-3450.29 -482.553 -2967.73
-3448.34 -490.908 -2957.43
-3452.88 -477.604 -2975.28
-3454.84 -481.004 -2973.84
-3481.8 -526.376 -2955.43
-3478.66 -514.191 -2964.46
-3499.74 -525.512 -2974.23
-3453.3 -487.476 -2965.83
-3454 -499.113 -2954.89
-3439.24 -477.469 -2961.77
-3451.17 -496.128 -2955.04
-3427.24 -464.438 -2962.8
-3457.42 -488.833 -2968.59
-3452.06 -480.845 -2971.22
-3458.56 -489.377 -2969.18
-3436.46 -473.729 -2962.73
-3464.4 -505.075 -2959.33
-3451.39 -476.408 -2974.98
-3473.2 -522.469 -2950.73
-3459.14 -503.885 -2955.26
-3464.63 -500.551 -2964.08
-3442.66 -466.863 -2975.79
-3439.1 -472.846 -2966.26
-3453.05 -516.949 -2936.1
-3433.44 -453.697 -2979.74
-3447.14 -476.046 -2971.1
-3462.23 -504.228 -2958
-3454.85 -500.549 -2954.3
-3459.07 -495.184 -2963.89
-3463.69 -510.288 -2953.4
-3449.6 -494.516 -2955.09
-3463.18 -495.649 -2967.53
-3467.93 -494.586 -2973.35
-3452.27 -495.49 -2956.77
-3481.04 -520.58 -2960.46
-3462.75 -504.547 -2958.21
-3472.15 -525.913 -2946.24
-3462.33 -484.097 -2978.23
-3460.27 -488.544 -2971.73
-3460.25 -518.046 -2942.21
-3448.19 -503.876 -2944.32
-3456.71 -508.414 -2948.3
-3464.94 -504.669 -2960.27
-3457.54 -482.554 -2974.98
-3484.85 -518.534 -2966.31
-3463.75 -497.473 -2966.27
-3442.64 -480.033 -2962.6
-3448.9 -491.646 -2957.25
-3446.65 -492.034 -2954.61
-3454.16 -500.721 -2953.44
-3424.75 -456.223 -2968.52
-3441.08 -490.321 -2950.76
-3448.17 -479.751 -2968.42
-3437.82 -492.543 -2945.27
-3475.47 -505.01 -2970.46
-3448.48 -485.411 -2963.07
-3444.71 -485.677 -2959.04
-3454.63 -502.352 -2952.28
-3455.36 -481.633 -2973.72
-3431.89 -468.823 -2963.07
-3465.5 -491.354 -2974.14
-3442.69 -465.269 -2977.42
-3449.29 -475.63 -2973.66
-3459.59 -490.185 -2969.41
-3476.03 -504.149 -2971.88
-3479.4 -497.994 -2981.4
-3476.36 -500.24 -2976.12
-3458.79 -474.787 -2984
-3494.74 -522.676 -2972.06
-3473.18 -488.907 -2984.27
-3468.7 -492.637 -2976.06
-3481.93 -484.707 -2997.23
-3480.98 -516.376 -2964.6
-3502.36 -543.237 -2959.12
-3461.52 -508.127 -2953.39
-3475.01 -500.982 -2974.03
-3472.01 -516.104 -2955.91
-3482.29 -511.886 -2970.41
-3460.88 -492.158 -2968.72
-3475.17 -512.646 -2962.52
-3484.86 -513.874 -2970.98
-3460.88 -492.507 -2968.37
-3466.36 -509.96 -2956.4
-3443.18 -478.192 -2964.99
-3436.05 -477.338 -2958.71
-3460.15 -502.316 -2957.83
-3483.4 -519.15 -2964.25
-3451.93 -505.808 -2946.12
-3471.73 -519.571 -2952.16
-3466.13 -502.71 -2963.42
-3454.42 -510.29 -2944.13
-3465.73 -498.833 -2966.9
-3454.66 -492.281 -2962.38
-3479.02 -529.199 -2949.82
-3436.66 -476.355 -2960.3
-3465.09 -531.68 -2933.41
-3463.27 -516.063 -2947.21
-3456.84 -506.25 -2950.59
-3432.09 -470.81 -2961.28
-3459.78 -505.5 -2954.28
-3447.57 -498.783 -2948.79
-3470.98 -504.517 -2966.47
-3463.59 -503.463 -2960.13
-3475.03 -509.637 -2965.4
-3472.18 -514.954 -2957.22
-3447.66 -487.095 -2960.56
-3462.61 -492.349 -2970.26
-3433.54 -464.516 -2969.02
-3435.76 -490.147 -2945.61
-3449.38 -496.936 -2952.44
-3441.25 -480.978 -2960.27
-3437.59 -484.41 -2953.18
-3437.32 -462.475 -2974.85
-3442.62 -482.49 -2960.13
-3456.92 -504.255 -2952.66
-3443.07 -487.875 -2955.19
-3451.02 -486.128 -2964.89
-3454.94 -501.051 -2953.89
-3452.01 -511.323 -2940.69
-3474.8 -533.654 -2941.15
-3467.74 -524.725 -2943.02
-3459.09 -534.072 -2925.02
-3450.98 -516.847 -2934.13
-3437.37 -504.083 -2933.29
-3447.32 -525.548 -2921.78
-3445.43 -519.887 -2925.55
-3456.52 -531.513 -2925.01
-3466.98 -543.498 -2923.48
-3462.05 -531.79 -2930.26
-3452.17 -505.529 -2946.64
-3435.91 -505.231 -2930.68
-3446.64 -518.012 -2928.62
-3451.92 -514.937 -2936.98
-3448.51 -517.585 -2930.93
-3450.22 -525.223 -2925
-3444.58 -496.405 -2948.18
-3428.95 -487.585 -2941.37
-3465.9 -521.833 -2944.07
-3467.19 -532.398 -2934.79
-3451.05 -495.168 -2955.88
-3474.81 -524.445 -2950.37
-3450.23 -501.705 -2948.52
-3462.09 -517.053 -2945.04
-3464.94 -525.439 -2939.5
-3445.48 -501.241 -2944.24
-3456.52 -510.049 -2946.47
-3455.33 -507.662 -2947.67
-3463.63 -539.037 -2924.6
-3448.73 -510.063 -2938.67
-3455.91 -523.328 -2932.59
-3454.36 -501.051 -2953.31
-3443.64 -493.999 -2949.64
-3450.33 -524.219 -2926.11
-3462.05 -530.879 -2931.17
-3454.16 -504.96 -2949.2
-3447.13 -489.877 -2957.25
-3463.52 -501.906 -2961.61
-3454.39 -495.605 -2958.78
-3466.66 -496.754 -2969.9
-3480.65 -513.347 -2967.3
-3485.52 -522.264 -2963.26
-3478.08 -509.903 -2968.18
-3460.78 -504.002 -2956.78
-3462.22 -497.891 -2964.33
-3456.38 -497.419 -2958.96
-3471.91 -517.754 -2954.16
-3474.2 -506.709 -2967.49
-3466.21 -507.663 -2958.55
-3447.14 -501.5 -2945.64
-3444.94 -503.58 -2941.36
-3465.65 -537.928 -2927.72
-3418.96 -458.419 -2960.54
-3459.44 -511.462 -2947.97
-3470.23 -520.234 -2950
-3451.08 -503.333 -2947.74
-3453.32 -500.32 -2953
-3448.11 -513.047 -2935.07
-3439.2 -506.695 -2932.51
-3461.32 -516.022 -2945.29
-3450.02 -519.893 -2930.12
-3445.83 -502.001 -2943.83
-3442.25 -504.346 -2937.9
-3442.51 -505.381 -2937.12
-3454.74 -525.525 -2929.22
-3435.41 -476.86 -2958.55
-3454.79 -517.533 -2937.26
-3440.56 -500.74 -2939.82
-3437.18 -493.14 -2944.04
-3430.98 -499.093 -2931.89
-3419.25 -496.443 -2922.8
-3424.04 -511.74 -2912.3
-3457.95 -501.334 -2956.62
-3446.68 -493.986 -2952.7
-3446.15 -513.631 -2932.52
-3449.37 -514.128 -2935.25
-3464.54 -529.842 -2934.7
-3411.07 -499.104 -2911.96
-3438.17 -501.469 -2936.7
-3432.92 -505.389 -2927.53
-3446.56 -507.485 -2939.07
-3430.08 -496.326 -2933.75
-3435.97 -500.994 -2934.97
-3446.93 -526.833 -2920.1
-3446.82 -507.764 -2939.06
-3424.08 -506.993 -2917.09
-3464.01 -525.12 -2938.89
-3448.96 -532.813 -2916.14
-3442.15 -521.176 -2920.98
-3465.96 -515.753 -2950.21
-3446.36 -513.258 -2933.1
-3444.77 -498.252 -2946.52
-3447.85 -521.617 -2926.23
-3434.21 -500.302 -2933.91
-3446.32 -505.799 -2940.52
-3438.57 -490.516 -2948.05
-3425.52 -488.879 -2936.64
-3449.7 -515.282 -2934.41
-3454.39 -516.256 -2938.13
-3451.97 -525.981 -2925.99
-3467.24 -526.106 -2941.13
-3468.89 -527.45 -2941.44
-3465.12 -526.853 -2938.26
-3440.03 -496.924 -2943.11
-3423.94 -490.86 -2933.08
-3438.39 -509.431 -2928.96
-3444.55 -524.429 -2920.12
-3442.88 -519.983 -2922.9
-3428.68 -509.271 -2919.41
-3454.47 -513.969 -2940.5
-3446.03 -525.541 -2920.49
-3429.85 -505.268 -2924.58
-3450.55 -511.925 -2938.62
-3450.91 -520.5 -2930.41
-3447.88 -538.689 -2909.19
-3443.93 -518.537 -2925.4
-3438.79 -501.592 -2937.2
-3457.92 -525.089 -2932.83
-3454.93 -519.468 -2935.46
-3455.96 -511.588 -2944.37
-3452.64 -535.441 -2917.2
-3451.17 -518.231 -2932.94
-3432.86 -507.168 -2925.7
-3455.6 -540.136 -2915.46
-3463.3 -534.501 -2928.8
-3455.21 -526.658 -2928.55
-3446.56 -527.875 -2918.69
-3451.91 -523.969 -2927.94
-3464.55 -529.467 -2935.08
-3470.06 -528.038 -2942.02
-3468.74 -517.238 -2951.5
-3473.49 -524.056 -2949.44
-3448.21 -496.312 -2951.9
-3427.38 -474.211 -2953.17
-3488.7 -525.695 -2963
-3457.03 -509.918 -2947.11
-3457.73 -506.113 -2951.62
-3479.87 -520.742 -2959.13
-3461.22 -504.193 -2957.02
-3447.61 -477.693 -2969.92
-3478.72 -527.683 -2951.04
-3461.31 -497.852 -2963.46
-3444.3 -500.386 -2943.91
-3444.87 -507.625 -2937.25
-3456.92 -527.214 -2929.7
-3441.76 -514.831 -2926.93
-3466.16 -536.13 -2930.03
-3444.58 -483.552 -2961.02
-3443.91 -490.427 -2953.49
-3447.18 -507.289 -2939.89
-3483.28 -534.758 -2948.53
-3452.26 -505.376 -2946.89
-3460.46 -515.047 -2945.41
-3465.49 -511.835 -2953.65
-3427.65 -478.025 -2949.62
-3454.04 -527.174 -2926.87
-3442.86 -509.752 -2933.11
-3441.75 -501.908 -2939.84
-3436.96 -499.325 -2937.63
-3446.7 -510.853 -2935.85
-3454.9 -500.497 -2954.41
-3451.71 -501.506 -2950.21
-3495.51 -550.005 -2945.51
-3463.29 -500.349 -2962.94
-3464.66 -504.498 -2960.16
-3450.19 -490.792 -2959.4
-3467.75 -510.732 -2957.02
-3442.79 -499.583 -2943.21
-3440.22 -477.079 -2963.14
-3453.41 -521.093 -2932.31
-3449.34 -502.58 -2946.76
-3465.71 -524.798 -2940.91
-3457.16 -528.315 -2928.85
-3457.85 -515.768 -2942.08
-3449.83 -510.654 -2939.18
-3443.14 -518.045 -2925.1
-3445.56 -498.404 -2947.15
-3474.95 -533.895 -2941.05
-3465.82 -531.364 -2934.45
-3473.04 -546.078 -2926.96
-3454.7 -508.77 -2945.93
-3481.27 -518.178 -2963.09
-3458.61 -516.31 -2942.3
-3444.49 -484.254 -2960.24
-3429.03 -479.541 -2949.49
-3452.37 -519.738 -2932.63
-3458.26 -530.921 -2927.34
-3463.8 -528.818 -2934.98
-3446.26 -501.225 -2945.03
-3438.5 -499.005 -2939.49
-3449.27 -498.763 -2950.51
-3443.5 -504.424 -2939.08
-3437.51 -500.942 -2936.57
-3426.7 -485.255 -2941.45
-3442.28 -493.764 -2948.51
-3440.19 -489.804 -2950.39
-3455.62 -517.793 -2937.83
-3451.33 -507.176 -2944.15
-3431.69 -477.029 -2954.66
-3459.34 -526.124 -2933.22
-3431.9 -490.903 -2940.99
-3435.63 -489.067 -2946.57
-3452.63 -511.205 -2941.43
-3463.79 -524.121 -2939.67
-3445.81 -507.09 -2938.72
-3470.08 -531.669 -2938.42
-3477.33 -543.899 -2933.44
-3444.65 -515.553 -2929.1
-3466.45 -517.742 -2948.7
-3446.94 -515.739 -2931.2
-3456.11 -541.878 -2914.24
-3449.5 -510.658 -2938.84
-3438.78 -503.259 -2935.52
-3446.78 -505.984 -2940.79
-3440.96 -507.475 -2933.49
-3441.05 -494.739 -2946.31
-3456.78 -506.358 -2950.42
-3446.01 -501.648 -2944.37
-3424.47 -488.804 -2935.67
-3441.66 -502.651 -2939
-3449.51 -518.105 -2931.4
-3468.15 -525.063 -2943.08
-3449.43 -504.428 -2945
-3449.38 -525.507 -2923.87
-3454 -526.721 -2927.28
-3433.78 -502.211 -2931.57
-3434.44 -499.822 -2934.62
-3434.88 -512.311 -2922.57
-3436.89 -499.071 -2937.82
-3430.16 -478.399 -2951.76
-3447.28 -492.814 -2954.46
-3436.53 -493.988 -2942.54
-3432.72 -499.644 -2933.08
-3428.1 -476.919 -2951.18
-3446.86 -504.413 -2942.44
-3456.11 -506.34 -2949.77
-3443.76 -502.687 -2941.07
-3453.56 -520.253 -2933.31
-3449.13 -511.18 -2937.95
-3461.92 -534.837 -2927.09
-3446.37 -505.076 -2941.3
-3455.63 -518.743 -2936.89
-3443.5 -520.385 -2923.11
-3451.87 -508.181 -2943.69
-3451.37 -509.427 -2941.94
-3447.34 -524.832 -2922.51
-3472.87 -542.808 -2930.06
-3454.5 -524.173 -2930.33
-3434.44 -482.308 -2952.13
-3459.38 -505.889 -2953.49
-3467.08 -524.772 -2942.3
-3449.72 -514.419 -2935.3
-3447.56 -511.92 -2935.64
-3450.62 -518.498 -2932.12
-3460.55 -535.642 -2924.91
-3455.16 -525.068 -2930.09
-3466.78 -518.42 -2948.36
-3457.12 -519.954 -2937.17
-3464.15 -524.88 -2939.27
-3452.99 -541.61 -2911.38
-3450.33 -521.133 -2929.2
-3452.14 -515.704 -2936.43
-3449.16 -518.792 -2930.36
-3482.53 -555.045 -2927.49
-3457.45 -509.291 -2948.16
-3428.16 -486.228 -2941.93
-3466.31 -523.9 -2942.41
-3447.17 -512.825 -2934.34
-3446.74 -507.506 -2939.23
-3435.13 -499.622 -2935.51
-3438.38 -507.978 -2930.4
-3441.07 -507.946 -2933.12
-3445.72 -530.51 -2915.21
-3473.78 -537.926 -2935.85
-3446.37 -495.88 -2950.49
-3448.09 -506.009 -2942.08
-3449.61 -513.404 -2936.2
-3446.75 -502.603 -2944.15
-3464.07 -530.627 -2933.44
-3452.89 -495.745 -2957.14
-3475.46 -530.152 -2945.31
-3455.35 -481.262 -2974.09
-3450.04 -491.422 -2958.62
-3457.83 -495.434 -2962.39
-3462.52 -521.287 -2941.23
-3460 -522.585 -2937.41
-3458.67 -508.19 -2950.48
-3443.21 -490.823 -2952.38
-3436.58 -497.016 -2939.57
-3428.39 -482.469 -2945.92
-3468.83 -512.245 -2956.59
-3471.6 -517.15 -2954.45
-3487.93 -531.954 -2955.98
-3457.98 -504.772 -2953.21
-3473.43 -525.454 -2947.98
-3449.66 -492.125 -2957.54
-3434.4 -499.105 -2935.3
-3457.86 -524.129 -2933.73
-3429.79 -480.739 -2949.05
-3444.34 -496.15 -2948.19
-3482.64 -527.763 -2954.87
-3477.04 -532.153 -2944.89
-3471.57 -523.539 -2948.03
-3468 -536.86 -2931.14
-3448.22 -503.398 -2944.82
-3436.51 -503.762 -2932.75
-3428.54 -490.976 -2937.57
-3455.88 -496.079 -2959.8
-3454.73 -515.853 -2938.88
-3439.9 -497.915 -2941.98
-3440.76 -489.138 -2951.62
-3444.26 -493.783 -2950.48
-3462.98 -529.118 -2933.86
-3457.79 -519.953 -2937.84
-3450.94 -517.685 -2933.25
-3464.8 -514.761 -2950.04
-3451.07 -511.678 -2939.4
-3446.07 -502.942 -2943.13
-3436.36 -514.016 -2922.34
-3452.35 -507.777 -2944.57
-3455.64 -497.863 -2957.77
-3456.46 -520.487 -2935.97
-3475.63 -544.888 -2930.74
-3418.78 -487.133 -2931.65
-3446.38 -509.722 -2936.66
-3441.03 -517.365 -2923.67
-3460.03 -524.581 -2935.45
-3447.65 -513.716 -2933.93
-3442.82 -521.778 -2921.04
-3442.38 -522.128 -2920.25
-3456.16 -528.909 -2927.25
-3463.29 -535.776 -2927.52
-3449.03 -516.017 -2933.01
-3458.17 -522.307 -2935.86
-3446.29 -501.491 -2944.8
-3451.16 -516.852 -2934.31
-3438.05 -505.845 -2932.21
-3463.11 -519.92 -2943.19
-3455.73 -518.108 -2937.62
-3450.63 -534.074 -2916.56
-3449.98 -516.926 -2933.06
-3430.05 -483.581 -2946.47
-3438.21 -516.844 -2921.36
-3465.31 -527.287 -2938.03
-3452.33 -506.442 -2945.89
-3477.89 -537.613 -2940.27
-3456.88 -507.322 -2949.56
-3446.84 -492.606 -2954.23
-3459.95 -515.229 -2944.72
-3453.23 -518.815 -2934.42
-3458.39 -504.39 -2954
-3441.27 -498.197 -2943.07
-3437.72 -511.897 -2925.82
-3437.76 -506.272 -2931.49
-3429.62 -499.829 -2929.79
-3434.16 -509.01 -2925.15
-3426.99 -500.236 -2926.75
-3444.52 -510.055 -2934.46
-3443.07 -500.896 -2942.17
-3444.06 -506.451 -2937.61
-3445.97 -524.197 -2921.77
-3437.12 -495.099 -2942.02
-3447.91 -520.078 -2927.83
-3444.06 -504.994 -2939.06
-3438.22 -493.782 -2944.44
-3451.96 -516.736 -2935.22
-3448.86 -503.047 -2945.81
-3436.14 -507.639 -2928.51
-3432.93 -495.807 -2937.12
-3463.25 -552.805 -2910.45
-3452.24 -512.441 -2939.8
-3449.67 -521.934 -2927.73
-3441.03 -507.647 -2933.38
-3443.7 -490.079 -2953.62
-3473.98 -531.919 -2942.06
-3437.37 -491.974 -2945.4
-3447.17 -508.455 -2938.72
-3453.08 -519.883 -2933.19
-3452.12 -515.554 -2936.56
-3442.66 -502.773 -2939.89
-3448.94 -518.989 -2929.95
-3450.04 -518.08 -2931.96
-3444.42 -492.017 -2952.41
-3474.04 -531.479 -2942.57
-3455.78 -520.665 -2935.12
-3478.27 -538.833 -2939.43
-3470.37 -521.635 -2948.73
-3457.92 -507.382 -2950.53
-3482.28 -531.398 -2950.88
-3463.09 -513.634 -2949.46
-3499.44 -531.851 -2967.59
-3477.32 -524.389 -2952.93
-3461 -514.174 -2946.83
-3470.89 -511.865 -2959.02
-3468.26 -531.199 -2937.06
-3483.41 -529.995 -2953.41
-3472.5 -522.573 -2949.92
-3466.34 -515.513 -2950.83
-3486.6 -527.49 -2959.11
-3466.89 -515.922 -2950.96
-3452.38 -505.893 -2946.49
-3476.88 -521.286 -2955.6
-3467.64 -530.042 -2937.6
-3457.72 -510.601 -2947.12
-3457.86 -503.545 -2954.31
-3456.74 -524.028 -2932.71
-3448.45 -500.233 -2948.21
-3454.26 -519.469 -2934.79
-3447.32 -499.467 -2947.86
-3469.53 -521.82 -2947.71
-3459.95 -511.693 -2948.26
-3451.97 -505.809 -2946.16
-3438.85 -512.49 -2926.36
-3472.72 -509.067 -2963.65
-3468.25 -523.102 -2945.14
-3483.71 -517.182 -2966.53
-3464.9 -507.791 -2957.11
-3462.32 -478.299 -2984.03
-3454.27 -498.579 -2955.69
-3478.51 -528.391 -2950.12
-3470.73 -517.276 -2953.45
-3465.72 -507.743 -2957.98
-3462.1 -525.72 -2936.38
-3461.58 -513.13 -2948.45
-3461.15 -507.579 -2953.57
-3448.88 -500.523 -2948.36
-3450.88 -525.916 -2924.97
-3464.28 -532.195 -2932.09
-3417.37 -481.454 -2935.92
-3474.26 -538.948 -2935.31
-3437.87 -508.686 -2929.19
-3446.32 -512.347 -2933.97
-3447.56 -528.087 -2919.47
-3437.01 -513.097 -2923.91
-3445.82 -523.613 -2922.21
-3429.18 -512.947 -2916.23
-3434.91 -509.91 -2925
-3427.73 -497.052 -2930.68
-3440.51 -500.162 -2940.35
-3447.17 -503.32 -2943.85
-3455.7 -516.411 -2939.28
-3450.62 -493.229 -2957.39
