2.06351
2.07385
2.0685
2.05825
2.06791
2.08469
2.0523
2.06016
2.05033
2.06022
2.0817
2.07337
2.06447
2.06187
2.05747
2.07892
2.06358
2.05541
2.08733
2.06696
2.07493
2.09207
2.08618
2.0719
2.05379
2.06645
2.0638
2.05282
2.0589
2.05327
2.05432
2.05546
2.05548
2.05191
2.06199
2.07678
2.0672
2.05332
2.06295
2.04826
2.06764
2.04954
2.06646
2.07785
2.08451
2.08705
2.08156
2.06685
2.0742
2.08579
2.05022
2.06259
2.08128
2.06107
2.07429
2.06752
2.0705
2.05853
2.07102
2.05793
2.07367
2.07134
2.04486
2.05502
2.04686
2.10176
2.06308
2.05867
2.04949
2.05256
2.07663
2.07576
2.07114
2.07669
2.06623
2.07139
2.06803
2.07011
2.06884
2.07645
2.04773
2.0752
2.06685
2.06849
2.05036
2.05667
2.08698
2.05716
2.06057
2.07204
2.06403
2.06895
2.08327
2.06375
2.05545
2.07515
2.06645
2.04381
2.08412
2.06132
2.05592
2.05592
2.11556
2.07601
2.07238
2.06928
2.06973
2.05535
2.10551
2.05689
2.06923
2.0532
2.05778
2.06384
2.08069
2.06702
2.05757
2.06618
2.04972
2.05042
2.0408
2.06665
2.04349
2.06618
2.09465
2.06359
2.06382
2.06236
2.05697
2.07792
2.05609
2.05133
2.05988
2.06299
2.06359
2.07151
2.05127
2.0703
2.05436
2.04907
2.06154
2.06154
2.05026
2.07004
2.07726
2.07168
2.07463
2.06929
2.07541
2.07059
2.078
2.07764
2.06431
2.06025
2.05012
2.06928
2.05114
2.07858
2.05592
2.07967
2.09232
2.04611
2.0586
2.04204
2.06254
2.06158
2.08316
2.05182
2.04862
2.06373
2.08324
2.06067
2.06241
2.07785
2.07783
2.06132
2.07872
2.07888
2.06554
2.05421
2.04153
2.06975
2.08676
2.06407
2.05711
2.04824
2.0674
2.05019
2.06309
2.09349
2.09544
2.04925
2.06189
2.07083
2.07092
2.06273
2.06119
2.07199
2.06534
2.06653
2.04416
2.06516
2.06746
2.06515
2.07902
2.06927
2.06219
2.08511
2.06154
2.04474
2.06901
2.0535
2.05331
2.04484
2.04349
2.06219
2.07234
2.06398
2.06637
2.0492
2.06413
2.0628
2.07603
2.05252
2.0611
2.05573
2.06993
2.07774
2.06202
2.06955
2.08181
2.07152
2.05832
2.05019
2.04611
2.06407
2.05143
2.06601
2.05686
2.07365
2.08235
2.07027
2.05356
2.0644
2.05629
2.05179
2.08316
2.06844
2.06722
2.06401
2.06648
2.04941
2.0649
2.06419
2.06883
2.06523
2.07926
2.07949
2.0812
2.06222
2.06222
2.05134
2.07287
2.06905
2.04688
2.06239
2.05937
2.06017
2.04392
2.08752
2.06695
2.07717
2.06173
2.06433
2.06375
2.05752
2.05195
2.07955
2.07209
2.0901
2.08086
2.06957
2.06445
2.04917
2.08294
2.06075
2.07315
2.06544
2.06605
2.05742
2.04284
2.06309
2.05996
2.04384
2.05818
2.07986
2.06462
2.07416
2.08187
2.07264
2.07071
2.07769
2.05508
2.0525
2.07378
2.09055
2.08146
2.05139
2.07192
2.06347
2.06082
2.05612
2.05865
2.06849
2.08563
2.07878
2.06327
2.06673
2.05653
2.06787
2.06787
2.05035
2.05526
2.07011
2.07862
2.0424
2.07328
2.0752
2.05626
2.06405
2.09438
2.06268
2.06342
2.05225
2.06914
2.04965
2.07251
2.05331
2.06528
2.06446
2.08353
2.04701
2.07719
2.05392
2.06865
2.06404
2.05707
2.04947
2.06654
2.07183
2.04851
2.06756
2.10881
2.05071
2.06395
2.06506
2.0534
2.06998
2.06152
2.04427
2.07746
2.05586
2.07776
2.07936
2.05671
2.05513
2.07276
2.06584
2.06925
2.09728
2.06637
2.05491
2.06594
2.06292
2.08073
2.06694
2.06977
2.05634
2.07504
2.07024
2.05586
2.05733
2.05342
2.08314
2.07401
2.06249
2.05746
2.05423
2.0793
2.0778
2.07014
2.07552
2.05953
2.07467
2.06428
2.07275
2.08623
2.07697
2.07803
2.08607
2.08288
2.06852
2.04721
2.05469
2.05985
2.06751
2.07375
2.05964
2.05964
2.05025
2.0647
2.04821
2.05103
2.09667
2.0928
2.04652
2.07018
2.05851
2.09037
2.09094
2.06016
2.04681
2.06815
2.05883
2.06507
2.08586
2.06243
2.04421
2.06572
2.06131
2.0567
2.06413
2.06093
2.06427
2.11264
2.06321
2.05582
2.05194
2.05464
2.07688
2.04889
2.08171
2.06584
2.06515
2.05059
2.07184
2.08461
2.08348
2.06272
2.06977
2.07603
2.05859
2.0692
2.07235
2.08547
2.06463
2.0648
2.06305
2.06365
2.0608
2.04471
2.04901
2.06519
2.05688
2.05899
2.06452
2.08862
2.05971
2.07109
2.08657
2.05377
2.05986
2.0618
2.06946
2.08111
2.07342
2.05588
2.05075
2.05711
2.05341
2.06801
2.0573
2.06367
2.06283
2.05309
2.05197
2.06405
2.07818
2.07431
2.06104
2.05448
2.07546
2.07199
2.06156
2.06915
2.06494
2.08212
2.0585
2.07911
2.098
2.061
2.05411
2.05541
2.06351
2.05156
2.06503
2.06458
2.05999
2.06964
2.09222
2.04066
2.05382
2.05719
2.05762
2.05859
2.05141
2.05073
2.0624
2.06112
2.06333
2.06317
2.05458
2.05868
2.05922
2.06394
2.07623
2.08576
2.05261
2.0668
2.06038
2.05978
2.07198
2.04763
2.07141
2.0642
2.05024
2.05571
2.05339
2.05718
2.06535
2.05093
2.05107
2.08831
2.0749
2.08308
2.05486
2.06809
2.05621
2.08621
2.06846
2.05955
2.06217
2.07077
2.0591
2.06853
2.06009
2.07372
2.04425
2.06901
2.06533
2.06392
2.06805
2.08871
2.04387
2.07985
2.06778
2.06986
2.07327
2.06507
2.04997
2.07461
2.06409
2.06053
2.06722
2.05164
2.07794
2.06077
2.07197
2.08826
2.04952
2.04157
2.06942
2.05572
2.07275
2.06176
2.05407
2.06719
2.0542
2.05781
2.06521
2.06916
2.07729
2.0652
2.06895
2.05291
2.06531
2.06264
2.06009
2.0901
2.0892
2.05037
2.06412
2.07536
2.07037
2.06133
2.04838
2.05573
2.08381
2.05408
2.07462
2.06272
2.04915
2.0691
2.045
2.06803
2.05448
2.04621
2.06144
2.06176
2.06187
2.06083
2.06947
2.06478
2.07857
2.08108
2.05442
2.06523
2.05319
2.07159
2.05199
2.07284
2.06766
2.0997
2.0568
2.05326
2.04628
2.05387
2.05265
2.10017
2.06473
2.06675
2.06912
2.08103
2.0803
2.06529
2.05091
2.08378
2.05682
2.06631
2.05555
2.06976
2.05814
2.06406
2.0521
2.05783
2.09276
2.09281
2.06733
2.07569
2.05178
2.07333
2.06132
2.06936
2.06278
2.09546
2.06327
2.09854
2.06633
2.07282
2.06253
2.07256
2.06325
2.08099
2.05412
2.06673
2.0789
2.07039
2.05865
2.069
2.06367
2.07959
2.05897
2.06769
2.08442
2.07919
2.05066
2.10704
2.06145
2.05711
2.06501
2.0714
2.05957
2.06489
2.07057
2.05612
2.06972
2.07677
2.07516
2.0551
2.06609
2.06777
2.06742
2.07553
2.05121
2.07308
2.06803
2.07808
2.07397
2.05557
2.05936
2.07631
2.06465
2.04965
2.06956
2.06362
2.07831
2.05748
2.06133
2.07462
2.05739
2.08023
2.06026
2.06576
2.08296
2.04647
2.0624
2.0624
2.07731
2.05805
2.07319
2.05717
2.07679
2.06135
2.06344
2.05933
2.07491
2.04442
2.08668
2.0588
2.08053
2.05802
2.06927
2.05543
2.08078
2.05186
2.08344
2.06054
2.0471
2.06043
2.08751
2.06264
2.05366
2.10072
2.06386
2.06798
2.06117
2.08461
2.08008
2.06276
2.06714
2.07198
2.0649
2.0627
2.05996
2.07167
2.07237
2.05936
2.06121
2.05843
2.05441
2.06172
2.06794
2.07991
2.09288
2.04683
2.07003
2.05831
2.06069
2.06313
2.0838
2.08202
2.07303
2.07216
2.06798
2.08494
2.04871
2.05098
2.06729
2.06875
2.05952
2.0556
2.06886
2.06886
2.06582
2.07527
2.05527
2.06213
2.06655
2.05474
2.07301
2.04044
2.07105
2.07239
2.06931
2.05198
2.07022
2.05264
2.07703
2.06599
2.07844
2.08259
2.06584
2.06202
2.06145
2.06038
2.05396
2.06022
2.08325
2.06558
2.04697
2.05716
2.05308
2.07571
2.08347
2.06161
2.05003
2.0786
2.0454
2.04533
2.05288
2.06281
2.05696
2.0699
2.06147
2.08333
2.05141
2.06538
2.06044
2.05475
2.06489
2.06093
2.08754
2.06453
2.06212
2.08451
2.05736
2.06819
2.04508
2.05706
2.05581
2.06152
2.05221
2.07895
2.06412
2.06243
2.09165
2.08319
2.04653
2.05426
2.05533
2.06856
2.0461
2.05421
2.05991
2.0581
2.08768
2.06298
2.06565
2.05773
2.05589
2.07946
2.06241
2.06968
2.07221
2.05791
2.06674
2.07071
2.06684
2.06674
2.06188
2.0606
2.05844
2.05363
2.05857
2.07079
2.06653
2.05374
2.05034
2.05651
2.05671
2.0759
2.08169
2.05868
2.08481
2.07252
2.0689
2.07346
2.06079
2.06777
2.04962
2.06031
2.06115
2.06882
2.06804
2.068
2.06056
2.05513
2.065
2.05601
2.07236
2.05999
2.08854
2.08217
2.06975
2.05641
2.07911
2.05259
2.05239
2.06813
2.06214
2.06055
2.05419
2.08866
2.05294
2.08513
2.06107
2.0662
2.06635
2.07786
2.08389
2.06088
2.0673
2.06711
2.0818
2.08904
2.04716
2.07521
2.05754
2.06024
2.06472
2.05806
2.07067
2.05767
2.05934
2.07466
2.07694
2.07037
2.0598
2.07526
2.07266
2.06504
2.08437
2.06575
2.0459
2.04853
2.07903
2.08876
2.08131
2.07552
2.08757
2.06715
2.06339
2.05988
2.07508
2.07107
2.06606
2.04943
2.08555
2.0889
2.05136
2.05
2.06741
2.05569
2.05436
2.06289
2.07535
2.05659
2.07076
2.09321
2.04417
2.08161
2.06213
2.07304
2.04543
2.0692
2.06439
2.07619
2.08383
2.06641
2.06641
2.06749
2.05228
2.06418
2.07814
2.07953
2.06301
2.05623
2.06173
2.05647
2.0539
