174.84 9.38366 9.38366 8.06464
137.88 -8.01019 -8.01019 10.0638
133.513 -5.66434 -5.66434 12.8112
68.1306 -0.412986 -0.412986 10.3724
87.8012 4.93432 4.93432 7.40888
127.877 12.0754 12.0754 8.93602
99.2424 3.36233 3.36233 8.56478
81.223 11.8109 11.8109 13.0287
187.361 12.2916 12.2916 10.8699
90.7874 6.78598 6.78598 7.88174
131.159 1.05677 1.05677 5.5586
203.294 -11.8396 -11.8396 7.71218
71.572 6.69325 6.69325 20.9884
118.597 11.049 11.049 12.8984
103.863 5.13257 5.13257 29.7199
112.654 6.59025 6.59025 6.60329
281.615 15.4355 15.4355 7.0602
74.5407 -5.00525 -5.00525 14.0017
142.28 20.9125 20.9125 13.5363
209.089 5.40683 5.40683 4.15534
296.045 -5.01566 -5.01566 7.53569
259.204 22.9244 22.9244 11.4359
77.8325 7.9056 7.9056 11.5464
148.84 9.57515 9.57515 6.2309
207.761 6.02688 6.02688 4.88191
100.49 -3.26769 -3.26769 14.8204
96.3456 -4.41508 -4.41508 4.67244
148.452 9.22577 9.22577 7.03087
114.356 -0.185052 -0.185052 6.2537
150.404 -30.7368 -30.7368 22.1653
289.162 -8.72547 -8.72547 9.61238
117.674 -8.74105 -8.74105 13.2875
112.689 -3.31206 -3.31206 3.99759
168.953 22.0786 22.0786 9.20788
37.1602 0.170876 0.170876 13.5915
55.1292 -1.9829 -1.9829 5.39187
117.305 3.63956 3.63956 3.52633
80.7996 -4.16666 -4.16666 6.57929
92.2818 6.5482 6.5482 7.77191
121.075 -17.0243 -17.0243 7.71343
239.642 -16.0368 -16.0368 4.99029
147.452 13.1383 13.1383 5.62332
123.037 3.39681 3.39681 10.4481
328.332 22.3157 22.3157 9.51677
108.167 -2.91324 -2.91324 6.7829
107.364 -1.44331 -1.44331 6.08728
73.8601 4.2567 4.2567 6.29158
124.688 14.178 14.178 8.68335
109.335 6.72562 6.72562 8.72062
354.025 38.0009 38.0009 10.3661
120.932 -5.6587 -5.6587 12.3454
136.62 -8.32826 -8.32826 12.0577
144.134 -3.38611 -3.38611 8.25971
91.4722 6.48135 6.48135 4.68818
301.171 -3.83971 -3.83971 8.84276
191.428 26.5724 26.5724 11.9626
140.897 13.8583 13.8583 10.6595
108.755 -1.96532 -1.96532 7.53702
126.949 -2.64193 -2.64193 4.00088
187.317 -29.3192 -29.3192 26.7253
101.342 -2.50811 -2.50811 8.04773
132.459 6.56876 6.56876 5.91795
70.5362 -8.92817 -8.92817 7.66521
143.43 -2.51197 -2.51197 6.99899
122.687 -20.5853 -20.5853 9.46784
90.1247 0.258746 0.258746 10.3391
254.474 -19.0309 -19.0309 4.81189
117.717 -1.77516 -1.77516 5.85166
188.532 -13.2805 -13.2805 8.23331
134.448 7.04629 7.04629 9.17419
94.8615 -4.56309 -4.56309 7.39548
146.3 -7.91411 -7.91411 10.6485
144.584 14.9315 14.9315 8.10225
230.221 -0.762383 -0.762383 10.8705
227.231 20.3078 20.3078 8.29954
70.971 -4.18168 -4.18168 9.49985
97.9235 5.9644 5.9644 6.7955
123.314 -4.80988 -4.80988 13.7907
75.7623 7.94718 7.94718 6.6652
100.911 7.86654 7.86654 7.03477
100.15 7.48627 7.48627 5.42412
147.259 -3.70254 -3.70254 5.98428
113.602 6.36426 6.36426 5.53756
136.055 -8.06359 -8.06359 8.90173
84.4719 0.335699 0.335699 14.5327
133.465 -12.0138 -12.0138 7.61599
92.1352 6.59242 6.59242 8.90151
58.6286 -7.13678 -7.13678 5.35537
169.507 0.44447 0.44447 3.66797
197.612 9.24501 9.24501 8.11857
145.42 8.39465 8.39465 7.34318
275.39 4.15985 4.15985 3.99556
193.25 19.3257 19.3257 9.76857
59.2614 8.36614 8.36614 11.1089
149.226 3.23886 3.23886 4.80728
150.909 -1.32728 -1.32728 5.28744
86.3827 -20.9365 -20.9365 13.8056
105.553 -14.8729 -14.8729 8.28317
297.099 -37.0066 -37.0066 17.1152
109.625 -14.1 -14.1 8.53587
165.114 -2.52511 -2.52511 9.14932
171.521 8.43049 8.43049 10.1251
57.5947 4.63684 4.63684 5.9882
184.768 -25.0404 -25.0404 11.3676
79.9604 -9.29664 -9.29664 7.64438
194.647 4.03013 4.03013 6.92771
166.614 5.42829 5.42829 5.40328
96.6236 5.31742 5.31742 6.91354
283.122 20.3676 20.3676 9.22176
206.427 -19.6408 -19.6408 6.21188
90.4659 -0.859769 -0.859769 8.13056
74.485 -3.17883 -3.17883 7.09979
114.652 -6.66329 -6.66329 6.37282
151.633 0.0822168 0.0822168 13.8153
115.127 2.19717 2.19717 8.2015
151.058 -10.7603 -10.7603 9.71404
134.934 11.4211 11.4211 10.4566
90.6108 2.91855 2.91855 4.56264
179.368 7.08829 7.08829 7.72905
119.886 -0.935402 -0.935402 6.9118
90.7794 -6.16015 -6.16015 9.67878
66.3207 1.22571 1.22571 3.79173
120.355 -8.82538 -8.82538 5.71082
49.9574 1.75666 1.75666 6.41322
54.3488 8.27217 8.27217 10.7586
141.366 26.7809 26.7809 20.23
82.7657 -17.5994 -17.5994 9.79041
112.827 7.41894 7.41894 5.3654
187.636 1.78839 1.78839 4.3326
80.7509 4.5664 4.5664 5.05436
71.1275 -3.69342 -3.69342 4.79957
65.4415 -3.21909 -3.21909 5.13492
163.812 11.322 11.322 8.32757
161.093 5.90598 5.90598 4.21039
89.4171 1.77958 1.77958 8.07285
100.622 8.47444 8.47444 6.27742
178.182 11.1353 11.1353 9.60649
91.2045 -8.29323 -8.29323 8.20976
106.908 6.81218 6.81218 6.20592
96.2006 10.4123 10.4123 8.4462
93.7231 2.12908 2.12908 18.6625
113.035 11.4642 11.4642 7.08771
76.7966 3.3163 3.3163 6.6431
166.004 -1.421 -1.421 14.2347
69.5258 7.62078 7.62078 8.58309
121.858 7.56394 7.56394 4.42956
95.0476 -4.77175 -4.77175 5.33196
155.913 13.3305 13.3305 7.25045
107.311 -16.7099 -16.7099 17.4432
145.934 -23.3336 -23.3336 28.9339
148.618 0.724113 0.724113 9.2565
86.1874 2.63946 2.63946 7.93513
130.311 2.18486 2.18486 4.86977
102.876 9.99654 9.99654 5.86151
100.464 4.58671 4.58671 6.61896
73.9585 1.25545 1.25545 3.98689
159.688 1.41513 1.41513 5.82049
86.1878 18.7097 18.7097 16.3165
116.816 -5.78105 -5.78105 8.2286
398.906 -6.53076 -6.53076 12.7125
75.3844 1.01428 1.01428 8.5823
119.117 -2.25244 -2.25244 3.89647
149.5 8.69933 8.69933 3.31621
258.757 -12.0819 -12.0819 6.89568
71.4622 -0.960464 -0.960464 7.10619
83.6332 -6.32667 -6.32667 11.1645
97.2442 4.75648 4.75648 5.46219
94.5961 20.769 20.769 11.4476
95.4812 8.13568 8.13568 8.27123
63.3632 -0.103583 -0.103583 8.17035
79.1459 1.86143 1.86143 10.7753
102.153 5.33192 5.33192 6.14777
119.552 -4.48216 -4.48216 7.51727
72.2015 -10.8374 -10.8374 6.59902
59.338 -3.05578 -3.05578 5.07661
89.3289 13.1589 13.1589 7.63227
140.152 -3.5406 -3.5406 12.8089
163.473 -12.6443 -12.6443 13.6522
76.2285 0.499472 0.499472 4.42122
72.8222 7.75699 7.75699 8.67784
90.425 4.85042 4.85042 5.45665
107.181 -5.21699 -5.21699 9.06904
130.465 7.66929 7.66929 8.30576
90.173 2.49699 2.49699 6.28789
159.119 -2.25879 -2.25879 4.84699
146.217 17.626 17.626 7.40204
129.485 12.1001 12.1001 5.82486
108.853 1.36964 1.36964 15.4649
328.654 39.0888 39.0888 9.24057
119.214 -11.3515 -11.3515 12.2694
315.674 17.8987 17.8987 5.14503
71.368 -0.245179 -0.245179 12.2859
176.871 -16.3837 -16.3837 12.1068
86.2571 -0.836443 -0.836443 16.2604
81.4196 -1.02249 -1.02249 6.42615
84.2565 -7.72169 -7.72169 6.15908
70.7832 -0.48578 -0.48578 5.79348
94.692 -16.5502 -16.5502 11.0294
36.1261 -4.65623 -4.65623 7.96108
84.7287 -3.86341 -3.86341 7.04371
245.355 14.9305 14.9305 6.54185
109.938 -5.5881 -5.5881 5.42185
215.19 6.68205 6.68205 5.032
88.9613 1.13501 1.13501 14.0176
80.1844 -5.02949 -5.02949 11.9637
307.895 -9.07328 -9.07328 11.883
212.943 23.2733 23.2733 10.8594
71.1688 -1.63388 -1.63388 10.3484
62.6251 10.1982 10.1982 6.26867
102.479 7.09723 7.09723 4.32554
123.126 -7.3882 -7.3882 17.8438
56.1811 -2.21735 -2.21735 5.65897
90.5008 2.96627 2.96627 9.80177
96.3098 -6.44262 -6.44262 10.1788
118.191 -4.0964 -4.0964 9.21539
117.172 -18.9216 -18.9216 15.8885
91.1641 0.382145 0.382145 5.12271
86.1793 -12.1524 -12.1524 20.7838
188.1 -5.7247 -5.7247 8.03164
193.512 6.32309 6.32309 7.64973
91.7112 4.94585 4.94585 7.94587
174.27 29.5795 29.5795 10.279
211.111 -15.9515 -15.9515 7.00289
156.178 12.1566 12.1566 14.4246
157.026 3.76315 3.76315 8.65733
142.925 4.20671 4.20671 20.6547
95.262 -8.05162 -8.05162 17.8903
70.6325 3.21184 3.21184 5.39935
57.3392 -1.23677 -1.23677 8.12052
209.312 11.4423 11.4423 6.49727
122.062 -5.27104 -5.27104 5.03876
60.9845 3.19674 3.19674 7.2736
80.1442 -6.43892 -6.43892 5.06251
120.243 -3.21297 -3.21297 9.86186
181.196 15.6973 15.6973 15.042
426.436 -35.4317 -35.4317 7.94312
200.411 -25.0447 -25.0447 11.094
147.319 4.83602 4.83602 3.68815
121.801 1.16609 1.16609 5.1879
133.584 -7.76618 -7.76618 5.74514
113.294 -12.3838 -12.3838 14.0735
106.85 4.38438 4.38438 3.46972
195.743 -4.18714 -4.18714 5.52582
128.905 14.3436 14.3436 9.33392
96.4613 -3.16894 -3.16894 8.54636
182.118 3.80765 3.80765 16.2191
94.156 0.196003 0.196003 8.97841
80.6856 -8.06348 -8.06348 8.91031
138.679 0.746455 0.746455 8.4343
79.0551 5.52149 5.52149 10.0559
112.671 -6.27613 -6.27613 9.20431
81.091 0.327275 0.327275 3.86745
67.1358 -1.65923 -1.65923 4.85521
125.316 -0.677488 -0.677488 6.44467
204.165 2.2985 2.2985 7.15508
124.277 5.55315 5.55315 9.79074
42.3333 1.71429 1.71429 4.14629
219.728 2.2529 2.2529 5.80059
166.386 5.38952 5.38952 5.99813
101.102 -4.78515 -4.78515 9.99255
147.887 -7.81471 -7.81471 11.6969
105.603 12.2753 12.2753 11.7754
135.501 -6.77455 -6.77455 7.60318
92.8204 16.4766 16.4766 18.0458
154.214 -9.6956 -9.6956 12.3092
50.5174 0.749747 0.749747 2.93775
47.7323 4.93272 4.93272 7.40526
110.317 5.20457 5.20457 6.3517
163.247 22.8461 22.8461 11.5056
157.784 -5.714 -5.714 11.5643
196.649 -8.91743 -8.91743 8.32904
207.91 -14.6368 -14.6368 10.2994
94.3604 -3.93181 -3.93181 10.3807
210.54 15.9964 15.9964 5.98522
85.4903 -7.65454 -7.65454 8.56172
152.767 7.51676 7.51676 8.06799
83.5505 -0.59553 -0.59553 7.14928
96.6607 2.825 2.825 6.43271
90.9386 -0.216824 -0.216824 7.43218
64.3844 -1.33025 -1.33025 5.60665
116.381 12.9819 12.9819 29.7448
120.653 -4.31676 -4.31676 9.0598
132.183 10.3602 10.3602 8.09539
235.441 29.4475 29.4475 10.0728
104.937 -1.21767 -1.21767 5.45926
77.4694 7.81773 7.81773 8.31883
112.982 -5.2008 -5.2008 7.5892
68.7655 4.88472 4.88472 7.39367
136.636 0.758997 0.758997 7.83207
252.656 -18.0541 -18.0541 6.11256
117.764 17.4095 17.4095 7.55162
136.456 -22.0328 -22.0328 11.0495
130.649 21.2365 21.2365 17.9047
495.955 -23.6623 -23.6623 10.6621
207.851 15.9483 15.9483 13.7848
88.5407 -1.74908 -1.74908 18.0503
106.407 2.26029 2.26029 5.40058
48.7593 -4.92273 -4.92273 6.31295
73.582 1.28599 1.28599 7.88695
200.54 -15.1501 -15.1501 5.87226
143.196 -15.9271 -15.9271 17.0598
186.659 -28.8011 -28.8011 15.2535
84.2902 -1.77126 -1.77126 3.27
199.521 -35.4285 -35.4285 16.9248
108.823 1.96387 1.96387 11.4435
145.103 -13.9648 -13.9648 8.31699
58.903 3.37942 3.37942 9.29826
78.4345 2.51477 2.51477 6.52003
87.5447 0.459978 0.459978 3.97776
70.1312 7.83195 7.83195 6.51882
112.754 10.7828 10.7828 7.30769
190.675 0.592535 0.592535 3.03581
206.304 2.56928 2.56928 5.52491
65.1763 5.74417 5.74417 5.43426
146.749 -4.46032 -4.46032 3.747
195.937 -17.8591 -17.8591 6.34503
104.595 2.45994 2.45994 7.31667
181.708 31.5139 31.5139 12.7083
86.4538 0.262559 0.262559 25.9259
181.845 -12.6841 -12.6841 5.57499
154.039 -6.79279 -6.79279 12.3345
57.6114 0.89944 0.89944 7.71129
88.9738 -3.66749 -3.66749 3.47169
131.98 -3.30616 -3.30616 7.55143
71.2906 -7.06093 -7.06093 9.74428
107.765 -10.7229 -10.7229 13.0982
253.077 -43.8053 -43.8053 30.6448
109.205 -3.40643 -3.40643 10.0752
96.9887 5.73722 5.73722 4.1393
92.6788 3.66288 3.66288 6.07335
173.079 13.6146 13.6146 6.11298
125.593 15.9883 15.9883 7.52014
92.7907 4.96775 4.96775 8.39156
96.1153 8.38357 8.38357 13.8532
199.66 -2.44861 -2.44861 8.20429
235.066 -7.19301 -7.19301 6.20748
326.324 3.24763 3.24763 5.17583
191.512 14.676 14.676 11.4118
60.6664 -0.776777 -0.776777 6.42459
118.27 22.9861 22.9861 10.026
86.6471 -0.358852 -0.358852 6.71427
251.366 15.0838 15.0838 5.69245
71.7693 4.8049 4.8049 6.35126
79.6589 -4.67351 -4.67351 7.08209
132.348 11.805 11.805 7.11252
84.0347 3.2339 3.2339 5.13712
101.919 0.541339 0.541339 4.7017
74.8724 7.46818 7.46818 14.2761
113.314 5.50819 5.50819 7.08164
141.998 -11.8398 -11.8398 9.14714
163.545 -2.71288 -2.71288 8.17342
124.113 -17.2613 -17.2613 8.73796
227.198 2.08464 2.08464 3.82346
60.9708 -3.60962 -3.60962 6.98312
158.429 -3.13782 -3.13782 10.7686
103.711 -9.04054 -9.04054 10.6651
671.199 -65.8417 -65.8417 13.8283
61.6269 0.0529131 0.0529131 8.85818
94.0814 14.4197 14.4197 15.6822
92.898 -1.69688 -1.69688 3.83672
112.677 2.23091 2.23091 12.3014
143.993 -11.127 -11.127 9.00954
73.8507 9.4613 9.4613 5.33839
57.368 5.71695 5.71695 6.30087
78.1086 0.281439 0.281439 5.74516
87.9102 9.24061 9.24061 13.0824
69.3792 -0.831377 -0.831377 7.85856
155.929 -2.9931 -2.9931 9.22384
115.336 13.2623 13.2623 10.1204
143.72 6.44529 6.44529 6.36109
149.218 8.53768 8.53768 8.71469
132.928 7.75317 7.75317 6.22045
61.2522 -7.91115 -7.91115 13.775
76.3346 12.7937 12.7937 8.63874
119.371 7.95476 7.95476 7.13522
74.337 1.77868 1.77868 9.82828
161.585 12.2849 12.2849 9.44319
311.427 2.63981 2.63981 8.68737
103.693 -1.0102 -1.0102 4.1455
118.898 -9.58112 -9.58112 10.856
147.865 14.6779 14.6779 8.71376
130.283 1.39748 1.39748 6.27232
77.4336 -0.132885 -0.132885 6.41696
88.2103 5.32006 5.32006 6.42977
115.303 7.70352 7.70352 12.5521
73.6524 11.6657 11.6657 11.6168
74.0235 0.1026 0.1026 6.59791
92.2463 3.45636 3.45636 6.90633
180.283 -5.6781 -5.6781 6.17958
155.413 -1.68907 -1.68907 5.57141
73.892 2.06009 2.06009 9.29568
161.654 7.97134 7.97134 14.7365
129.849 12.2649 12.2649 8.18206
110.367 -0.0726812 -0.0726812 13.0435
103.605 5.79461 5.79461 4.63243
94.5117 7.48692 7.48692 9.82999
150.651 5.26117 5.26117 6.01065
211.275 13.5994 13.5994 5.26964
89.7568 2.7637 2.7637 3.59529
102.134 2.59659 2.59659 16.7344
97.8744 2.70834 2.70834 5.90568
273.182 23.442 23.442 8.75302
276.951 -34.5666 -34.5666 12.63
267.993 5.09374 5.09374 5.44607
173.951 -0.105317 -0.105317 7.57742
427.672 58.628 58.628 19.2551
102.206 -11.6157 -11.6157 11.3038
68.5074 4.22511 4.22511 4.64272
268.147 14.7938 14.7938 6.317
230.645 0.478097 0.478097 11.1531
79.718 -6.55351 -6.55351 6.3282
77.239 2.91527 2.91527 13.9659
199.2 -5.11296 -5.11296 6.49622
326.769 -29.2326 -29.2326 11.6638
82.7971 -0.811271 -0.811271 8.00618
125.325 9.57986 9.57986 9.79052
57.9069 -5.98985 -5.98985 15.3177
146.976 -13.2693 -13.2693 5.37502
161.28 -2.52994 -2.52994 5.32333
124.257 -15.709 -15.709 7.98086
86.4076 1.79968 1.79968 8.03041
152.29 1.08834 1.08834 6.50369
192.287 4.15274 4.15274 6.32716
88.0321 -9.34699 -9.34699 6.61864
119.764 -5.21959 -5.21959 13.1097
186.161 -3.48623 -3.48623 8.81817
128.209 2.53907 2.53907 3.77319
156.155 17.4063 17.4063 7.24306
103.533 -1.50771 -1.50771 13.6486
85.4484 1.69185 1.69185 8.54824
93.671 -2.3732 -2.3732 6.16774
84.5104 -3.59628 -3.59628 6.79252
122.512 6.91096 6.91096 6.13246
91.2025 19.5929 19.5929 13.4929
104.21 1.52593 1.52593 7.17281
162.755 -1.06944 -1.06944 7.68129
190.201 4.906 4.906 4.81721
74.2224 0.0689957 0.0689957 7.84948
86.2027 8.21091 8.21091 5.81204
151.067 9.72765 9.72765 8.78063
94.9899 -1.24537 -1.24537 6.44994
150.102 -24.1719 -24.1719 14.0544
127.787 -9.83084 -9.83084 7.38517
129.196 17.0096 17.0096 8.62149
158.117 -6.07763 -6.07763 9.80872
146.112 -16.4882 -16.4882 11.3753
90.7386 -2.18433 -2.18433 7.78292
81.6513 -2.67909 -2.67909 12.3424
107.233 -2.7763 -2.7763 5.85178
103.398 -13.9765 -13.9765 11.9105
103.902 -4.5561 -4.5561 4.73507
76.1107 6.05738 6.05738 6.72131
225.219 16.435 16.435 11.6889
77.4131 -5.11203 -5.11203 8.83941
62.4324 -1.88653 -1.88653 4.3991
105.109 -4.44334 -4.44334 4.31022
106.83 -6.62004 -6.62004 4.65707
314.224 -50.6425 -50.6425 18.627
139.392 6.62054 6.62054 6.03002
54.9915 -3.23661 -3.23661 11.8611
115.291 -0.870374 -0.870374 7.06984
113.824 -11.5769 -11.5769 5.22129
107.447 7.20918 7.20918 4.30974
71.7732 1.52054 1.52054 6.56353
54.8518 3.03716 3.03716 3.52935
74.046 7.39157 7.39157 20.4179
58.0777 2.32558 2.32558 17.7217
151.064 -3.72569 -3.72569 11.0509
71.4104 -0.719756 -0.719756 4.52346
169.394 -10.6876 -10.6876 8.37888
106.235 -11.9476 -11.9476 5.86632
81.9556 2.3145 2.3145 4.05844
122.499 2.68955 2.68955 7.50148
391.401 17.8492 17.8492 17.0149
75.5929 3.12385 3.12385 5.47909
97.319 -3.02164 -3.02164 15.5
129.266 3.61034 3.61034 5.56069
107.965 20.8336 20.8336 14.1934
108.947 -3.16479 -3.16479 22.6214
101.383 3.88835 3.88835 11.7832
152.613 -0.0674418 -0.0674418 8.93422
196.814 13.1644 13.1644 5.39737
82.7271 19.4815 19.4815 24.1552
84.4296 0.348531 0.348531 5.80352
129.593 -6.70097 -6.70097 6.08893
175.392 -23.1336 -23.1336 10.5565
91.4644 5.55444 5.55444 7.69618
240.693 23.2292 23.2292 8.79201
101.275 3.00864 3.00864 7.24758
161.471 -1.14315 -1.14315 6.742
181.244 12.2806 12.2806 6.63041
233.829 4.78419 4.78419 6.25086
115.416 15.6659 15.6659 11.1589
97.9339 -1.07387 -1.07387 5.33084
94.6503 -0.578117 -0.578117 6.40998
158.618 -5.14954 -5.14954 4.88281
83.834 9.01407 9.01407 10.0723
168.834 12.3949 12.3949 7.97829
178.473 8.92708 8.92708 3.76047
72.2808 -2.24265 -2.24265 27.6679
82.8701 -7.94461 -7.94461 7.40704
55.0304 -0.230073 -0.230073 9.51927
135.626 -10.2874 -10.2874 10.1376
81.4335 -4.42383 -4.42383 5.808
146.563 -8.19756 -8.19756 12.3304
81.3612 -13.5392 -13.5392 9.20667
120.227 2.68041 2.68041 7.58409
301.638 40.8441 40.8441 11.7974
127.389 -4.94901 -4.94901 8.61395
112.112 9.94262 9.94262 5.94215
45.0836 8.50943 8.50943 15.068
85.3023 6.76019 6.76019 5.64562
104.619 29.7056 29.7056 40.4157
82.9072 1.70619 1.70619 10.613
268.37 3.49351 3.49351 2.85061
86.3774 -3.37053 -3.37053 7.99893
124.401 -2.13302 -2.13302 3.85778
89.217 0.0703875 0.0703875 4.79611
66.1542 -4.78541 -4.78541 11.0614
98.9723 5.74335 5.74335 8.24518
97.765 -6.5838 -6.5838 6.27954
127.158 -7.14878 -7.14878 8.6377
114.401 -2.75403 -2.75403 10.758
71.5283 -2.07376 -2.07376 7.79111
71.6505 6.89385 6.89385 14.8368
114.966 4.52681 4.52681 9.17952
157.593 9.20282 9.20282 8.51831
94.3078 -6.99156 -6.99156 5.65048
313.47 18.0733 18.0733 7.03769
57.0817 -2.50821 -2.50821 9.20927
182.543 13.3114 13.3114 8.70568
116.339 -3.33023 -3.33023 5.15833
221.74 38.0616 38.0616 18.6442
163.381 -8.58604 -8.58604 5.30118
82.6766 6.63769 6.63769 11.1273
64.5525 -1.13427 -1.13427 6.53855
220.803 -8.92862 -8.92862 4.55128
90.186 -24.8831 -24.8831 16.3812
107.236 -2.58813 -2.58813 16.4344
97.4775 0.840285 0.840285 6.17515
63.0968 2.13413 2.13413 4.54678
154.02 15.7462 15.7462 7.19014
66.9791 6.19705 6.19705 9.61988
142.043 -15.2827 -15.2827 11.3772
176.117 -12.4589 -12.4589 18.0617
63.9813 -15.6401 -15.6401 17.708
86.2128 -2.69399 -2.69399 9.43962
86.2598 -5.864 -5.864 6.08432
181.315 14.5638 14.5638 8.3942
95.5053 -2.05304 -2.05304 7.81783
65.9136 -4.55531 -4.55531 12.048
182.349 -14.3357 -14.3357 8.21366
118.847 -13.4434 -13.4434 8.57222
214.866 25.6052 25.6052 7.20426
91.2763 -2.77507 -2.77507 5.46806
179.002 13.7196 13.7196 7.25325
87.1414 1.01642 1.01642 10.038
172.108 1.56283 1.56283 5.58801
97.6993 13.4996 13.4996 14.4285
133.366 10.316 10.316 9.62969
143.814 -5.68401 -5.68401 7.45835
84.464 -2.24147 -2.24147 11.117
141.376 17.0743 17.0743 20.0415
77.9878 1.67635 1.67635 5.67674
224.164 22.6064 22.6064 10.8694
92.8379 5.95458 5.95458 6.25067
145.179 2.05583 2.05583 9.84672
131.222 -3.01869 -3.01869 8.25782
136.396 12.6364 12.6364 8.59423
157.948 16.2203 16.2203 10.6093
265.87 8.55086 8.55086 5.60352
206.132 -37.768 -37.768 36.0081
65.9544 0.0355724 0.0355724 3.39404
193.695 -13.5678 -13.5678 9.52529
128.584 -3.98232 -3.98232 8.93958
158 -8.20724 -8.20724 8.03666
91.531 9.32006 9.32006 6.13168
157.661 12.1016 12.1016 11.99
90.2983 5.5104 5.5104 5.96771
150.993 1.4124 1.4124 7.19495
123.086 6.37309 6.37309 4.11204
129.008 17.1445 17.1445 9.64514
63.0081 9.37423 9.37423 9.27872
140.279 18.0415 18.0415 7.95348
140.338 17.0159 17.0159 9.09924
94.3074 -7.56954 -7.56954 10.0366
62.3348 7.19023 7.19023 5.25748
132.999 24.2225 24.2225 10.002
185.479 -6.44486 -6.44486 10.2191
125.014 3.84952 3.84952 10.0211
144.995 -1.86957 -1.86957 6.72678
98.3024 2.98819 2.98819 4.47763
44.0988 -5.28448 -5.28448 11.946
70.2682 -1.83757 -1.83757 14.5864
259.705 10.5544 10.5544 4.99533
197.682 -14.1936 -14.1936 9.07982
168.364 14.6238 14.6238 6.27289
82.9246 0.00904281 0.00904281 4.58438
53.85 -2.36314 -2.36314 9.01123
163.584 7.61411 7.61411 10.2617
142.77 18.8243 18.8243 7.58568
193.966 -11.7836 -11.7836 10.9826
160.965 10.0939 10.0939 8.63491
103.68 -3.62027 -3.62027 4.46735
80.5213 -5.06603 -5.06603 8.82391
49.5232 6.47561 6.47561 16.3873
109.694 4.20836 4.20836 4.92273
110.237 3.34235 3.34235 7.77861
193.978 -14.1769 -14.1769 9.10607
53.0849 -1.44601 -1.44601 5.15911
63.8151 1.61211 1.61211 7.46858
144.91 -9.72901 -9.72901 14.361
186.001 11.7527 11.7527 16.7254
132.93 9.06797 9.06797 6.05085
138.21 -3.84958 -3.84958 6.53187
119.724 6.09673 6.09673 3.73326
107.311 -4.16453 -4.16453 7.30869
177.202 5.0537 5.0537 5.57678
148.376 -7.30092 -7.30092 14.3246
126.771 -11.9155 -11.9155 6.16502
181.581 -34.6502 -34.6502 17.4405
176.251 5.7315 5.7315 20.7015
101.494 -2.78313 -2.78313 13.1717
84.9821 -14.7879 -14.7879 12.3303
124.36 14.6994 14.6994 14.3791
98.8237 -1.51547 -1.51547 3.78169
120.074 8.25704 8.25704 8.00038
174.973 18.2061 18.2061 6.18022
91.8264 -1.52558 -1.52558 5.15467
132.364 3.92709 3.92709 8.55775
120.825 12.9874 12.9874 8.86894
91.4577 -0.4371 -0.4371 5.51281
78.7752 17.6198 17.6198 13.7826
184.359 -2.80056 -2.80056 18.0515
118.819 10.1355 10.1355 7.98817
168.075 -0.429787 -0.429787 6.01815
177.529 1.38685 1.38685 7.99024
86.0679 2.78948 2.78948 6.36909
52.8126 -0.405406 -0.405406 5.67899
184.501 7.01822 7.01822 6.51155
65.4713 3.9828 3.9828 8.31953
51.808 1.09021 1.09021 7.04482
53.2462 -1.36836 -1.36836 8.89805
70.1304 4.87601 4.87601 8.81471
72.5892 3.05705 3.05705 7.86086
150.971 2.64311 2.64311 7.2173
180.723 32.059 32.059 13.9655
82.4072 7.98952 7.98952 4.05256
107.301 -2.97218 -2.97218 6.56227
125.237 -0.761175 -0.761175 9.83277
176.413 1.48878 1.48878 9.42605
141.153 4.85296 4.85296 7.60606
74.7525 6.10522 6.10522 10.5836
192.818 -0.0518435 -0.0518435 4.66516
115.224 0.292377 0.292377 6.32365
167.619 -6.99257 -6.99257 4.48624
93.521 11.2482 11.2482 7.57438
299.323 8.37667 8.37667 3.8494
111.058 -6.84685 -6.84685 5.29417
57.8393 -1.68745 -1.68745 12.0899
121.136 -3.54738 -3.54738 5.34857
161.212 8.9992 8.9992 10.9328
106.465 -6.79485 -6.79485 7.3428
89.3017 -5.77828 -5.77828 9.94842
121.32 -15.5477 -15.5477 11.7128
80.9185 -6.26854 -6.26854 11.4939
100.721 -3.77714 -3.77714 13.4741
182.045 -4.43944 -4.43944 8.25401
150.198 7.4361 7.4361 3.64578
169.48 -12.8789 -12.8789 6.98165
105.032 8.31542 8.31542 4.88326
98.413 -4.21754 -4.21754 22.7591
166.914 -22.8458 -22.8458 11.7038
427.677 -61.5269 -61.5269 15.4513
110.636 -24.8311 -24.8311 17.6053
71.1631 4.03096 4.03096 11.0244
140.352 2.68149 2.68149 10.5567
71.6796 4.11176 4.11176 4.48757
222.143 -1.06884 -1.06884 2.57771
99.0757 2.92686 2.92686 6.07899
81.9249 6.98845 6.98845 11.3478
138.94 18.7711 18.7711 9.41948
89.2553 -4.5661 -4.5661 7.41366
61.5425 -8.2836 -8.2836 12.0918
202.455 -9.3959 -9.3959 5.20299
72.2632 -4.00557 -4.00557 13.0411
106.973 -6.93055 -6.93055 9.18059
87.462 9.25553 9.25553 6.67042
84.2845 0.688299 0.688299 8.14562
66.4313 -3.18461 -3.18461 5.58755
82.243 -4.37788 -4.37788 10.0897
132.418 -0.973496 -0.973496 9.99536
80.9304 -6.24238 -6.24238 27.1885
149.398 23.7052 23.7052 8.61264
102.076 -1.75689 -1.75689 13.4816
88.6512 -7.91337 -7.91337 8.0025
278.591 -17.7304 -17.7304 6.55457
66.7882 -3.97205 -3.97205 10.8199
124.34 1.26595 1.26595 6.9042
93.3173 6.03685 6.03685 7.73872
61.0215 -6.27662 -6.27662 6.55697
182.884 -8.77883 -8.77883 6.64682
137.099 19.5408 19.5408 9.24085
137.784 -19.8992 -19.8992 16.1789
50.2986 3.43626 3.43626 7.20951
212.281 8.51748 8.51748 7.7505
178.005 8.29524 8.29524 7.31972
113.344 4.21978 4.21978 8.42761
214.391 -21.5205 -21.5205 8.89608
389.059 19.6401 19.6401 10.3158
66.2846 8.49935 8.49935 10.197
75.9596 -7.268 -7.268 8.10915
92.6456 9.55992 9.55992 6.47982
101.334 -4.29308 -4.29308 17.7443
118.458 -11.4657 -11.4657 6.6092
58.046 -1.16201 -1.16201 9.26867
71.3929 1.54627 1.54627 6.62514
205.73 -15.8278 -15.8278 14.4119
112.946 -9.82021 -9.82021 5.33457
127.455 14.2828 14.2828 9.27116
89.1426 -3.82937 -3.82937 5.7172
203.172 -12.1564 -12.1564 7.80548
135.732 -7.76923 -7.76923 7.7393
98.5766 -13.2717 -13.2717 12.9054
111.135 2.60269 2.60269 10.5612
144.678 11.3311 11.3311 5.24299
78.4619 -5.85834 -5.85834 7.19563
134.964 8.05365 8.05365 4.29977
123.334 14.5345 14.5345 7.26602
46.6314 -2.13397 -2.13397 4.49574
111.5 -0.522923 -0.522923 9.39456
384.901 37.9082 37.9082 10.1189
107.453 -4.62679 -4.62679 6.8188
122.524 3.30557 3.30557 10.0748
78.1855 5.1801 5.1801 7.59427
244.519 -0.382642 -0.382642 6.66926
117.334 10.302 10.302 15.2191
81.704 0.545847 0.545847 4.4595
149.872 16.4733 16.4733 8.23828
121.28 -14.712 -14.712 12.6545
123.045 -14.5841 -14.5841 5.80872
85.6607 16.7189 16.7189 20.1969
103.555 6.70546 6.70546 9.22308
88.5231 4.25314 4.25314 10.7185
111.236 6.66367 6.66367 6.24195
121.636 5.68101 5.68101 9.00416
94.4819 -20.8736 -20.8736 30.1119
106.903 -0.399771 -0.399771 8.62002
143.19 -9.32642 -9.32642 9.63375
121.41 -7.41946 -7.41946 9.48669
338.519 38.5583 38.5583 9.86601
77.6658 -1.97439 -1.97439 5.51054
174.916 -7.68888 -7.68888 11.693
80.974 -3.02046 -3.02046 4.87135
224.903 11.9755 11.9755 9.1322
66.9119 -4.91297 -4.91297 6.14529
230.028 -19.8414 -19.8414 9.35938
144.896 -12.5879 -12.5879 4.95258
92.1113 -0.640563 -0.640563 8.2419
98.0188 -3.08029 -3.08029 5.74754
130.616 8.30717 8.30717 13.023
133.924 14.862 14.862 7.28957
112.85 4.80699 4.80699 6.70403
420.088 -35.2779 -35.2779 20.7144
126.904 -0.626395 -0.626395 5.59887
79.3248 14.7176 14.7176 11.6995
328.203 -70.5575 -70.5575 20.8255
102.593 0.241643 0.241643 5.4585
162.305 -1.24591 -1.24591 3.87561
95.4496 0.774374 0.774374 5.74144
136.088 3.47203 3.47203 7.30401
94.0855 7.92436 7.92436 10.0801
75.9724 0.319331 0.319331 4.72028
273.5 8.07588 8.07588 4.71669
131.633 7.86119 7.86119 6.96275
210.052 4.62622 4.62622 9.93529
123.748 14.0835 14.0835 5.55848
135.63 -4.82517 -4.82517 6.60726
226.472 -0.654971 -0.654971 10.1565
82.6891 5.13257 5.13257 18.9293
103.003 -6.04177 -6.04177 4.32833
164.806 7.81323 7.81323 3.90892
140.068 -9.59727 -9.59727 5.44579
178.463 4.39303 4.39303 12.2202
77.4306 1.58074 1.58074 6.98099
165.05 5.99761 5.99761 8.58576
93.3395 -1.42772 -1.42772 8.26677
276.603 -44.238 -44.238 19.1087
111.321 6.04084 6.04084 9.97333
135.925 -13.2796 -13.2796 13.2346
195.038 4.75869 4.75869 9.72916
96.1545 -3.88422 -3.88422 10.7318
45.2499 0.271284 0.271284 17.1689
53.2074 -6.2753 -6.2753 20.3995
87.5332 -1.63406 -1.63406 5.28395
90.9296 11.4914 11.4914 6.63087
81.8541 -0.0772157 -0.0772157 7.36741
108.065 -4.39233 -4.39233 3.83212
171.318 -2.26792 -2.26792 6.1585
117.686 -6.83596 -6.83596 8.70589
172.509 -1.59506 -1.59506 7.95692
98.2213 -9.91489 -9.91489 7.37269
136.551 -3.91466 -3.91466 6.05084
74.587 -2.48719 -2.48719 4.64023
154.914 18.7372 18.7372 9.61532
62.7461 0.959221 0.959221 6.5327
215.525 25.2414 25.2414 13.1785
81.7411 -0.958357 -0.958357 8.76208
154.409 14.957 14.957 9.26984
191.409 3.2108 3.2108 5.4054
124.895 -5.0826 -5.0826 9.96592
128.77 11.6672 11.6672 11.5011
127.92 -2.21953 -2.21953 7.72135
78.0492 1.07293 1.07293 6.20835
88.9493 -1.17139 -1.17139 8.42437
98.9788 -7.37464 -7.37464 5.81151
124.27 -4.45373 -4.45373 9.52776
128.879 11.4765 11.4765 7.93647
142.309 17.2541 17.2541 10.3471
138.093 1.40112 1.40112 5.46728
187.495 -12.7779 -12.7779 7.81243
98.8016 2.38256 2.38256 3.93751
132.571 -5.00997 -5.00997 5.67636
127.844 -0.416406 -0.416406 5.60714
103.31 28.5593 28.5593 23.7897
116.428 -2.37512 -2.37512 21.1746
64.0977 4.43948 4.43948 8.1395
116.253 18.8419 18.8419 12.023
96.4 6.13668 6.13668 7.86876
166.631 5.10771 5.10771 10.5141
137.682 -12.3638 -12.3638 6.91558
181.707 3.68247 3.68247 6.99793
126.063 -3.62512 -3.62512 3.49023
61.0177 -3.88388 -3.88388 7.61626
336.608 1.49651 1.49651 6.59234
148.156 16.0858 16.0858 13.3566
109.22 -5.22917 -5.22917 5.6885
63.2416 -3.91239 -3.91239 16.2164
125.285 -26.7215 -26.7215 21.3262
135.759 -9.23855 -9.23855 3.81103
80.259 -5.68237 -5.68237 4.48529
97.6755 -7.94873 -7.94873 11.2105
119.43 0.562105 0.562105 4.3262
133.108 0.667821 0.667821 6.13389
145.01 -5.88087 -5.88087 11.0715
502.978 -55.6668 -55.6668 21.2036
84.9176 5.6407 5.6407 5.90988
160.911 1.91079 1.91079 4.43303
79.4941 10.5852 10.5852 12.8046
78.9356 1.30101 1.30101 5.0216
180.681 16.0293 16.0293 7.43989
151.994 3.30474 3.30474 8.10462
72.8123 4.10087 4.10087 5.34992
114.497 14.0085 14.0085 14.7409
120.76 -6.85469 -6.85469 6.71305
195.754 -40.2242 -40.2242 22.4265
90.0403 6.33358 6.33358 9.13209
124.182 -4.08148 -4.08148 8.57829
220.565 10.8542 10.8542 10.2345
67.8773 2.39517 2.39517 3.69768
124.971 -10.1147 -10.1147 5.96313
130.938 -11.5261 -11.5261 7.07992
46.4669 -2.75258 -2.75258 10.0216
134.327 2.73835 2.73835 7.90179
71.501 1.97737 1.97737 5.95639
148.563 -0.325123 -0.325123 3.26216
81.6151 3.80322 3.80322 11.2342
91.9433 -0.451096 -0.451096 12.7342
72.212 -8.23227 -8.23227 8.22548
49.0192 -0.298229 -0.298229 7.19664
72.6321 0.730974 0.730974 4.49246
65.9639 -2.97328 -2.97328 8.22114
92.2106 3.11949 3.11949 8.22649
74.4223 -2.07447 -2.07447 6.34398
128.06 -44.542 -44.542 31.1748
143.891 7.41015 7.41015 8.27516
122.669 22.2848 22.2848 11.1136
110.807 5.87865 5.87865 6.1703
111.022 -12.396 -12.396 9.19823
157.246 -4.21299 -4.21299 15.021
153.512 -2.94654 -2.94654 9.34772
124.523 -12.9699 -12.9699 15.3001
95.2766 -15.5285 -15.5285 11.6391
130.193 2.24486 2.24486 5.31081
96.8593 -4.04005 -4.04005 9.03076
209.424 1.92424 1.92424 6.64798
68.0711 7.59198 7.59198 6.91821
173.998 -19.9876 -19.9876 9.98096
94.2567 -2.36853 -2.36853 8.01275
62.5694 -3.75547 -3.75547 9.1388
102.966 7.00084 7.00084 10.4494
83.7794 8.1584 8.1584 8.93539
97.9316 7.12685 7.12685 5.58067
217.635 -21.7963 -21.7963 8.51992
143.553 -1.52252 -1.52252 5.59335
106.272 -5.11162 -5.11162 7.60107
94.2835 6.16025 6.16025 10.848
101.548 -4.5307 -4.5307 8.07757
133.317 -1.47178 -1.47178 4.81302
247.286 -8.77748 -8.77748 7.4198
102.797 -5.40839 -5.40839 4.26226
110.037 -2.23977 -2.23977 5.14075
120.887 2.29945 2.29945 7.83466
149.405 -14.9335 -14.9335 11.8963
107.95 -2.93832 -2.93832 6.65261
102.547 -2.25355 -2.25355 9.94327
140.405 15.8463 15.8463 8.98203
357.138 -11.8651 -11.8651 5.04169
494.961 61.8853 61.8853 11.7922
117.669 18.0725 18.0725 19.7169
62.0867 -1.37817 -1.37817 8.07458
140.466 9.04384 9.04384 5.9715
143.294 -6.49269 -6.49269 6.96556
54.6553 -0.196373 -0.196373 5.66151
85.3213 -1.50516 -1.50516 6.24165
72.6791 -4.04698 -4.04698 4.92012
87.9662 3.43639 3.43639 6.14069
67.1048 -5.0218 -5.0218 5.79789
92.3101 0.0222325 0.0222325 9.37226
233.816 5.36115 5.36115 6.22081
88.0261 5.54508 5.54508 6.22603
77.3043 2.65212 2.65212 5.26199
159.712 -6.26685 -6.26685 5.6941
106.831 -0.0690111 -0.0690111 5.69389
57.354 -3.42553 -3.42553 7.35077
84.4766 0.0991902 0.0991902 8.31811
85.5035 -0.317746 -0.317746 7.10191
111.953 8.87504 8.87504 9.8223
126.134 2.00828 2.00828 7.71915
109.414 -7.43281 -7.43281 5.68983
50.6374 2.23503 2.23503 4.40443
86.5991 0.156046 0.156046 4.31742
187.529 -6.63476 -6.63476 3.80401
218.798 10.0431 10.0431 3.68692
89.0944 11.5392 11.5392 7.56016
168.124 7.2604 7.2604 11.4848
102.638 0.510858 0.510858 7.56585
219.992 -28.6767 -28.6767 21.3121
139.615 26.9676 26.9676 29.2787
85.3409 9.60216 9.60216 9.52395
68.406 2.97657 2.97657 5.90119
108.797 4.94799 4.94799 7.43197
70.8415 1.46842 1.46842 8.30607
100.537 1.6963 1.6963 10.2585
142.361 -16.149 -16.149 8.54048
88.5723 3.87215 3.87215 7.40696
108.904 0.901383 0.901383 6.20367
84.8769 -2.48805 -2.48805 6.53533
136.276 -18.3299 -18.3299 7.60322
224.158 -15.0888 -15.0888 13.6767
134.6 7.67791 7.67791 8.05805
381.654 6.3164 6.3164 6.33426
123.313 -5.5829 -5.5829 5.20224
100.444 6.67731 6.67731 7.792
71.374 7.10056 7.10056 4.79863
164.988 -12.9392 -12.9392 6.95709
108.273 -18.5546 -18.5546 12.4137
68.8961 4.29077 4.29077 10.7981
130.551 6.77254 6.77254 10.1066
113.41 -2.60771 -2.60771 5.38839
298.362 -9.59391 -9.59391 10.8649
62.2409 4.1072 4.1072 6.6304
172.447 8.83706 8.83706 6.43832
112.816 9.40157 9.40157 7.60253
149.325 18.8806 18.8806 10.4628
166.481 16.4309 16.4309 9.68017
107.896 2.33212 2.33212 8.37164
159.076 1.41618 1.41618 4.22056
169.778 -7.53603 -7.53603 10.2525
145.384 -25.729 -25.729 11.5067
135.703 -5.99224 -5.99224 3.97454
77.9635 1.63337 1.63337 28.0667
69.5634 7.46359 7.46359 5.96052
167.141 -12.0853 -12.0853 9.78134
184.506 -37.2821 -37.2821 18.1039
68.7238 5.77319 5.77319 8.6888
83.2777 2.58136 2.58136 7.46885
229.296 -1.38473 -1.38473 9.91592
136.757 -1.04519 -1.04519 3.98188
125.211 -26.9271 -26.9271 21.0612
98.1946 8.90648 8.90648 4.52211
61.1467 -5.60097 -5.60097 8.78804
116.114 9.44771 9.44771 7.42866
116.458 7.94667 7.94667 5.95477
125.753 0.710037 0.710037 3.06456
84.3517 1.35644 1.35644 6.67809
140.894 10.2127 10.2127 19.9123
201.926 13.6724 13.6724 6.11171
83.843 1.47884 1.47884 7.96405
330.375 28.821 28.821 14.3635
85.176 -4.55803 -4.55803 4.67976
144.93 -4.05698 -4.05698 7.51586
67.775 5.001 5.001 5.0385
66.1617 3.38523 3.38523 4.3023
162.357 -3.19212 -3.19212 4.96732
143.464 -10.5591 -10.5591 7.03556
80.9387 10.9266 10.9266 13.5399
180.645 7.48061 7.48061 13.3868
221.366 14.1945 14.1945 20.8096
438.92 6.53828 6.53828 6.1554
