13
12
17
17
19
17
15
21
18
33
22
20
13
16
18
18
15
21
20
19
15
19
22
13
17
17
16
22
20
19
16
18
13
20
13
16
20
22
15
16
21
12
13
18
22
13
15
21
16
18
27
15
19
20
17
26
23
20
16
17
14
17
16
15
19
22
22
14
16
17
18
17
14
23
15
25
23
16
25
16
19
15
17
20
12
18
12
16
23
24
15
18
18
14
17
15
18
17
21
13
13
13
20
14
22
17
19
20
22
19
12
15
17
17
18
12
21
22
22
25
20
15
25
20
27
16
16
22
33
20
21
17
15
17
15
24
28
25
19
18
32
16
13
14
21
24
18
15
21
20
19
18
20
14
17
17
21
16
13
15
25
16
19
16
17
21
19
17
18
17
16
15
19
22
25
16
17
14
23
13
21
16
18
13
18
24
13
20
23
13
16
26
21
19
19
16
14
16
18
13
17
17
23
19
17
24
19
16
19
22
17
18
19
18
19
16
14
22
14
16
33
16
26
26
15
19
19
13
23
13
24
15
19
15
17
17
19
16
21
16
17
16
15
19
15
13
15
14
20
16
20
15
14
21
13
17
20
24
18
23
14
15
17
15
20
13
19
20
20
17
13
20
17
13
23
22
15
18
19
18
21
15
18
23
16
16
15
12
15
23
12
28
13
16
19
22
16
17
15
15
19
13
15
14
18
14
27
20
19
23
22
22
21
22
18
26
25
13
16
14
21
15
19
12
14
18
14
20
21
23
20
22
21
18
21
21
30
14
15
21
15
17
18
16
17
21
24
13
20
26
21
21
20
17
20
17
19
20
21
17
14
22
15
13
16
13
17
17
19
19
17
16
17
14
25
17
12
21
18
20
14
18
20
20
18
15
16
23
24
18
15
16
13
23
26
14
28
17
16
22
26
15
14
17
24
16
27
16
20
18
17
22
18
21
16
19
26
15
17
13
17
26
28
19
17
14
16
23
15
15
22
14
29
22
16
16
14
22
15
29
22
16
17
17
26
16
17
23
19
18
22
15
18
17
16
18
16
16
15
16
16
22
18
18
15
13
19
14
17
17
13
17
23
14
14
14
20
20
21
18
20
15
16
12
20
24
16
16
16
15
15
12
26
13
27
17
19
20
15
21
18
20
15
12
18
15
16
18
15
24
18
22
12
16
28
20
22
22
18
20
15
16
13
23
26
19
13
13
15
15
14
23
18
17
17
14
12
22
21
17
18
14
16
14
17
22
17
20
13
19
24
15
17
16
18
17
18
20
17
17
14
16
18
16
19
26
15
14
37
20
26
15
16
19
22
22
18
19
15
23
14
16
15
16
16
19
17
15
22
16
20
14
15
29
21
21
19
20
18
20
23
15
19
17
20
15
21
22
20
20
13
17
15
15
19
15
21
25
15
18
19
14
24
24
17
18
16
19
21
15
15
21
21
18
24
14
25
16
16
17
18
20
17
15
13
15
20
20
24
20
17
17
14
18
18
20
17
24
17
12
23
20
15
20
16
15
18
22
14
19
13
28
16
18
13
16
15
15
14
13
14
22
21
26
13
25
21
14
14
19
18
18
13
14
17
17
14
18
15
23
15
39
16
15
13
21
21
14
16
17
30
17
14
18
18
17
18
21
18
15
20
18
13
20
21
22
19
14
16
21
16
18
18
20
14
14
26
16
23
14
17
14
23
12
19
17
26
12
23
20
15
18
13
13
15
19
14
17
18
20
21
18
17
21
20
18
13
23
21
22
17
24
13
19
24
12
20
21
19
16
16
24
15
13
18
23
15
23
25
15
21
15
22
17
13
14
16
23
15
14
15
17
12
14
17
23
24
20
15
16
22
18
17
23
13
14
21
23
16
15
13
27
14
18
19
19
23
22
14
16
26
16
19
15
15
14
19
18
18
16
17
13
21
15
17
18
18
17
15
20
14
21
20
16
18
16
16
20
21
15
19
20
15
14
22
12
13
14
15
19
15
20
21
18
23
17
17
20
22
23
17
20
17
22
16
22
15
18
19
21
13
26
20
21
20
21
20
14
25
15
16
35
18
20
17
19
25
19
18
18
17
16
28
18
12
16
16
16
20
18
19
23
15
25
14
16
27
22
21
16
17
15
15
16
20
16
14
15
15
17
17
15
20
16
19
18
12
16
21
15
16
21
25
14
23
40
22
13
21
17
23
15
21
36
13
18
15
24
13
18
18
18
19
32
14
17
17
22
16
16
18
24
20
19
17
18
15
17
17
17
20
19
21
14
15
13
20
20
12
16
