2.07229
2.06596
2.07814
2.07864
2.06056
2.05665
2.07101
2.08992
2.08459
2.06928
2.05074
2.05537
2.04294
2.06762
2.06775
2.08482
2.07098
2.05793
2.06809
2.04062
2.05465
2.07664
2.07687
2.07409
2.05746
2.07429
2.06589
2.07793
2.06108
2.07293
2.06223
2.06169
2.06164
2.06108
2.06328
2.085
2.07773
2.08651
2.05676
2.0755
2.04902
2.05742
2.07415
2.06446
2.06388
2.07624
2.05845
2.06168
2.06487
2.05089
2.07448
2.06838
2.08115
2.05729
2.06453
2.07788
2.0704
2.05569
2.06697
2.0831
2.07072
2.05988
2.07214
2.05228
2.07079
2.05323
2.07736
2.05479
2.06325
2.06937
2.05845
2.07122
2.07353
2.092
2.06326
2.08338
2.06369
2.07575
2.09292
2.0695
2.04696
2.07242
2.06591
2.0647
2.05273
2.05847
2.05706
2.061
2.05731
2.05051
2.06002
2.05523
2.06119
2.05238
2.06098
2.0692
2.06497
2.07208
2.04973
2.09241
2.06975
2.05272
2.07168
2.07235
2.07772
2.0877
2.07292
2.05206
2.06832
2.06453
2.07328
2.0643
2.07848
2.06389
2.0625
2.0754
2.08682
2.0528
2.06842
2.08573
2.05831
2.05848
2.05419
2.06098
2.04812
2.05229
2.09897
2.05601
2.08448
2.05866
2.05645
2.08352
2.0626
2.0642
2.07418
2.06017
2.06651
2.06974
2.06002
2.06845
2.05189
2.05248
2.08284
2.073
2.06913
2.07103
2.07818
2.05663
2.05801
2.08461
2.06224
2.06735
2.07737
2.0713
2.05896
2.06124
2.05657
2.05682
2.06992
2.05803
2.08172
2.06448
2.0638
2.06694
2.07973
2.06781
2.08266
2.05184
2.06134
2.06601
2.07005
2.06049
2.06818
2.05485
2.07069
2.07274
2.09035
2.05346
2.06711
2.10335
2.08632
2.06165
2.08604
2.05725
2.07378
2.05402
2.06509
2.07129
2.05591
2.07522
2.04068
2.0556
2.07952
2.06237
2.05905
2.07843
2.07262
2.07466
2.08312
2.07332
2.06663
2.06967
2.06877
2.0792
2.07591
2.07324
2.05663
2.08178
2.07262
2.08303
2.0715
2.06809
2.07057
2.04846
2.08889
2.06804
2.0651
2.0573
2.09135
2.07162
2.05149
2.06243
2.05191
2.06296
2.05865
2.0668
2.07466
2.0455
2.07378
2.05422
2.07751
2.05417
2.08303
2.08578
2.07179
2.06114
2.05881
2.05254
2.07215
2.07236
2.04177
2.07777
2.0778
2.06576
2.06838
2.06735
2.0744
2.05917
2.07141
2.04892
2.07087
2.05164
2.0811
2.07372
2.06885
2.07736
2.0631
2.06061
2.07339
2.0805
2.07692
2.05664
2.05917
2.06441
2.06846
2.05998
2.06777
2.09693
2.07074
2.06896
2.0654
2.07639
2.09182
2.06408
2.08585
2.06654
2.08657
2.0665
2.06151
2.08354
2.0585
2.06445
2.06154
2.0697
2.05624
2.06324
2.06486
2.07097
2.05464
2.06199
2.06623
2.069
2.05135
2.06816
2.05833
2.09679
2.05557
2.06255
2.08083
2.05045
2.074
2.06395
2.07396
2.07062
2.05504
2.08604
2.06259
2.06252
2.06998
2.07146
2.05204
2.06851
2.0805
2.06577
2.07221
2.05172
2.05561
2.05117
2.05618
2.07355
2.06174
2.07675
2.07209
2.08997
2.04876
2.07477
2.06842
2.06842
2.07044
2.0698
2.08054
2.05784
2.08005
2.06241
2.06656
2.06622
2.08771
2.06607
2.07825
2.06924
2.06885
2.07788
2.05985
2.0684
2.0618
2.08633
2.06623
2.0821
2.04532
2.0458
2.0923
2.07419
2.04658
2.06493
2.06941
2.04285
2.06915
2.07694
2.0823
2.06463
2.06924
2.07488
2.05383
2.07554
2.06573
2.09414
2.08169
2.06956
2.05257
2.08494
2.08519
2.10388
2.07066
2.06672
2.06797
2.0705
2.07903
2.06369
2.05885
2.07879
2.05694
2.0709
2.06689
2.08758
2.05874
2.08371
2.07717
2.08301
2.048
2.05428
2.07113
2.06816
2.05707
2.066
2.07487
2.06777
2.0952
2.04959
2.06766
2.05598
2.05852
2.05868
2.06201
2.05565
2.07128
2.07717
2.06902
2.09982
2.05934
2.05934
2.06243
2.07626
2.06817
2.06938
2.06232
2.0724
2.09185
2.05978
2.06046
2.06638
2.08536
2.07454
2.06894
2.06155
2.05591
2.07591
2.04684
2.07731
2.07978
2.07557
2.07132
2.08708
2.07434
2.0729
2.05475
2.06673
2.06472
2.07463
2.07657
2.04168
2.08308
2.07193
2.07316
2.06304
2.07195
2.07623
2.0666
2.06609
2.05762
2.06823
2.0663
2.06364
2.07474
2.04723
2.0542
2.08112
2.06609
2.06468
2.05697
2.06737
2.068
2.0687
2.06996
2.07265
2.07879
2.06585
2.05719
2.06878
2.05271
2.04399
2.05789
2.0647
2.07426
2.06772
2.08062
2.05252
2.06041
2.08405
2.07941
2.04425
2.07066
2.07047
2.04068
2.07331
2.06723
2.06657
2.07428
2.06259
2.06779
2.04966
2.05885
2.05844
2.05695
2.06591
2.05777
2.06833
2.05307
2.06767
2.05474
2.05987
2.07892
2.0455
2.06813
2.07894
2.05524
2.04487
2.06697
2.0732
2.0735
2.06915
2.05642
2.06022
2.09108
2.0683
2.06482
2.05707
2.04534
2.05162
2.06404
2.05764
2.06699
2.0651
2.08403
2.05453
2.06826
2.03929
2.06545
2.07812
2.09096
2.09672
2.06676
2.07217
2.07937
2.06233
2.0531
2.08302
2.06387
2.074
2.07974
2.07974
2.07966
2.07712
2.06852
2.06852
2.07707
2.10547
2.12343
2.05776
2.05748
2.06584
2.07909
2.07475
2.07345
2.05986
2.06199
2.06199
2.06249
2.06228
2.06871
2.08167
2.07293
2.06155
2.0858
2.05881
2.07667
2.08083
2.04744
2.05517
2.07171
2.06983
2.06657
2.04785
2.05552
2.05552
2.07004
2.07959
2.09751
2.08811
2.0873
2.0537
2.0638
2.05935
2.05559
2.05357
2.08074
2.08474
2.05966
2.08193
2.06181
2.06045
2.06249
2.07838
2.05957
2.07839
2.06642
2.07023
2.07393
2.0558
2.09443
2.11986
2.11038
2.07867
2.08618
2.08875
2.08403
2.05538
2.07227
2.0592
2.05584
2.07148
2.07148
2.05965
2.06221
2.05588
2.05757
2.07359
2.06685
2.07319
2.0615
2.07002
2.09668
2.05505
2.0663
2.05385
2.07606
2.09483
2.05358
2.04721
2.06809
2.06237
2.05784
2.05962
2.06153
2.07678
2.05137
2.05295
2.05157
2.07723
2.06148
2.06225
2.07508
2.0723
2.06382
2.06468
2.05793
2.06407
2.05534
2.0601
2.06803
2.04962
2.05674
2.06249
2.06329
2.04852
2.06929
2.05013
2.06442
2.04936
2.07695
2.06212
2.06749
2.06538
2.05473
2.05963
2.07092
2.0609
2.07347
2.08239
2.07308
2.04864
2.06097
2.06386
2.07223
2.07417
2.06673
2.06752
2.06619
2.0997
2.05783
2.07874
2.05656
2.08268
2.07035
2.07313
2.08231
2.0521
2.05267
2.06969
2.05979
2.0707
2.07219
2.08255
2.09076
2.06379
2.06944
2.05475
2.09045
2.05833
2.07682
2.07084
2.05798
2.05457
2.07429
2.07229
2.06704
2.07129
2.07129
2.06133
2.05441
2.07279
2.07682
2.07321
2.09147
2.05149
2.04711
2.09423
2.05357
2.07844
2.09847
2.09296
2.08493
2.04893
2.06826
2.0429
2.08812
2.08215
2.06815
2.05247
2.0783
2.05747
2.07305
2.04498
2.05963
2.05963
2.06687
2.05964
2.0515
2.07217
2.0553
2.07195
2.0658
2.05498
2.07436
2.05197
2.06794
2.06621
2.06978
2.06024
2.06461
2.05284
2.0535
2.07775
2.05249
2.08925
2.0566
2.08819
2.06928
2.05876
2.07825
2.09056
2.09186
2.04671
2.06146
2.0665
2.07098
2.07926
2.06894
2.08963
2.06975
2.05891
2.05174
2.05971
2.06184
2.08092
2.06071
2.07497
2.08636
2.06558
2.04768
2.06556
2.04782
2.0612
2.06003
2.07188
2.0572
2.06901
2.05989
2.05686
2.0909
2.103
2.06399
2.09333
2.07007
2.07279
2.05402
2.08357
2.04888
2.0757
2.07138
2.07138
2.06245
2.06371
2.07332
2.07987
2.07038
2.06021
2.057
2.0904
2.07128
2.07308
2.08444
2.05554
2.06805
2.07723
2.07335
2.06371
2.05948
2.06545
2.07594
2.06261
2.0549
2.03848
2.05243
2.06257
2.08276
2.04871
2.04271
2.07883
2.04485
2.05486
2.05225
2.06734
2.06633
2.0679
2.04727
2.08384
2.06033
2.06451
2.06037
2.06207
2.06106
2.0877
2.0639
2.06611
2.05394
2.05123
2.06874
2.05415
2.07158
2.05297
2.06768
2.07202
2.08587
2.0736
2.07011
2.08856
2.10146
2.06373
2.04952
2.06669
2.08446
2.06246
2.07129
2.07709
2.06521
2.05466
2.08322
2.0524
2.07532
2.07439
2.08091
2.07858
2.06765
2.04801
2.05544
2.08409
2.04964
2.10677
2.06576
2.05896
2.07009
2.06053
2.09423
2.06301
2.06139
2.05941
2.05495
2.04692
2.05895
2.06579
2.07923
2.04713
2.04887
2.05118
2.0678
2.06026
2.07104
2.06721
2.05424
2.05565
2.07762
2.06361
2.07079
2.0501
2.089
2.08481
2.06636
2.05101
2.08628
2.06068
2.0773
2.05966
2.06179
2.0635
2.0565
2.08101
2.06388
2.05732
2.06943
2.06709
2.05929
2.07451
2.05831
2.05258
2.04711
2.08365
2.05529
2.04826
2.05272
2.06059
2.05176
2.06876
2.08828
2.08732
2.05666
2.08348
2.05868
2.0765
2.08277
2.08654
2.05997
2.09268
2.0546
2.09444
2.06839
2.06911
2.06215
2.05741
2.06371
2.05346
2.06383
2.07066
2.08423
2.07228
2.07492
2.06843
2.08358
2.06596
2.07796
2.07383
2.10455
2.07986
2.07124
2.05442
2.05
2.06194
2.08127
2.05702
2.05202
2.08234
2.06602
2.07542
2.0599
2.0561
2.04467
2.04751
2.07764
2.09234
2.04573
2.06364
2.05782
2.0596
2.05742
2.04746
2.06014
2.0774
2.05134
2.09595
2.06875
2.08367
2.06791
2.07027
2.07297
2.05777
2.09148
2.04998
2.04998
2.06326
2.08091
2.06106
