1.9075
1.37143
1.14348
1.15177
1.14457
1.43694
0.934927
2.19285
1.92501
1.06183
1.91414
2.23548
1.03227
1.59246
1.50986
2.9563
1.29827
1.68618
1.2386
0.825864
1.11588
1.02212
0.533813
1.28682
1.91564
1.20964
2.10864
1.42725
1.52726
1.034
1.11374
1.18854
0.792077
1.10397
0.994707
1.43465
1.64223
1.72586
1.31347
1.81514
2.38841
1.09696
1.97627
1.10579
1.50976
0.689543
1.80868
1.24043
2.52961
1.31087
1.62513
1.31211
0.87763
1.04369
1.21621
1.25977
1.28976
2.02205
1.20009
1.25098
2.63173
2.01978
2.35559
1.0378
1.0257
1.26689
1.63767
1.33825
1.91509
1.17185
1.5199
1.52985
2.50425
1.3475
1.17767
2.10523
1.18849
0.917956
1.85913
1.5279
0.781575
0.650907
1.27105
1.2449
1.55912
1.76146
1.26819
1.96121
1.00671
1.41252
1.18285
1.04928
1.45088
1.06912
1.07666
1.233
1.1384
1.09383
0.865539
0.871048
1.4067
2.402
1.74597
0.979725
1.45723
1.73204
1.13778
1.29973
0.945635
1.43928
1.02692
1.80739
1.4823
1.33681
0.986805
1.51478
0.964898
1.27508
1.09371
1.56819
1.04379
1.34132
1.52669
1.34566
1.87735
1.87978
1.3387
1.03749
1.01612
2.01459
1.19397
1.27568
1.35386
1.2646
1.76822
2.34889
0.902302
1.38398
1.13364
2.49682
2.21528
1.49807
1.84926
2.20975
1.88569
1.62421
2.37892
1.22612
1.60628
1.05755
1.36874
1.21112
1.43067
1.33567
2.52381
1.44185
0.909735
1.28052
1.35217
1.39279
1.64915
2.12836
2.01008
1.03245
1.09635
1.08487
1.02718
1.71672
0.878503
1.39145
0.682804
1.51301
1.74399
1.30271
1.55453
1.55453
1.19058
1.70732
1.45985
0.58461
1.66714
1.19555
0.900949
1.40905
1.00396
1.65208
1.30015
1.57074
0.846903
1.28973
1.75947
1.62773
0.934788
1.18898
1.04339
1.58721
2.28997
0.842573
0.982152
1.4924
0.88282
1.29283
1.22703
0.920574
1.83099
0.997796
2.60635
1.0841
0.808807
1.57707
0.614098
1.83799
1.30497
1.63562
1.92151
1.46428
1.46205
1.83703
0.940697
1.03445
1.74241
1.42036
1.95201
1.76263
1.86018
1.30371
1.6062
0.982265
1.39496
1.34283
1.09377
1.51405
1.33891
1.24417
0.927281
1.16894
1.27642
0.996729
2.49125
1.88346
2.681
1.31923
2.07217
1.30245
1.01538
1.64123
2.52781
1.33728
1.23196
1.54362
1.63831
1.63096
1.44734
1.47417
1.13353
1.02481
1.64493
1.57266
1.07875
2.29189
2.20977
1.39623
1.58718
0.851108
1.48841
1.01528
1.4906
0.838284
1.02051
1.02388
1.28152
1.51449
1.79134
1.59601
1.60426
1.03085
1.39129
0.6532
1.42958
1.21862
1.41155
1.61606
1.18916
1.51229
0.549231
1.29768
1.85777
2.17391
1.64234
0.647061
1.70625
1.92365
0.675546
1.90579
1.47773
1.74763
1.51032
0.998669
1.34492
1.30763
0.70596
1.12338
1.55744
0.588348
1.35465
1.25402
1.61325
1.61421
1.7768
1.08673
0.461908
0.890068
1.34824
1.33387
1.18146
0.939062
1.26253
1.65683
0.953668
1.85386
1.59081
1.82114
2.22239
2.91772
2.44495
2.10932
1.07647
2.08006
1.9466
1.77825
2.30657
1.10602
1.41858
1.48901
1.46567
2.11583
1.48689
1.42125
1.93325
1.72976
1.94779
1.43234
1.59445
0.826705
1.94609
2.3128
1.14001
1.55233
0.937894
0.90849
1.49833
1.03188
0.545782
1.99953
1.85888
0.664852
1.61617
1.62315
1.0649
1.43477
1.10589
1.91121
1.05069
1.00789
0.826977
2.2512
1.42804
1.45789
1.89966
1.07746
0.855796
0.928604
1.58079
2.06859
1.68964
1.16951
1.61185
1.44685
1.52627
1.36134
1.38333
0.735121
1.66158
1.23383
1.8414
1.40503
1.83958
1.54616
1.48418
1.97173
1.62935
1.26846
1.47729
1.17796
1.64435
1.36164
0.829663
1.85398
1.12127
1.20367
1.04135
1.16626
0.85088
0.903303
1.64594
1.28382
1.31965
1.89369
2.9406
0.938927
1.91816
1.96217
1.55459
1.07415
0.858517
0.914467
1.09222
1.89159
0.921416
1.73461
2.10477
1.88021
1.24457
1.1589
1.45057
1.28792
0.717866
1.02753
0.929217
1.59132
1.67307
0.774431
1.81826
1.46339
1.08967
1.24371
0.460783
1.18939
1.78363
0.831574
1.66694
1.9925
1.11575
1.47943
2.39179
1.56708
2.0525
2.71589
0.770428
1.22155
1.26835
2.12286
2.07903
1.32878
2.4395
1.7821
1.47027
1.54982
1.20411
1.54623
2.2424
0.785169
0.973607
1.38124
1.17821
2.00088
2.2087
1.83277
1.5933
1.22577
0.920717
1.01078
1.78452
1.27918
1.59708
1.40005
1.29665
1.47913
1.16574
2.32872
1.85852
2.3523
1.0252
0.893398
0.916157
1.75596
1.87109
0.703208
1.57958
1.79759
1.68697
1.22552
1.25127
2.5948
1.26687
1.66243
1.61093
0.872981
0.858109
1.71405
1.37679
1.51622
0.779624
2.02
1.46508
1.31931
0.897194
1.47165
1.20669
1.6057
2.33781
1.30663
1.2052
2.04376
1.03829
1.37172
1.37172
1.89325
1.46863
1.5761
2.35884
0.757208
1.41779
1.13219
1.60466
1.27305
1.63994
1.52325
1.20014
1.56276
1.06598
1.11648
1.61621
1.47499
1.2658
1.90109
1.68268
1.35542
1.52846
0.820044
1.67904
1.59247
0.620514
1.84005
1.99151
2.40581
2.11832
1.49141
0.952895
1.55642
1.57005
1.36779
2.00998
1.88625
1.07952
0.68329
1.03786
1.92429
0.786248
1.63461
1.66699
2.3633
1.01497
1.01874
0.84409
0.899928
1.29721
1.04543
0.912841
1.53749
1.64296
1.62315
1.36561
1.88262
1.60459
2.24746
1.03969
1.00078
1.54815
0.962357
1.32285
2.12613
1.86189
1.57118
1.22592
0.613659
1.07026
0.853985
0.652946
1.03983
0.497447
1.39628
0.856366
1.01749
1.21969
0.886382
1.72532
2.33539
1.43896
1.9833
1.61001
2.4221
0.924694
0.937316
2.00748
2.00041
0.879451
1.54584
1.22786
2.46802
1.97028
2.24452
1.73077
0.7482
0.869353
1.36236
1.24459
1.90738
1.12713
1.03731
1.06928
1.15372
1.92201
0.743272
0.744932
1.52774
0.905633
2.01015
1.97763
0.868313
0.483708
0.644547
1.15799
1.59083
1.04588
1.05051
1.42823
1.34794
1.52292
1.74714
1.11662
1.46555
2.02563
2.32189
1.39432
1.44998
1.25292
1.01807
1.43101
1.75768
1.4388
1.42183
1.30838
1.09643
1.41963
1.34897
0.886934
1.32415
1.29405
2.2101
2.04163
0.696597
1.51759
1.07201
1.13108
1.15914
1.50213
2.11397
1.42987
1.44875
1.87668
0.544119
0.857405
1.76011
1.8226
1.81916
1.86832
1.65121
1.11044
1.53959
2.13801
1.42081
1.23791
1.55392
0.977496
1.48695
1.05029
0.920753
2.07435
1.79336
1.76051
0.961494
1.5761
1.78004
1.74667
1.78584
0.873615
1.04765
1.2099
1.71736
1.73127
1.50036
1.63116
2.43188
1.40612
1.18394
1.22031
1.35775
1.9006
1.05135
1.81669
0.735572
1.06982
1.26329
3.05513
2.02053
1.08652
1.7844
1.13292
1.25462
1.98526
0.821012
1.95932
1.05796
1.55537
1.75501
0.82747
1.70638
0.73908
1.23546
1.79141
1.10138
1.27653
1.54234
1.18695
1.16925
2.12227
2.46904
0.97556
1.63356
1.62289
1.15952
1.24219
1.37972
1.00242
1.10557
1.93234
2.08438
1.84981
1.58271
1.68817
1.92625
1.00941
1.62136
1.44412
1.22171
1.2157
2.0327
1.64243
1.58866
1.38879
1.60295
1.75631
2.56612
1.11709
1.6717
1.23498
1.55718
1.42864
1.28621
1.15941
1.13485
1.04938
1.01538
0.866658
1.32124
1.32387
1.60007
2.92156
2.0016
1.0582
1.30863
0.963953
1.36335
1.69769
1.37804
1.56148
1.74251
1.94855
2.09366
1.39651
0.947892
1.21149
1.61836
2.57562
1.36663
1.67442
1.50962
1.16423
1.21546
1.36112
0.977384
1.70469
1.8227
1.16578
0.988031
0.906481
1.54555
2.17911
1.53321
1.45304
0.997625
1.66533
1.37694
1.1606
1.21435
0.966515
1.83962
1.1823
1.59291
3.23675
1.08365
1.02007
0.994894
1.53275
1.45001
2.2101
1.98827
1.23861
2.82828
1.22027
0.849728
1.25241
1.65113
1.23148
2.1872
1.29411
1.39377
0.947172
1.15404
1.21152
0.958339
0.930078
0.93886
2.12349
1.58122
1.50433
1.37294
1.42024
2.27246
2.8719
2.39704
1.71877
1.31857
2.25859
1.1042
1.47107
1.93302
0.947854
0.761144
1.99933
0.961893
1.9783
2.03733
0.667916
1.31952
1.3181
1.61343
1.21521
1.19439
1.20521
1.34839
0.739278
0.832358
2.15377
1.89264
1.61556
1.65598
2.20558
1.4729
2.74043
1.24315
1.22388
1.45972
1.87848
1.80297
1.61628
1.36668
3.26022
0.971297
1.88167
1.59979
0.941527
1.71942
0.57705
1.40526
1.35552
1.35552
1.33309
1.41613
0.977222
2.63392
1.74453
1.02979
1.28603
1.09388
1.36142
1.28663
1.2262
1.79837
1.60733
0.912568
1.48769
2.07138
0.888457
0.897149
0.900362
2.34738
1.49565
1.28625
1.44804
1.7687
0.995865
1.57343
1.65743
1.49878
1.7821
1.25635
0.981512
1.22695
2.97793
1.45154
1.58809
1.13721
1.29886
1.0641
2.84295
0.869796
1.36337
1.9769
1.17579
0.807318
1.29303
1.38147
1.56274
1.27667
1.60677
1.08761
2.10294
0.960765
1.99494
2.42395
1.92927
1.26708
1.68465
2.25844
1.10667
2.01251
2.01138
1.54796
1.42602
1.27897
0.825687
0.879517
1.35054
1.16117
1.52068
1.57293
1.26598
1.82306
1.59494
1.20047
1.38087
1.0367
2.12645
0.821187
1.37265
1.51608
2.13942
2.13101
1.06763
1.72871
2.01488
1.37899
0.763277
2.52335
1.16098
2.0447
2.11667
1.28094
1.56452
1.33488
1.13708
1.78083
1.89802
2.35407
2.07669
1.52869
1.52869
0.962545
