0.357771 0.0305586
0.357863 0.035862
0.357855 0.0279144
0.358068 0.0305611
0.358109 0.0305611
0.358073 0.0252774
0.358065 0.0173593
0.358276 0.0199962
0.358515 0.0305342
0.358478 0.0252701
0.358568 0.0226405
0.358728 0.0278949
0.358916 0.0305196
0.359026 0.0357643
0.359312 0.0410042
0.359225 0.0305341
0.359216 0.0253038
0.359276 0.022691
0.359364 0.022691
0.359521 0.022691
0.359707 0.0305078
0.36001 0.0357142
0.36 0.0357142
0.359864 0.0253203
0.359951 0.0227242
0.360107 0.0201304
0.360242 0.0279047
0.3603 0.0201375
0.360483 0.0304844
0.360685 0.0382376
0.360723 0.0330735
0.36078 0.0253342
0.360817 0.0279117
0.360826 0.0176112
0.360863 0.020184
0.361015 0.0278955
0.3611 0.0227591
0.361491 0.0330227
0.361575 0.0381499
0.361821 0.0407112
0.36181 0.0407112
0.361816 0.0330409
0.361853 0.0330409
0.361954 0.0381454
0.361896 0.0253956
0.362281 0.0406818
0.362317 0.0381363
0.362323 0.0330499
0.362217 0.0228862
0.36227 0.0228862
0.3624 0.0228862
0.362594 0.0279546
0.362676 0.0279546
0.362916 0.035544
0.36281 0.0254337
0.362909 0.0254337
0.363037 0.0279569
0.362996 0.020394
0.363357 0.0355065
0.363594 0.0405397
0.363628 0.0405397
0.363911 0.0505884
0.363759 0.0380384
0.363763 0.0305149
0.363657 0.0229979
0.364031 0.0330119
0.363926 0.0280092
0.363838 0.0205117
0.363917 0.0180147
0.364335 0.0354788
0.364322 0.0304933
0.364371 0.0280027
0.364587 0.0354681
0.364727 0.0379544
0.364577 0.0255335
0.364671 0.0255335
0.364749 0.0255335
0.364888 0.0230557
0.364966 0.0280071
0.365014 0.0255335
0.365182 0.0304765
0.365138 0.0255377
0.365351 0.0304723
0.365489 0.0329375
0.365611 0.0354006
0.365748 0.0354006
0.365779 0.0354006
0.365915 0.0329437
0.365856 0.0304889
0.366037 0.0353944
0.366067 0.0329437
0.366023 0.0207006
0.366188 0.0304869
0.366547 0.0427094
0.366667 0.0475944
0.366622 0.0427135
0.366518 0.0305216
0.366563 0.0305216
0.366459 0.01835
0.366815 0.035376
0.3668 0.0280852
0.366844 0.025657
0.367095 0.0353619
0.367139 0.0353619
0.367124 0.0280953
0.367079 0.0159942
0.367241 0.0256671
0.367196 0.0208346
0.367269 0.0184204
0.367356 0.0208326
0.367473 0.0208326
0.367603 0.0232409
0.367851 0.0328661
0.367849 0.0304618
0.367877 0.0256571
0.367963 0.0256571
0.367991 0.0232586
0.36812 0.0280516
0.367974 0.0136844
0.368364 0.0280399
0.368565 0.0376024
0.36865 0.0376024
0.368633 0.0328289
0.368718 0.0352137
0.368788 0.0328308
0.368699 0.023307
0.368898 0.0304441
0.368982 0.028067
0.368966 0.0256918
0.368963 0.018572
0.369032 0.0209434
0.369158 0.0280517
0.369142 0.0185815
0.369481 0.0280441
0.36955 0.0327716
0.369547 0.0280479
0.369573 0.0256879
0.369782 0.028046
0.369893 0.0351147
0.369676 0.0186343
0.369787 0.0209868
0.370081 0.0350903
0.370149 0.0327416
0.370314 0.0350884
0.370339 0.0350884
0.370334 0.0327453
0.370359 0.0280627
0.370397 0.0233839
0.370422 0.0233839
0.370417 0.0233839
0.370526 0.02105
0.370606 0.02105
0.370756 0.0257104
0.370709 0.023382
0.37065 0.0117492
0.370938 0.0210482
0.370962 0.0210482
0.371082 0.0233693
0.371148 0.0233693
0.371435 0.0326392
0.371583 0.0395863
0.371494 0.0326446
0.371684 0.0372688
0.371761 0.0372688
0.371701 0.0303433
0.371819 0.03265
0.371884 0.03265
0.372002 0.0349532
0.371942 0.0280491
0.371977 0.0280491
0.372 0.0234536
0.372323 0.0372297
0.372305 0.0326412
0.372215 0.0234712
0.372279 0.0234712
0.372436 0.0280492
0.3725 0.0280492
0.372779 0.0326201
0.372761 0.0349038
0.372917 0.0394677
0.372898 0.0349073
0.37289 0.0280718
0.373116 0.0394555
0.373108 0.0371805
0.37313 0.032634
0.373163 0.0258193
0.373225 0.030359
0.373217 0.0280909
0.373117 0.0167589
0.37319 0.0144943
0.373293 0.0190202
0.373366 0.0190202
0.373387 0.0167607
0.373621 0.0212763
0.373763 0.0303009
0.373834 0.0303009
0.373855 0.0280481
0.374087 0.0370523
0.374108 0.034803
0.373979 0.0258123
0.37408 0.0258123
0.374151 0.0213236
0.374291 0.0302942
0.374442 0.0325352
0.374542 0.0370137
0.374572 0.0370137
0.374433 0.023598
0.374504 0.023598
0.374643 0.0280633
0.374713 0.0258323
0.374891 0.0347496
0.375079 0.039205
0.375099 0.039205
0.375049 0.0325318
0.37499 0.0258636
0.37498 0.0258636
0.375039 0.0214246
0.375108 0.0214246
0.375403 0.0347218
0.375314 0.0280781
0.375373 0.0258652
0.375362 0.0192312
0.375421 0.0214409
0.375645 0.0280652
0.375586 0.0236522
0.375771 0.0302668
0.375906 0.0346733
0.375818 0.0236651
0.375759 0.019265
0.375942 0.0236619
0.376117 0.0324493
0.376028 0.0258635
0.37624 0.0324445
0.376307 0.0346366
0.37617 0.0214936
0.376314 0.0280603
0.376371 0.025873
0.376398 0.025873
0.376416 0.0215047
0.376482 0.0236873
0.376654 0.0280493
0.376681 0.021511
0.376775 0.0280446
0.376764 0.023692
0.37705 0.0367405
0.377114 0.0345673
0.377017 0.0280524
0.377273 0.0389029
0.37729 0.0367343
0.377164 0.0258994
0.377257 0.0280648
0.377245 0.0215731
0.377224 0.0194107
0.377364 0.0258932
0.377381 0.0215746
0.377559 0.0258901
0.377576 0.0258901
0.377677 0.0280448
0.377769 0.030198
0.377832 0.0323497
0.377925 0.0323497
0.378025 0.0344983
0.378004 0.0302041
0.378029 0.0280585
0.378158 0.0323467
0.378032 0.0194912
0.378199 0.0280555
0.378336 0.0301951
0.37824 0.0237808
0.378152 0.0195077
0.378318 0.0216428
0.378454 0.02591
0.378507 0.02591
0.378606 0.0280406
0.378771 0.0344279
0.37872 0.0301727
0.378773 0.0280465
0.378983 0.0344205
0.378924 0.0301741
0.378947 0.0301741
0.379074 0.0322944
0.379023 0.0280568
0.379002 0.0217048
0.379284 0.0280524
0.379373 0.03651
0.37958 0.038623
0.379595 0.0428459
0.379765 0.047066
0.379816 0.0491746
0.379692 0.0407461
0.37956 0.028112
0.379582 0.019695
0.37967 0.0281062
0.379729 0.0281062
0.37989 0.0344059
0.380058 0.0448983
0.380036 0.0365102
0.380058 0.0365102
0.380036 0.0302276
0.380022 0.0239493
0.380145 0.0302233
0.380312 0.0302233
0.380181 0.0260463
0.380276 0.0260463
0.380507 0.0385603
0.38042 0.0323076
0.380434 0.0281419
0.380383 0.023979
0.380397 0.019819
0.380599 0.0281334
0.380757 0.0343651
0.38067 0.0281376
0.380683 0.0239888
0.380812 0.0281349
0.380718 0.0198483
0.38099 0.03434
0.381147 0.0384777
0.380917 0.0260729
0.38093 0.0198747
0.381129 0.0240041
0.381071 0.0219408
0.381127 0.0219408
0.381141 0.0198802
0.381303 0.028117
0.381317 0.0240013
0.381585 0.03634
0.381492 0.0281197
0.381618 0.0322271
0.38156 0.0260701
0.381509 0.0199171
0.381593 0.0219667
0.381683 0.0219667
0.381802 0.0281075
0.381821 0.0260619
0.381869 0.0260619
0.381889 0.0240191
0.382007 0.0281021
0.382096 0.0281021
0.382144 0.0301409
0.382128 0.0260659
0.382175 0.0260659
0.382299 0.0281008
0.382487 0.0382682
0.38254 0.0403003
0.382517 0.0342079
0.38271 0.0402963
0.382653 0.03624
0.382531 0.0301595
0.382439 0.0180064
0.382666 0.0281274
0.382748 0.0301502
0.382766 0.0281287
0.382917 0.0341894
0.382726 0.0200568
0.382842 0.0240921
0.383068 0.0301411
0.38301 0.0281261
0.383028 0.0281261
0.383178 0.0321509
0.383126 0.0281287
0.383138 0.024109
0.383293 0.0301346
0.383373 0.0321418
0.383425 0.0281299
0.383402 0.0281299
0.38335 0.0181132
0.383431 0.0241194
0.383585 0.0301217
0.383493 0.0221237
0.383613 0.024122
0.383726 0.0301128
0.383743 0.0241258
0.383788 0.0281146
0.383941 0.0340939
0.384123 0.0420612
0.384173 0.0380801
0.384116 0.0360908
0.38403 0.0321147
0.383905 0.0182073
0.384023 0.0221783
0.384034 0.0201941
0.384219 0.0261431
0.384332 0.0320883
0.384415 0.0320883
0.384392 0.030109
0.384441 0.0281311
0.384519 0.0320845
0.384602 0.0320845
0.384545 0.0281361
0.384595 0.030109
0.384605 0.0261655
0.384688 0.0301066
0.384765 0.0301066
0.384847 0.0301066
0.385059 0.0419074
0.385007 0.0360107
0.38495 0.0301177
0.384998 0.0320808
0.385042 0.0301189
0.385057 0.0320795
0.385067 0.0262012
