0.44068 1.15956
0.440889 1.16486
0.441047 1.17811
0.441086 1.17811
0.441095 1.18075
0.441182 1.18604
0.441092 1.18076
0.44108 1.17812
0.44104 1.17812
0.440979 1.17286
0.441037 1.17811
0.440976 1.17286
0.440591 1.15449
0.440679 1.15711
0.440688 1.15973
0.440775 1.16235
0.440833 1.16758
0.440871 1.16758
0.440733 1.16236
0.440625 1.15714
0.440537 1.15193
0.440526 1.15193
0.440584 1.15453
0.440622 1.16233
0.440534 1.15194
0.440524 1.14935
0.440533 1.15194
0.440812 1.16747
0.440773 1.16489
0.440907 1.17264
0.441012 1.1778
0.440712 1.15975
0.440721 1.16232
0.440614 1.15717
0.440624 1.15717
0.440469 1.15203
0.440718 1.1623
0.440612 1.15461
0.440525 1.15204
0.44061 1.15717
0.440619 1.15717
0.440704 1.15972
0.44076 1.16483
0.440655 1.16228
0.440711 1.16228
0.440653 1.15973
0.440662 1.15973
0.44084 1.16736
0.440896 1.17244
0.440697 1.15975
0.440753 1.16482
0.440789 1.16736
0.440798 1.16736
0.440835 1.16989
0.440796 1.16736
0.440926 1.17241
0.440888 1.17241
0.440831 1.16989
0.440886 1.17241
0.440829 1.16737
0.440744 1.16486
0.44078 1.16486
0.440742 1.16486
0.440732 1.16737
0.440833 1.16987
0.440777 1.16487
0.440693 1.16237
0.440729 1.16237
0.440599 1.15737
0.440543 1.15987
0.44046 1.1499
0.44045 1.1499
0.440459 1.1499
0.440449 1.14741
0.440366 1.14492
0.440356 1.13996
0.440228 1.13748
0.440173 1.13253
0.440273 1.13995
0.440264 1.13995
0.440182 1.13501
0.440127 1.13007
0.440227 1.13747
0.440082 1.13254
0.440136 1.13254
0.440307 1.14239
0.440271 1.13993
0.440307 1.13747
0.44036 1.14483
0.440306 1.14238
0.440225 1.13748
0.440215 1.13748
0.440135 1.13259
0.440081 1.1277
0.440045 1.1277
0.440036 1.12526
0.440089 1.13013
0.440125 1.13501
0.440134 1.13257
0.439991 1.12284
0.439911 1.12041
0.440036 1.12527
0.440177 1.13498
0.440434 1.1471
0.44031 1.14225
0.4403 1.13983
0.440177 1.135
0.440256 1.13741
0.440176 1.135
0.440167 1.13741
0.44022 1.13741
0.440518 1.14945
0.440482 1.15186
0.440604 1.15667
0.440569 1.15667
0.440472 1.14946
0.440349 1.14467
0.440209 1.13508
0.440305 1.14227
0.440035 1.12552
0.440043 1.12791
0.439731 1.1088
0.439783 1.11357
0.439905 1.11596
0.43987 1.11834
0.439689 1.11358
0.439698 1.10882
0.439646 1.10644
0.439698 1.10882
0.43969 1.11119
0.439656 1.10645
0.439519 1.09934
0.439399 1.09224
0.439177 1.07804
0.439143 1.07804
0.439093 1.07568
0.439188 1.0804
0.439052 1.07333
0.439062 1.07333
0.439182 1.07568
0.439106 1.07568
0.438972 1.06863
0.439023 1.07098
0.439143 1.08037
0.439195 1.08037
0.439399 1.09208
0.439535 1.09911
0.439443 1.09443
0.439451 1.09443
0.439402 1.08976
0.439368 1.08976
0.439445 1.08976
0.439454 1.09442
0.43953 1.09907
0.439413 1.09209
0.439489 1.09674
0.439414 1.0921
0.439532 1.10138
0.439457 1.09442
0.439575 1.10138
0.439708 1.10832
0.439908 1.11758
0.439875 1.11758
0.440116 1.13375
0.440041 1.12682
0.440033 1.12913
0.440041 1.12683
0.440199 1.13834
0.440207 1.13604
0.440198 1.13604
0.440247 1.13834
0.440115 1.13375
0.440206 1.13604
0.440362 1.14292
0.44037 1.14521
0.440238 1.14063
0.440287 1.14063
0.440196 1.13606
0.440245 1.13834
0.440155 1.13378
0.44 1.12466
0.440196 1.13149
0.440163 1.13377
0.440114 1.13377
0.44 1.12468
0.440276 1.14058
0.440122 1.1315
0.440194 1.13377
0.440283 1.14057
0.440275 1.13604
0.440364 1.14509
0.440436 1.15187
0.440323 1.14283
0.440395 1.14961
0.440483 1.15186
0.440555 1.15637
0.440482 1.15187
0.440594 1.15862
0.440521 1.15412
0.440633 1.15862
0.44052 1.15413
0.440471 1.14964
0.440359 1.14515
0.440271 1.14515
0.440239 1.13843
0.440271 1.14067
0.440278 1.14067
0.440389 1.14737
0.440357 1.14514
0.440309 1.14291
0.440238 1.13845
0.440309 1.14068
0.440198 1.13623
0.440032 1.12733
0.44 1.12511
0.439992 1.12289
0.439882 1.11845
0.439874 1.11623
0.439882 1.11845
0.439874 1.12066
0.439882 1.11845
0.439953 1.12287
0.439883 1.11845
0.439719 1.11183
0.439844 1.11624
0.439914 1.12065
0.44 1.12506
0.440226 1.13386
0.440117 1.13166
0.44007 1.12946
0.439961 1.12287
0.439992 1.12287
0.439845 1.11629
0.439954 1.11848
0.440039 1.12725
0.439876 1.11849
0.439923 1.12068
0.439915 1.12068
0.439923 1.12068
0.439915 1.11631
0.439923 1.12067
0.439915 1.12285
0.440038 1.12721
0.440107 1.12939
0.440115 1.13156
0.440107 1.13373
0.440115 1.13156
0.440107 1.13156
0.440115 1.13156
0.440107 1.1359
0.440229 1.13806
0.440297 1.13806
0.440456 1.15104
0.44041 1.15104
0.440304 1.1424
0.440144 1.13593
0.440114 1.13161
0.439955 1.1273
0.44 1.12515
0.44003 1.12945
0.440075 1.12945
0.440068 1.1316
0.439962 1.12301
0.440068 1.12731
0.44 1.12516
0.439917 1.12302
0.44 1.12516
0.43973 1.11446
0.439663 1.10591
0.439693 1.11232
0.439664 1.10591
0.439507 1.09951
0.439478 1.09525
0.439583 1.10164
0.43959 1.10164
0.439546 1.09739
0.439628 1.10376
0.439807 1.11226
0.439889 1.11863
0.43977 1.11015
0.439704 1.10803
0.439549 1.09955
0.43963 1.10378
0.43966 1.11013
0.439631 1.10379
0.439587 1.10168
0.439632 1.10379
0.439478 1.09746
0.439522 1.09746
0.439515 1.09324
0.439413 1.09114
0.439479 1.09114
0.439341 1.08693
0.439188 1.08063
0.439305 1.08483
0.439226 1.08063
0.43938 1.08902
0.439446 1.09111
0.439454 1.09321
0.439338 1.08902
0.439382 1.08902
0.439484 1.0932
0.439419 1.09111
0.439485 1.09738
0.439601 1.10155
0.439595 1.10363
0.439602 1.10155
0.439559 1.09739
0.439603 1.10155
0.43956 1.09947
0.439495 1.09531
0.439597 1.09946
0.43964 1.10361
0.439669 1.10154
0.439605 1.10154
0.439634 1.10568
0.439677 1.10568
0.439671 1.10775
0.439857 1.11601
0.43985 1.11188
0.43975 1.10982
0.439814 1.11394
0.439822 1.11394
0.440064 1.1263
0.440178 1.13453
0.440206 1.13659
0.440213 1.13659
0.440206 1.13659
0.440248 1.13864
0.440383 1.14479
0.440283 1.14069
0.44024 1.13864
0.440177 1.13455
0.44024 1.1366
0.440247 1.13864
0.440134 1.13455
0.440176 1.13455
0.440134 1.13251
0.440316 1.14271
0.440274 1.14271
0.440246 1.13864
0.440168 1.13457
0.44014 1.13253
0.440273 1.13863
0.44021 1.1366
0.440272 1.14066
0.440279 1.14066
0.440342 1.14268
0.440348 1.14471
0.440411 1.14471
0.440452 1.15078
0.440584 1.15684
0.440764 1.16896
0.440652 1.16493
0.440624 1.16089
0.44072 1.16896
0.44083 1.17299
0.440926 1.175
0.440898 1.17701
0.441063 1.18104
0.440966 1.18104
0.440889 1.17702
0.440792 1.171
0.440715 1.16899
0.440756 1.16899
0.440577 1.16098
0.440755 1.16899
0.440953 1.17899
0.440925 1.17899
0.44102 1.18099
0.441094 1.18898
0.441154 1.19297
0.441126 1.19097
0.441152 1.19097
0.441227 1.19695
0.441184 1.19496
0.441224 1.19695
0.441182 1.19496
0.441053 1.18701
0.441011 1.18503
0.440949 1.18106
0.441145 1.19097
0.441151 1.19295
0.441244 1.1989
0.44125 1.1989
0.441242 1.1989
0.441248 1.1989
0.441139 1.19297
0.441145 1.19297
0.441171 1.19692
0.441277 1.20086
0.441202 1.19889
0.441208 1.19692
0.441267 1.20282
0.441374 1.20676
0.441399 1.20872
0.441505 1.21462
0.441363 1.21069
0.441569 1.21854
0.441561 1.21658
0.441467 1.21266
