1.03735
1.99228
1.4278
1.1931
1.71385
2.0582
1.59505
1.58118
1.38935
1.40628
1.45912
2.16027
1.29378
1.04378
1.7468
1.65755
1.41941
2.32635
1.53617
1.4819
1.77076
2.28739
1.39436
1.83899
1.72185
2.35379
1.68924
1.48535
1.70104
1.36481
1.93995
1.28005
1.76613
2.29643
1.61249
1.73057
1.3011
1.98671
2.14214
2.99865
1.75038
2.64932
1.38771
2.29351
0.759507
2.27038
1.85245
1.26321
0.924133
0.894715
1.66244
1.86797
2.54092
1.88261
1.39786
1.1917
1.24814
1.70856
0.777761
1.49712
1.98589
0.886335
1.57796
2.00744
1.15752
1.23235
1.13302
2.0544
1.88414
1.51651
1.4524
1.23224
1.81025
1.16435
1.78009
1.99474
1.50499
0.973954
0.862282
1.64257
1.56896
1.48199
2.97917
2.11595
1.06331
1.07439
1.52962
1.21676
1.36616
1.30788
1.35088
1.07527
1.55513
1.54808
2.45626
1.48146
1.19688
1.43383
1.51542
1.30735
2.08099
2.44571
2.14134
0.697959
1.16482
0.673259
2.34421
1.27155
1.41247
2.16324
1.37511
1.35482
0.929899
1.92995
1.65044
1.76164
2.61127
1.93402
1.54608
1.68842
2.13059
1.3769
1.47887
1.50397
1.91232
1.29637
2.82833
2.46129
1.64851
1.22417
1.62153
1.25635
2.0128
1.99499
1.24217
2.66654
2.01228
1.68391
1.3827
1.3827
1.00931
1.21988
1.04745
1.27661
1.39012
1.17561
1.56906
2.13818
1.86397
1.88687
1.08679
1.5894
1.76118
1.63052
2.26965
0.999671
0.819632
1.22583
1.84869
1.42341
1.67239
1.21508
1.28312
1.27951
2.65703
1.77636
1.40651
1.71468
1.45362
1.84741
1.55001
2.10893
1.84603
1.74657
2.08359
1.58406
1.12491
1.86099
2.35209
2.41971
1.51107
2.47395
1.95058
1.84025
2.26129
1.96549
1.27901
2.84339
1.49242
1.72384
1.56556
1.10571
1.13218
1.40925
1.50033
2.08045
1.65246
1.08609
2.23778
1.02246
1.64312
1.47595
1.91309
2.2635
2.38931
1.30648
1.72219
1.05152
1.41768
1.73641
1.31209
0.994805
1.50296
1.40372
2.11896
1.19591
1.19712
2.16925
0.875799
2.206
1.26529
1.04457
1.92346
2.0326
1.36276
1.92482
1.64167
1.63269
0.874754
1.01055
1.68478
2.01322
1.59305
1.2336
1.30738
2.22659
0.938823
2.76226
2.4356
1.83311
2.02286
2.10405
1.45899
1.12397
2.20022
1.29199
1.03471
1.31475
1.40917
1.08337
1.89785
1.89785
1.8336
1.97122
1.39501
1.73492
1.37534
1.84936
1.3965
1.68858
1.18947
1.80577
0.931465
2.12878
1.17211
1.77965
1.51091
1.49211
0.715006
1.66022
1.83032
1.8655
0.697349
1.4331
1.65688
1.7111
1.45199
1.60806
1.16315
1.38864
1.42096
2.13971
1.45712
1.2385
1.32084
2.22443
2.46648
1.3916
2.79292
1.05036
2.10581
1.08643
1.42054
1.65862
1.73037
1.0655
1.75972
0.855981
1.46732
1.98545
1.02084
1.40257
1.71179
1.93171
2.49647
2.2019
1.56149
2.03275
1.75489
2.21024
1.16059
1.92213
1.41137
1.56715
1.56715
1.66757
1.83885
2.10412
2.00327
0.885793
0.778463
1.80615
1.63759
1.11126
1.25792
0.912135
2.06576
2.02157
1.473
1.89694
1.49575
1.84065
0.748553
0.958561
1.97554
1.10244
1.69163
1.73754
2.03013
2.30867
1.59777
1.30271
1.59094
1.64045
1.06873
1.0449
1.12357
2.16459
1.06385
1.18394
1.36632
1.4391
1.83656
1.29611
2.05129
1.6346
2.2405
3.01382
1.96908
2.82463
1.23114
1.78029
2.02209
1.28476
1.0502
1.80057
1.50486
1.52669
1.84923
2.66468
1.21289
1.55719
1.26408
2.3285
2.3325
0.966034
0.949163
2.66267
2.25857
1.82695
1.32649
1.16985
0.925978
1.10906
1.4158
1.55284
2.06725
0.988103
2.28689
1.00913
2.9108
1.95377
1.84709
1.20608
2.1854
1.14222
1.92786
1.31735
1.91122
1.76555
1.45392
1.46033
1.81951
2.20181
1.83972
2.46213
1.89281
1.60073
1.35029
1.42123
2.26083
2.81181
1.89369
1.85927
1.514
2.32766
1.53597
1.48833
1.11544
1.92154
1.99742
1.49752
1.59601
1.33144
1.4463
1.42662
3.11763
2.03696
1.00466
1.41116
2.56064
0.704103
1.59676
1.43926
1.24596
2.11986
2.26442
1.47279
1.12517
1.19636
1.7097
1.61844
1.94146
2.19819
1.91048
1.25067
2.00256
1.96597
1.43321
1.55484
1.42467
2.08565
1.98759
1.44461
2.16799
1.76067
1.44038
1.34947
1.66933
1.04063
1.26401
1.25028
0.82346
1.66453
1.45789
1.91843
1.53953
2.01671
1.83332
1.73006
2.09634
1.56919
0.960007
1.01517
1.00849
1.53023
1.87286
1.80125
2.08218
1.81009
1.61058
2.40725
2.1343
1.27869
1.12654
1.46036
1.20169
1.88989
1.43128
1.51177
1.39352
2.34354
1.86266
0.838768
1.39611
2.63637
1.76447
2.19531
1.78181
2.07986
1.69926
1.73333
1.60261
2.12411
0.964165
1.79392
1.13156
2.07671
1.45775
1.77542
1.94346
1.0082
2.33111
1.1128
1.38275
1.63043
1.74354
1.73481
1.50886
1.66826
1.80745
2.09315
1.25018
2.08676
1.41951
1.09825
2.51377
1.80154
0.971043
1.77483
1.22355
1.9207
2.51405
0.903061
1.23457
1.37846
2.61337
2.23714
1.91682
1.81062
1.30733
1.20538
1.36816
1.34677
1.40471
1.98755
1.26583
2.26758
2.00163
2.08871
0.950978
1.75604
1.517
2.22064
1.33654
1.01706
1.50086
0.945176
1.58004
1.19549
1.58911
1.47069
1.33882
1.34151
1.62788
1.36262
1.5109
1.48919
1.3798
1.33649
1.09514
1.29647
2.64502
1.08542
1.37569
1.24955
1.79843
0.859319
1.67546
2.02701
1.4501
1.60778
1.14862
1.06085
0.873581
1.14361
1.74663
1.26857
1.14767
1.23588
1.58885
0.828914
1.12867
1.21668
1.25484
2.18926
2.12984
1.33263
1.4218
1.77265
2.15236
1.74816
2.17479
1.49975
1.48461
2.18059
1.3575
1.75176
1.64645
1.72574
1.55584
1.32148
1.06395
1.23915
2.57904
2.73134
1.46077
1.3038
2.47338
1.98771
1.48658
1.97528
1.27732
1.50106
1.56484
2.08942
1.84056
1.55715
2.00407
1.01051
1.44702
1.5481
1.44129
2.45266
1.62179
2.01381
1.19686
1.46441
2.18314
0.916748
2.06967
1.1696
1.4158
1.21195
1.45708
1.54559
2.72193
1.90807
2.3956
0.920746
2.0016
1.97842
1.7361
1.55641
1.36882
1.38439
1.1977
1.69519
1.79856
1.86088
2.00273
0.94504
2.73579
1.23195
1.69981
1.36105
1.76528
1.99292
2.39244
0.891822
1.7445
1.4095
1.52134
2.09708
1.40403
2.1887
2.21311
2.45532
2.14774
0.909567
1.6013
3.05348
1.04443
1.44062
2.11577
2.10394
1.27815
1.9357
1.87516
2.39269
1.40592
0.958408
1.42495
2.41233
1.57675
2.55479
2.03379
3.03571
1.68048
1.44616
2.00329
1.1037
1.06312
2.17933
1.96048
1.66835
1.37756
1.70031
1.50512
1.52346
1.2141
2.15726
1.38148
1.76282
1.13609
1.99831
1.754
1.80032
1.71137
1.48274
1.92283
2.19527
1.45575
1.27569
2.08489
1.21173
1.1819
2.07719
1.75164
2.08518
1.70013
1.51366
2.89705
1.34981
1.55206
1.0898
1.81384
2.14247
2.45707
1.91451
2.23394
1.22051
1.62428
2.22407
1.00227
1.35262
1.28446
1.56511
2.14772
1.41322
1.88806
1.26463
1.23673
1.11453
1.88732
1.06673
1.18607
1.92636
1.36956
2.28638
1.96132
1.17753
1.86726
1.30317
1.59676
0.886509
1.34421
1.42893
2.00125
1.61435
2.29012
1.57737
1.58523
1.77765
2.01305
1.50717
1.731
0.951751
2.16059
1.5813
0.935429
2.51436
1.03661
1.12755
1.61829
1.86089
1.29346
1.25836
1.54983
2.48723
1.58622
2.4581
1.41917
1.90786
1.91815
1.60329
1.70668
1.25667
1.19357
1.88704
1.76504
1.8132
1.25872
0.830313
1.74708
1.56516
2.1635
1.79169
1.579
0.732395
1.89435
2.19254
1.87686
2.14383
1.0747
1.46979
1.6149
1.43164
2.12134
2.96032
1.76498
1.80192
1.79772
1.33363
1.37536
1.76879
1.2393
1.8992
2.13248
2.11418
1.46406
2.27937
1.54803
1.90388
1.5216
1.926
1.24029
1.79161
1.33297
1.40012
2.89292
2.16973
2.15621
1.48721
1.85252
2.39509
1.77305
1.23011
1.7137
1.82238
1.30021
1.80562
2.22233
1.55195
1.07563
1.54303
0.70458
1.26878
1.72998
2.1137
1.47239
1.00497
0.919941
2.6646
1.43659
1.03167
1.44746
2.10911
1.56904
1.34731
1.2322
1.42219
1.06688
1.52815
1.36556
2.29006
1.47264
0.926827
1.1773
2.23637
2.26155
1.59841
0.695059
1.92936
2.37685
0.924602
2.48286
2.21393
1.86017
1.47963
1.2402
1.52606
2.76566
1.37694
2.21405
2.23854
1.22369
1.30421
2.72112
2.03297
2.98149
2.40316
0.961958
3.19121
0.857646
1.70197
1.14388
1.14634
1.49161
1.24002
2.00729
1.83933
0.775475
1.95866
2.37005
1.10227
1.07371
1.75153
1.72742
1.08907
1.48082
1.0442
2.17369
3.04101
1.09415
1.59159
2.10998
1.95642
2.4448
1.95131
1.1642
1.0554
1.07687
1.46953
2.58588
1.58142
1.84215
1.29443
2.24747
1.9968
1.9758
1.50399
1.75793
1.247
1.2458
1.52885
1.67735
2.52015
1.31945
1.33659
2.92048
1.97538
1.5755
1.6167
2.01157
1.76027
1.40711
1.04446
1.4093
1.29937
1.28698
1.82236
1.2588
1.74207
1.54469
1.05982
2.06709
2.02473
0.888579
1.19926
2.03143
2.08457
1.56248
0.92724
1.04008
1.53347
2.09803
2.33607
2.80686
1.34041
2.21248
2.20115
1.05999
1.66628
1.33461
1.86476
1.7247
1.68353
1.7146
1.51284
2.52148
1.07187
0.936026
1.05534
1.81149
1.32932
2.14123
1.36864
0.959685
1.25687
