4.51829 -1.6202
2.37817 -2.01342
-4.92452 -4.52786
-1.17144 -2.04855
2.45889 -4.05127
3.21768 -1.92017
-1.03831 2.76323
2.13272 0.684798
-0.00154561 -0.626021
6.64044 -2.55801
3.41594 -1.35268
1.81543 -1.1472
0.913389 0.580224
-3.84703 -0.786337
-0.508981 -1.31814
1.97272 -1.20181
0.467679 -0.500712
-1.24684 0.410334
-3.561 -3.25915
0.802059 -1.19322
-4.83068 -0.584264
5.25874 -4.52071
5.85419 -0.41866
1.9747 -5.09594
3.44736 0.137015
-1.45742 -5.00261
-0.64615 -0.159353
4.53076 -2.63835
1.09157 -0.935012
3.23166 -2.29885
1.90592 -2.70433
-3.37991 -0.171943
6.69366 -0.274778
2.56062 -2.56197
-3.7988 -1.17663
0.122153 -3.5714
-2.854 -1.49187
5.13322 -1.15804
3.04454 -0.541275
5.89858 -1.80306
-0.515389 -3.88664
7.64359 -4.90279
3.22085 -0.741329
-1.42057 -1.23747
2.42984 -3.02167
11.3238 1.3581
0.706253 1.79683
1.16935 0.085305
-5.46336 -2.08444
3.68398 -0.681313
4.64418 -2.58421
6.59577 0.368062
0.0157576 0.0257729
-1.24768 -1.477
2.67694 -3.40199
-0.258259 0.0742159
3.65244 -4.27215
-1.51259 -1.80733
0.245108 -2.21663
1.45193 -1.55588
2.17596 -1.60752
8.27105 -0.0559756
4.10769 -1.63901
-1.06495 -2.47134
0.906136 -2.30542
2.63325 -0.47976
1.61276 -1.00239
3.27087 1.54557
2.79503 -1.79447
8.41469 -2.23129
1.57781 -0.261032
7.67368 -4.25645
0.782431 -1.02389
-0.0482701 -1.29326
6.048 -0.166966
0.520049 -2.25316
-3.37225 -0.802952
5.26797 -1.71125
3.97081 1.59223
2.26818 -1.85191
-2.95708 -0.960224
1.81099 -1.95736
4.52935 -2.48406
-3.38419 -1.56418
0.265941 -2.73627
1.87728 -1.92223
8.27027 -1.11465
6.98664 -3.30882
4.46995 -3.07755
-0.745026 -2.33817
0.106665 -1.20641
3.73012 -0.947575
5.30278 -2.39664
-2.3755 -3.17908
4.69164 -2.74964
4.13632 -5.4567
2.69078 -3.84442
0.834365 0.4649
-4.97763 -3.7003
2.81355 -1.51068
0.639027 1.09706
2.88847 -1.25986
7.34486 -2.65349
-2.62524 -0.357252
-1.44553 -4.5117
5.67839 -2.02653
2.8712 -1.04028
2.33077 -2.39886
-2.15945 3.30281
-0.0894749 -0.357661
1.1672 -2.62104
-4.33921 -2.16119
-1.08812 -1.50479
-1.12314 -3.68247
2.70281 -1.17061
2.31116 0.325262
1.29689 0.965628
2.52191 -1.56243
-0.256252 -4.11753
1.42529 -2.19271
0.721727 0.965318
3.6335 -0.809232
-4.43606 0.184861
3.34577 0.160382
4.13652 -2.6194
1.4594 -0.299199
3.7763 -1.64632
3.55731 -3.81098
3.45624 -5.77188
2.42324 -1.88164
5.38582 -1.58216
3.6132 0.651988
2.23139 -4.04658
1.71884 -0.576213
4.04022 -1.60793
0.0381356 -3.65713
3.54728 -1.44074
6.48836 -2.12301
-0.31026 -0.587306
5.53677 -1.61785
6.00513 0.109836
4.83711 0.00227313
5.85292 -0.860164
2.01906 -1.76775
-0.317834 -1.93467
9.54428 -1.48267
1.69895 -1.35738
-2.33107 -0.705153
-0.423331 -2.44644
3.44011 -2.19343
-0.572228 -2.96126
0.310971 -1.83794
3.16465 -1.02478
-3.44979 -0.0673283
0.956215 -3.32318
3.27636 -2.52196
4.94751 -2.30385
-0.766487 -1.40029
0.467129 0.998562
4.29134 -1.13436
-0.929334 -1.28568
-3.94713 -1.29734
5.05035 -0.432543
10.3359 -2.35493
0.398696 -0.994876
5.95399 -2.81631
3.60816 -1.62658
4.77173 -1.152
-1.15836 -2.61228
-1.8085 1.06825
1.80603 -1.76232
1.93582 -1.40422
5.51223 -4.70967
9.84681 -2.74309
8.39044 0.91062
3.76093 -1.3795
3.64494 -0.441858
4.15476 -0.478674
-16.8217 -0.795995
-0.35887 -0.716269
2.26628 -2.99173
2.33464 -2.42344
2.54661 -3.93606
0.941124 0.285182
7.35256 -0.482402
5.10849 -0.971079
3.00698 -1.64229
4.20315 -0.357742
3.88709 -4.1914
3.74088 -1.36767
2.64324 1.20736
1.93483 -0.449848
4.36311 -4.75657
8.24188 0.0354747
1.66656 -1.98457
-0.0976848 -3.14305
-0.21012 -4.54312
0.455279 -1.30595
5.20252 -1.92955
-0.66915 -4.65249
2.75391 0.291443
-3.46688 4.48676
3.48423 0.427078
4.36704 -0.0831088
3.30179 -3.11242
0.450344 -7.34537
-0.281038 -0.726561
0.284835 -2.02849
12.2302 0.204729
8.93113 -4.71855
-0.149496 -1.1255
1.50536 1.84004
6.24601 -1.6915
-5.85048 -1.46616
2.3214 1.38378
2.93318 -0.136116
3.75423 1.15715
-5.38937 -4.09208
0.0483939 -1.58789
4.64395 -2.635
-1.37379 -3.26272
5.63186 -1.07511
0.947083 -3.98068
0.403318 -0.999856
-5.71165 -3.82938
6.14946 0.0974688
7.78831 -2.32275
5.85872 -1.00196
2.57422 -3.6578
6.25788 -3.73163
1.42584 -1.7148
0.577664 -2.09379
3.44464 -3.19565
2.20583 -1.64484
-3.23606 -1.64441
8.4536 0.221243
6.68718 -3.04996
1.97234 -3.80687
1.09108 -1.24368
0.160884 -1.878
2.11398 -2.65102
3.26313 -0.00367345
3.62402 1.6019
6.91 -3.55879
0.562492 0.830565
3.22494 -2.24973
4.66983 -1.48472
3.55523 -1.79704
1.65778 -3.22138
6.7298 -1.7189
3.22259 2.45348
1.8608 -2.12113
5.68264 1.81639
7.87558 -0.6011
-7.37423 0.0811788
4.1756 -1.93499
5.72504 -1.32573
1.78843 -2.06033
1.22833 -0.103703
4.18147 -1.03615
-0.785732 -2.20367
-0.589712 1.17832
3.51294 -0.520138
0.986881 -3.75427
2.85289 -0.430836
0.703516 -2.08426
-2.0793 0.712299
4.01671 -1.88093
9.82178 -2.65268
1.67395 0.566232
6.17613 -3.39331
3.92357 -1.96148
13.0705 -0.12672
3.60935 -2.26157
0.153106 0.266058
2.91441 -3.45123
4.95784 -4.18692
0.145762 -2.47468
5.58304 -1.3621
-0.466524 -3.24654
-0.997968 -1.10142
-3.24879 2.1317
5.36604 -0.990918
2.46184 -0.802833
2.13475 -1.7407
4.06019 -1.02805
2.89033 -1.46644
1.35061 -3.26166
1.21665 1.56423
3.25081 -4.81433
6.37062 -2.13025
-0.97275 -2.85299
-1.71851 -4.71717
5.11909 -0.637393
7.73483 -0.0374149
-4.30678 -1.66032
0.129173 -1.36422
1.39674 -3.77816
-3.82315 -2.49776
3.12635 -1.61083
-1.28706 -2.09125
2.84589 -2.35902
1.82028 -3.61856
1.91472 -1.44196
5.81424 -0.457007
0.436669 -0.669837
4.78526 -2.22104
2.6263 0.0693448
3.17731 1.08449
2.20479 -1.75331
1.55624 -3.425
4.1947 -2.66284
4.98942 -1.79244
4.30712 -0.996065
-0.356525 -3.95164
1.42975 -2.41837
0.546519 0.411552
1.44341 -1.36796
6.17738 -0.218409
6.23484 -3.43779
4.46117 -2.11827
-0.607605 -2.73452
2.74978 -0.170799
5.48654 -2.57594
8.27951 -1.43378
-1.36532 -0.748719
2.32592 -2.45098
7.62786 2.53384
2.21704 -2.04221
3.2694 -0.0401841
5.69391 -1.22474
5.32101 2.20055
2.05966 -2.47
3.88425 -0.102938
0.836612 -0.910977
0.919211 -1.49353
1.36093 -2.01231
3.0628 -1.95537
8.15349 -2.66106
3.97514 -1.29934
-0.444991 0.758292
5.15121 -0.860908
1.08344 -0.494535
-4.60263 1.67273
1.29149 -0.501759
4.16884 -2.20826
-1.78352 -2.03567
0.603086 -2.56984
1.57617 -1.68647
4.07975 -3.65201
7.1928 -3.11052
3.33302 -1.11952
-3.48314 -0.930206
2.49954 0.32535
2.85906 -3.64029
2.97935 -5.02979
-5.70319 -1.52785
0.189745 -2.56168
1.58322 -0.767338
9.30591 -2.82363
-1.34963 -2.32924
1.93843 -1.45752
4.0489 -2.62041
2.44095 -0.781983
2.62897 -3.18815
3.77598 -1.83686
5.32945 -2.3299
6.61638 -1.72355
0.569289 -1.88726
3.52446 -3.43043
2.53043 -4.96237
-2.57504 -4.46155
-1.59714 -2.54511
7.29509 0.636599
5.76826 -2.6923
6.61079 -3.08685
3.64284 0.805159
7.18409 -2.7004
1.74652 -1.25383
-2.01216 -1.90585
6.59003 -3.89945
2.08161 -1.57654
-1.87773 -4.57267
1.13017 -1.5474
6.14232 -3.18123
-4.64338 -3.18187
5.16359 -2.46664
-0.385968 -0.454978
5.86756 -1.98029
7.21355 0.866476
0.0139631 -0.201325
-1.46342 -0.880606
3.97896 -3.21945
6.22263 -2.40886
3.84582 -3.97307
3.85471 -2.04536
7.35314 -0.944722
4.28972 -2.36443
0.190744 -1.96944
-0.0627417 -2.07115
0.926265 -3.67846
2.54824 -0.451648
-5.42832 -0.92496
-1.21221 0.315612
7.78212 2.9751
-2.85139 -2.03662
-0.679836 -0.231639
0.527999 -1.11708
0.992644 -1.92948
-9.601 0.355905
0.199897 -1.33816
-0.209879 -2.99449
7.1833 -1.70457
4.60105 -5.02343
2.22917 -0.501266
1.30195 -0.383929
1.57812 -4.48936
2.58266 -1.16716
1.93868 -1.26916
2.14171 -1.40246
5.50982 -4.01016
3.67401 -2.78295
3.39081 -0.149012
1.5344 -2.59351
-7.71121 -4.03318
1.23396 -3.20831
0.801992 -2.13097
-1.68678 -3.71388
3.41814 -2.15035
4.11048 -1.29118
-3.04038 -2.91694
1.97067 0.106842
-0.299729 -0.239793
-1.56889 0.689777
4.06653 -1.49501
5.17481 0.380404
-4.78002 -2.88857
1.14773 -0.200366
7.42089 -3.06311
2.36918 -0.683009
5.38721 -4.00374
6.43319 -1.83367
2.97107 -2.62263
3.09068 -0.539026
1.23545 -2.37818
-2.13089 -2.95899
-2.76057 -1.88025
-0.23565 -0.655464
6.45804 2.88304
1.99857 -2.3571
-4.85198 -2.91581
3.11112 2.38952
2.9889 -1.33668
1.72662 -3.0026
5.96033 -1.0029
-2.05403 0.866235
4.67045 -0.423751
5.48677 -1.30397
3.8443 -4.76402
2.53127 -3.46064
0.670265 -2.58104
6.2338 -2.9665
-1.31929 -4.09705
1.81385 0.963299
3.76255 -0.309086
3.75719 -1.66157
2.06091 -2.29624
2.31868 -3.60297
0.24602 -1.38743
1.21915 0.077845
-0.0650787 0.0971296
3.45138 -0.87398
-8.5938 -1.61994
4.02738 -2.25699
6.34211 -2.99519
4.63105 -3.29236
3.2304 -0.450056
4.55859 -2.11105
6.6737 -2.23968
-1.29523 -2.53773
2.14476 -1.5332
-1.72182 -0.948004
4.35518 -1.58945
2.51223 -3.47231
2.32101 -1.52596
0.241548 -2.85559
-0.327038 -2.69871
-3.25188 -4.23922
5.0442 -2.46534
5.71369 -0.194711
1.0872 -0.873709
2.71748 -1.4215
1.48744 -2.83379
3.06578 -3.03127
-2.22516 -1.95995
-0.938419 -0.651193
-2.02147 -4.0337
-3.21957 -1.96914
3.74827 -4.2585
3.33934 -1.38567
-2.22078 0.299003
5.79194 -3.49285
3.52537 -2.15515
-0.883879 -2.51114
-3.97283 -5.01962
-3.92581 -2.37677
5.78326 0.714202
1.03199 -1.29002
-2.27892 -2.14349
2.06531 -2.2363
3.13504 -0.275882
4.15751 -2.26553
-6.59384 -1.72431
-1.4464 1.68137
-0.886295 -2.08173
-6.89328 -1.79456
4.35732 0.924524
3.22548 -1.38387
1.70436 -2.06587
6.1792 -1.46722
9.97661 1.52518
5.3177 -1.80605
-0.281465 -0.756932
-2.84988 -0.00518554
2.53614 -0.883269
6.14999 -1.22805
1.34507 -4.59326
2.21076 -2.3017
-2.17395 -1.55703
4.35797 -0.894438
5.08048 1.10948
1.14309 -4.95199
2.32657 -2.07419
2.66943 -1.20169
4.74581 2.47196
6.09114 0.373172
6.13136 -2.01322
0.773456 -0.576464
0.761146 -0.910422
3.44654 -0.682576
1.11072 -0.366404
7.77313 -1.68629
0.0739005 -3.11489
10.2879 -2.99757
1.06341 -0.443962
-0.690651 -3.7923
4.65265 -1.40653
7.43679 -2.51345
-0.542513 -1.85088
4.21443 -2.35841
1.46432 -1.73153
-2.24314 -2.63103
1.25651 -1.60016
0.342688 1.681
4.34653 -4.91024
2.14747 -1.63134
-0.246739 -0.531253
6.02919 -2.66499
-3.22554 -1.35514
1.59188 -0.814884
-3.49829 -4.15555
-1.42083 1.66614
-1.70485 -2.32174
11.9589 -5.80006
1.10417 -1.71176
3.74334 -0.921455
4.0468 -1.73533
3.49109 -4.30272
-2.70827 0.771632
3.64818 -4.56171
1.43868 -1.82035
3.19866 0.339803
4.9092 -3.04761
7.13854 -3.29086
2.04624 -3.0072
-4.1051 -4.28753
-5.68221 -0.819837
4.17429 -5.81876
-0.921969 -3.2103
0.0900827 -0.625823
3.41004 -0.938361
2.74522 -3.30272
5.78895 -0.283168
4.79093 -1.00759
7.68076 1.5161
0.10152 -1.46335
0.692602 0.702947
2.49576 -2.02857
3.94222 -1.48449
-2.71183 -1.70135
6.97088 -1.50416
2.8803 -1.06197
7.50496 -2.82766
6.60776 -0.641172
9.54985 1.54965
-0.61981 -0.494004
1.75314 -1.47154
-3.05638 -1.83467
-2.50705 -3.44542
1.26035 -3.13642
0.38984 -1.40448
1.85964 -1.22755
3.80772 -1.58537
-0.4938 -3.71706
2.47151 -2.90507
3.7612 -1.16474
3.2733 -1.93051
0.152178 -3.39654
-1.35787 -0.728173
7.2036 1.16389
3.2114 -3.54443
2.66645 -2.76576
-3.60308 -2.17823
1.37226 -0.412276
0.57483 -1.11529
1.08874 -2.71725
3.59505 -0.404496
7.21737 -2.30047
-3.54371 -2.92026
-0.598953 -2.01549
1.42156 -1.81658
6.84754 -1.16536
0.680111 -2.45014
4.91647 -2.98392
1.82185 -2.45726
5.78629 -3.82183
6.47207 -2.53233
5.86956 0.990309
6.78822 -4.3417
0.647615 -2.36606
9.10113 -1.60987
-0.404602 -3.8283
-6.90088 -0.419965
6.89796 -1.23766
3.89792 -2.74432
9.86861 -0.192717
-2.86714 0.122573
-1.49827 1.32966
6.84504 1.95027
2.05084 -0.955512
1.62079 -3.25344
6.42383 -7.33871
-0.919589 -1.86276
5.58726 -0.379536
11.1241 -2.5428
7.80189 1.39417
7.02178 -1.89464
0.871168 2.29304
2.83347 -1.52639
0.492955 -1.07939
4.00977 -0.145272
1.10784 -2.96618
-1.21608 -1.38205
2.20897 -1.42324
0.813972 -3.37367
1.13364 -1.96605
2.15937 0.129169
-0.460977 -6.51199
-0.236777 -1.88812
7.2209 -3.11071
1.44361 -4.69947
9.27356 3.94218
4.15655 -0.936404
4.44587 -0.185036
2.62982 -0.113782
8.76957 -0.535937
-0.156422 0.459724
4.45215 0.859753
2.90158 -0.462894
0.74821 -1.75681
0.124627 0.432148
-3.37293 -3.34929
5.80552 -3.27776
-0.556952 -1.0083
-2.74577 -2.01464
1.78899 -2.56207
3.60089 -1.13652
2.62819 -0.655086
2.15384 -1.44281
0.75898 -1.77709
3.44136 -1.7145
2.10162 -1.94715
-2.73143 -3.29524
9.24551 -0.756572
8.32002 -3.50265
-5.21561 0.48048
2.579 -1.4965
6.81482 -2.98821
1.81744 -2.01153
4.83444 -0.757086
-2.88674 -1.25259
4.01957 -0.247712
2.17867 -2.0885
5.85853 -1.56321
1.56521 -0.185117
0.147347 -1.66896
-0.861245 -2.48197
0.902636 -1.5221
-1.1938 1.24418
-5.52546 -1.35231
2.67415 -2.25672
0.163997 -1.45249
10.0729 0.0749226
4.96897 -3.78121
5.75152 -3.37999
3.51604 -1.83984
2.79073 -1.15276
1.6426 -2.11509
2.6258 -1.49189
3.48179 -4.39327
-7.31702 -4.6237
2.05397 -2.21496
5.12713 0.262962
3.1418 -1.65305
2.48654 -1.26192
-2.08119 -1.52388
-5.67607 -3.47832
2.45978 -1.86257
4.01011 -2.35188
1.19738 -4.43408
3.18527 -2.3003
-0.555723 -1.76468
-0.949064 -1.64931
2.63912 -2.64112
6.22003 -5.35831
4.98519 -0.658454
-3.52617 -2.49166
2.19384 -1.0171
2.22932 -2.29463
0.830251 -3.31
4.86257 -2.33551
7.5797 -0.83475
8.02592 -1.83246
-3.72284 -1.60061
4.28768 -5.01333
2.41855 -1.43813
3.38851 -0.585998
-2.65107 -1.11362
3.71289 -3.01873
2.35588 -1.72565
4.46242 -1.95347
2.31615 -2.01634
3.71416 -2.38294
3.63556 -3.27208
3.00592 -1.002
2.66852 -0.977255
-1.28259 0.913877
9.07018 0.181525
3.12865 -2.00942
0.362019 -3.0785
4.35965 -1.84776
1.06241 -2.02808
0.671997 -0.362993
1.03129 -2.17375
4.55557 -1.78534
-1.79797 -1.48399
3.16054 -0.870035
8.92307 -5.52822
2.77792 -1.51211
0.23589 -1.22741
6.86744 -4.51228
6.38488 -2.44921
-2.48165 0.167946
7.18957 1.15307
1.43006 -3.39989
6.26572 -2.20013
5.9959 -2.87835
4.416 -4.49593
2.24825 -1.79057
4.16921 -2.61489
2.32123 -0.384291
-1.86592 -2.69491
6.43603 -1.38582
1.87082 -1.56297
2.28913 -4.00804
-6.13105 -2.33723
-2.99162 -2.34673
2.55679 -0.149421
5.42414 -4.41031
4.40039 -0.859753
6.94111 4.38124
-0.966181 -1.07091
-0.271605 0.469325
3.7746 -0.926341
4.73317 -0.170283
3.8321 -0.56387
0.84446 -1.92503
1.94488 -4.11204
-1.16181 -2.41668
3.36706 -1.41107
2.60206 -3.97975
-1.24326 -0.664334
9.24638 -3.49521
4.65651 -1.98835
1.35413 -2.16746
-3.58392 -2.13326
-3.26488 -3.28555
2.20751 -0.907454
5.44512 -0.36008
2.94855 -3.3643
5.75879 -1.01586
-2.24628 -1.7362
-1.55856 0.534872
3.11402 0.330609
4.3516 -0.398805
3.31677 -0.131614
-0.633934 0.503258
1.00824 0.0652933
-6.72383 -4.02417
0.960505 2.28102
0.65544 -3.43728
1.24289 -0.333379
5.59368 -0.534143
5.0827 -6.27387
4.66258 -0.140385
7.93301 -1.42741
3.95801 -2.96609
-0.969816 -0.515558
5.48074 -0.300417
-0.763603 -0.14328
0.975467 -4.20331
2.87937 -2.61935
8.68872 0.473246
0.0968814 -0.43347
0.240997 -1.37458
3.82365 2.38434
-0.0270953 -2.48753
0.202563 -2.99517
1.65897 -2.54269
-0.946037 -2.88959
-2.30454 -1.49757
-0.118643 0.319251
2.7471 -1.82888
-3.21207 -4.51961
-1.31749 -3.84097
3.79761 -2.29752
3.90466 -2.03807
1.57836 3.62886
-0.607324 0.375877
3.59462 -2.78292
4.7697 -0.474044
5.53344 -2.1984
4.2744 -2.49633
7.48424 0.0974958
0.96324 -2.06024
8.59846 -3.88708
2.1482 -0.26212
-6.35732 -0.423881
2.01041 -1.45836
8.97334 -2.52556
-1.24628 -1.02097
-1.3088 -3.16371
1.00705 0.948457
-1.83167 -1.17139
3.72107 -3.24701
-0.697479 -3.8251
-5.05701 -0.185154
-2.6188 -3.25853
10.532 -3.10704
1.88913 -1.84039
5.83702 -0.493667
4.09498 -0.428564
6.21395 0.854686
5.06654 -1.46541
1.03259 -3.0612
-5.34719 -2.57547
-1.24016 -0.522939
2.43356 -0.264245
-2.70895 -1.48807
0.46098 -1.03291
-0.462277 -2.36849
0.346672 -3.1518
1.78876 0.680082
-2.68935 -2.91971
4.29281 -0.726724
3.13378 -0.210582
0.242716 -1.52586
3.79021 -0.00424941
-3.65269 -1.21398
10.2934 -1.95329
3.733 0.654283
2.45058 -1.47076
0.0692482 -1.41628
5.58806 -3.65625
3.21993 -1.14118
-1.5506 0.138464
11.3337 -2.14106
3.89824 -0.556761
-4.66038 -5.30856
0.715649 -2.70726
3.23928 -0.0533644
-3.02934 -1.33197
4.84108 -3.61521
-4.66666 -4.09567
1.9619 -3.07305
4.70024 -2.66642
2.84252 1.66592
2.18997 1.11147
1.96426 -3.55081
2.034 -2.05442
5.15659 -0.394339
-0.433215 0.796147
0.452234 -1.07319
-1.18667 -3.76793
-2.73492 0.962166
3.22837 -0.237614
4.41754 -0.164296
0.511276 -3.41802
4.84316 0.550315
0.70924 -3.74344
0.908597 -3.78218
-3.55561 -1.52295
0.506912 -0.292655
-1.10831 -0.702726
9.00221 -2.64144
3.42859 -3.58945
3.11556 -1.09223
4.47072 0.608258
10.7798 -3.6612
5.00122 -0.113455
-2.68536 -0.965605
6.8167 -0.637067
3.74991 -2.24532
8.86394 -1.81463
-2.21008 -3.51107
-2.14093 0.282906
-1.17198 -1.3903
0.69457 -2.44236
5.78489 -3.4063
-4.6981 0.523962
2.66716 0.276221
0.894011 -1.87357
-0.27206 -3.2187
1.92853 -1.03053
-3.17723 -1.68112
2.99973 -1.50525
-2.82471 -3.69288
4.95917 -1.97268
-6.66907 2.55495
-0.854217 -2.60162
4.2292 -1.78289
1.7381 -3.37604
1.4375 -0.849092
1.92517 -0.707178
3.16872 -1.76612
4.27431 -1.39115
-5.23185 -0.916479
-0.690951 -2.67882
0.0591187 -1.93451
-3.83629 -3.07624
1.99043 -4.19391
3.65045 0.286598
-0.0400196 -3.97421
4.07255 -1.49113
1.21746 -2.6284
2.62201 -0.314297
5.07855 -3.47994
3.48457 -2.24093
3.4188 -1.99232
2.54355 -0.357225
-4.57906 -0.986974
7.32274 -1.79225
3.17799 -2.18781
2.66987 -0.617588
-2.33647 -0.713439
2.6352 -2.07858
-0.0974612 -4.26642
3.63221 -1.65248
3.82777 -0.754762
-0.800657 -1.20779
0.611674 -0.235613
-5.48628 -0.334657
2.4108 0.906588
2.40063 -0.0172464
3.7817 -1.51297
5.46202 -3.10686
-1.80529 -3.56548
0.86569 -3.65695
5.70113 -2.35763
0.552976 0.350671
1.01848 -3.57059
4.72639 -3.62402
2.8059 -1.16944
9.91921 -3.3981
7.80774 -0.0137578
3.73189 -2.73712
2.96908 -0.848519
6.42191 0.179225
-3.79132 0.861517
-3.34345 -2.87335
0.169521 -0.422732
2.52523 -1.53418
1.89914 -2.14396
4.02408 -0.575699
5.70587 -0.845522
2.89398 -3.10901
-5.44891 -0.745413
-5.11706 -2.48743
3.3179 -3.4162
2.66174 -2.0448
