5.18686 -0.650927
6.823 -1.00122
6.11669 -1.4747
-4.62552 -0.777084
-4.15114 -2.693
5.31768 -1.60616
1.51701 -2.10756
-1.80139 -1.39125
4.13395 -1.15331
2.34581 -2.1665
1.55325 -0.68127
3.85153 -0.956687
-1.63812 -3.564
1.61351 -1.56724
4.93149 -0.356962
3.75161 -1.41037
-1.67339 -0.65536
-0.280079 -4.13264
-2.59274 -1.92384
-1.75396 -0.371093
0.356861 0.0399062
5.57399 -1.2134
-0.925451 -0.0131882
4.62259 -1.68559
0.740648 -1.44908
5.98933 -2.08077
3.92668 -1.2668
-0.638503 -1.74277
3.03079 -0.851098
1.41962 -1.47658
2.9877 -1.29487
0.196617 -2.70108
1.56375 -0.41126
1.28655 -1.63607
-2.62486 -2.35533
1.24408 0.167255
-1.96144 -1.19871
5.70996 -0.641037
-0.615486 -3.28182
2.49095 -3.41589
0.655166 -0.0663177
-2.76188 -0.906224
1.75532 0.0337946
3.93219 -2.26095
3.96981 -0.57738
0.771548 -0.983658
-3.38676 -0.937049
-0.860431 -1.45148
4.52712 -0.85264
1.12077 -1.93299
1.94679 -0.681121
0.644904 -1.79896
-1.18066 -2.02328
3.17093 -1.24233
6.74077 -1.42018
0.675443 -0.313325
3.19028 -0.786919
0.650696 -1.62245
5.41116 -0.481713
3.81843 -0.773659
-1.24222 -1.6359
-1.94834 -0.765782
0.767684 -3.25584
-0.311626 -1.79265
4.69462 1.25005
1.89984 -2.58595
-0.804061 1.13483
1.18324 -0.102435
-6.08248 -2.75474
3.37671 -0.656238
-4.95763 -3.29551
-2.91669 -0.838274
2.71556 -1.11789
-1.7723 -1.06818
2.89168 -0.964179
4.22522 -0.0457523
-4.09646 -1.68919
5.22406 -0.394374
-3.29677 -1.68126
3.68192 -0.790607
0.763072 -1.87817
-0.302057 -0.619194
-2.90895 -2.55061
-3.51341 -0.723317
0.0389104 -0.175967
4.21971 -1.24813
6.82153 -1.44653
-4.52245 -2.52447
-0.881292 -0.977473
2.00959 -1.25181
-1.02317 -1.59816
-0.132394 -4.05133
-1.46665 -2.5286
2.57468 -1.46669
7.75622 -1.79636
-3.90352 -1.28607
0.907627 -0.950472
-3.57653 -0.850757
-1.87918 -0.765022
2.34084 -1.68564
6.10622 -1.45083
1.79696 -1.85135
-1.29149 -1.51357
4.46144 -1.87711
-1.17262 -1.36874
4.26555 -2.0366
1.42989 -2.77111
-0.770477 -2.149
-0.196614 -3.20443
1.19499 -1.27286
0.644456 -1.8091
1.73284 -1.90945
7.78697 -1.85965
1.20579 -1.44658
1.83033 -1.5766
0.691248 -2.31163
-0.210806 -2.49409
-1.54228 -2.37072
2.58517 -1.05934
-1.73833 -2.91112
-0.0689663 -0.738412
2.56801 -0.947902
2.38798 -0.745683
5.03759 -1.79974
1.43874 -1.84447
0.10435 -3.45584
4.04277 -1.26402
0.606066 -1.95612
-1.33012 -1.12966
6.3656 -0.984539
-1.45885 -0.124574
2.98037 -0.596201
3.31756 -1.69416
1.92171 -0.494152
6.50431 -0.38813
-0.766497 -0.808286
0.244306 -1.87374
7.18631 -1.52032
0.30452 -1.33524
11.1995 -2.80645
3.98644 -1.27976
-0.322867 -1.16183
-2.31104 -3.16506
5.31811 0.0836681
-3.44704 -2.38773
0.0889015 -1.35099
6.31975 -0.596206
-5.18559 -2.71295
-1.39959 -2.78828
0.259442 -1.69887
2.41621 -1.18995
1.24903 -1.48854
-2.96818 -0.748559
-1.40126 -1.96107
-0.809873 0.0913543
3.90355 -1.11961
2.02874 -1.45801
5.3419 -0.56625
1.70658 -1.99237
-1.15259 -0.896931
3.45204 -1.55073
-2.28245 -3.58342
4.10514 -1.72312
0.167401 -1.21414
3.00531 -0.223202
-1.87345 -0.864037
0.482607 -0.38453
3.70447 -0.962616
-5.8971 -0.364612
-2.32863 -1.78485
-3.9915 -1.79733
0.420303 -2.36075
3.1958 -2.09503
-1.51972 -1.89351
6.07492 -1.68507
-2.04546 -1.27672
3.90968 -0.72412
-6.2227 0.598765
1.92241 -1.13004
-1.00839 -0.611856
-1.34055 -1.28456
10.2422 0.57116
-3.66113 -1.4839
2.20986 -0.56966
3.62582 -1.73144
3.30803 -2.44924
-3.20406 -1.99638
0.0373933 -2.50053
-2.55215 -2.5639
5.44937 -1.55869
3.69091 -3.37644
-2.17255 -2.09595
-1.7968 -2.27549
0.718616 -1.82554
1.65678 -0.526756
-5.82814 -3.77627
4.26282 -2.22186
0.237104 -1.72993
0.195715 -1.97279
-1.94503 -1.6502
1.71001 -3.39794
1.87828 -2.38293
0.515543 -0.0418287
1.51219 -1.16129
2.93703 -2.14104
-3.00812 -0.619437
0.504072 -2.58394
-0.537958 -2.30214
5.79649 -1.16168
-0.797932 1.1006
3.57789 -1.25227
1.2566 -0.89509
-2.42341 -1.16242
2.85501 -2.44105
0.1532 -2.34159
1.39033 -1.00236
4.51786 -1.03665
-3.61544 -1.31378
2.21294 -2.39425
0.441243 -2.69487
6.74982 -0.560722
2.27415 -1.86967
2.00902 -1.86812
8.33122 0.181298
0.348412 -1.93763
4.52095 -1.65901
-0.62261 -1.32272
5.28594 -2.55237
-1.4422 -2.11271
-2.22992 -1.60081
-3.67091 -1.71275
-0.685131 -0.407382
2.71915 -4.8658
-6.46624 -2.97386
4.41337 -3.04058
-5.37774 -0.155246
0.400588 0.837255
3.37645 -3.46258
0.909987 -0.98043
4.78024 -0.773527
5.00718 -0.774831
0.708191 -2.69053
1.3907 -4.2607
-0.314589 -2.82083
4.31481 -1.59895
-1.75666 -1.21062
-6.15471 -1.57437
0.0393803 -1.59438
-0.714856 -1.59826
3.53416 -2.45441
-1.67705 -1.96827
3.14759 -2.39156
2.02171 -1.67411
9.13378 -1.37382
3.76267 -1.80502
0.471418 -1.58178
-1.47163 -2.13536
4.59288 -1.58661
0.829709 -0.738334
-5.16029 -1.09974
-0.271124 -0.840814
2.69614 -2.80489
-0.863869 -3.35524
-9.37674 -2.5838
1.1432 -1.93115
-0.385416 -3.49728
-0.64961 -0.542188
2.3796 -1.98646
1.83189 -0.357369
-0.403208 -2.1086
-1.14675 -0.961853
1.61965 -1.88189
0.684953 -2.61713
-4.28408 -1.05022
2.77389 -1.72454
-0.706464 -2.5832
-1.14495 1.18601
5.45579 -2.17396
0.668148 -1.05465
-0.676105 -3.26662
2.40722 -2.13675
-0.20311 -0.804744
-8.02701 -1.76371
5.28174 -1.57043
3.49596 -1.70917
1.99175 -1.08365
2.30204 -1.7472
-0.438391 -0.43633
-1.913 -2.48829
0.848203 -1.99802
-1.198 -0.521335
4.30564 -2.09299
-0.546727 -0.704442
-5.68631 -2.02447
7.10078 -2.09692
2.77307 -2.44033
0.0486315 -1.93669
-0.262284 -3.12457
8.9754 -2.80328
2.04865 -1.31656
-3.62205 -1.51899
1.78952 -2.76879
-6.20978 -3.29691
0.818063 -0.251394
1.63019 -1.11923
-2.88208 -0.607249
0.320852 -3.99975
1.0284 -1.59375
2.41062 0.635691
-2.36268 -3.36695
2.07362 -0.0095727
3.09962 -0.415946
-1.9646 -1.66513
-0.189613 -1.85163
2.61543 -1.83519
-3.85704 -1.45185
0.011764 -1.6668
5.70219 -0.0823868
-2.74224 -0.50997
-2.28128 -0.33437
-0.747188 -1.01471
2.42017 -1.71967
2.93302 -1.63745
-1.88567 -0.991367
3.95192 -1.05898
1.83922 -1.00281
-0.813324 -1.57197
2.95973 -1.03833
-1.93966 -4.74173
5.07928 -0.338127
-1.36898 -2.1484
4.33017 0.158527
-5.46909 -1.13818
0.0960001 0.652638
0.17179 -1.22322
2.80793 -0.871214
-2.41728 -1.43666
1.89339 -0.848601
-3.47379 -2.09723
-0.30439 -1.62317
2.33488 -2.07117
-4.25629 -2.62454
4.67267 -2.40797
-0.706409 -0.76374
-0.707551 -1.15215
-0.0636758 -0.937437
1.73818 -1.47296
-5.26036 -0.896642
7.90036 -0.735763
1.17365 -2.95588
0.294998 -1.6418
1.85287 -1.41499
-2.83118 -3.17297
7.00678 -1.21302
1.34139 -1.68525
-3.68373 -1.36939
2.47673 -0.725192
6.09558 -1.00957
3.08766 -3.61714
8.3299 -2.60674
3.57324 -1.26657
0.966272 -2.89765
-2.86423 -1.22109
4.14924 -1.07537
2.83052 -1.05878
-1.09934 -1.86196
2.55369 -1.21597
3.55431 -0.848159
0.63921 -1.24884
-0.192452 -1.42423
2.71246 -1.42163
-7.32727 -0.33273
-1.7783 0.804405
1.48256 -1.44849
2.62516 -0.556479
1.5222 -1.0456
0.143316 -2.43366
0.638151 -1.88126
-1.20509 -1.52148
0.883852 -0.546486
2.79621 -1.19808
1.38077 -1.26973
1.51363 -2.00036
1.5015 -1.73908
0.826811 -0.686579
0.734472 0.446794
-2.74064 -0.429006
-2.54514 -1.311
7.82953 0.294985
-1.07601 -1.32767
-4.08896 -1.1778
2.01246 -0.554738
8.31938 0.1295
0.150868 -0.805037
5.35627 -0.905219
-3.1642 -2.29276
0.0372165 -1.07341
6.14765 0.460978
-3.59425 -1.57951
1.34543 -0.756587
0.615705 -2.05705
13.1292 -2.28436
0.402679 -1.36761
-0.804277 -2.67854
2.47236 -1.71377
6.60556 -0.326727
-3.3869 -0.918515
-0.808708 -2.79872
0.658559 -0.668766
0.306676 0.338324
-1.99754 -0.739866
-0.066906 -1.25491
3.42103 -3.11512
5.79607 -0.382869
-1.58429 -1.96781
0.188024 -1.24402
0.0868281 -0.0428253
-6.06768 -1.31343
-8.33683 -0.249088
3.21603 -1.42099
-2.89266 -1.25657
0.0897466 -0.0942051
-8.37521 -2.91223
0.884621 -2.49427
0.616806 -0.871751
4.89897 -0.526951
3.19342 -0.975598
1.92671 -1.61379
8.64575 -1.60034
2.53016 -0.811185
-4.66421 -2.43906
9.43781 -0.689479
-1.55384 -2.32815
-0.368589 -1.84355
-4.36992 0.34022
-4.05309 -0.78696
-0.104121 -1.20684
2.96645 -0.913751
3.31656 -1.52876
-3.76678 -0.687131
4.88098 -0.416239
0.166859 -1.89268
3.90096 -2.06923
4.49731 -0.00474062
2.38261 -1.2811
-1.84797 -1.02196
1.86789 -3.00445
0.495053 -2.80921
-5.4902 -2.17477
-1.80394 -1.15654
-4.26596 -0.387489
7.02759 -0.856631
-2.56707 -1.74084
6.72073 -1.23046
3.17554 -0.435839
4.33746 -3.04947
-3.54108 -0.485251
2.52817 -0.600814
1.42645 -3.61346
1.23929 -2.08016
-5.71827 -2.26983
1.48903 -1.81431
1.23936 -0.573838
-2.60696 -2.33684
0.516458 -3.16078
-2.09633 -1.31776
0.969078 -1.85258
-0.235868 -2.16538
-1.86845 -1.36546
-1.11167 -2.25627
-6.83664 -3.27498
-5.06541 -4.28886
-1.73606 -1.1295
0.818664 -2.47021
3.27449 -2.41904
-4.6099 -0.616919
6.57849 -1.01967
2.30233 -0.879448
3.5013 -3.38408
-0.536422 -0.370004
-0.218832 -2.70802
-2.16085 -1.81836
-7.05279 -2.16198
4.61794 -1.4645
-3.22002 -1.29045
3.82346 -1.82618
-1.9679 -1.16192
2.43164 -2.30419
4.10835 -1.68775
-1.99949 -2.15645
2.27803 -2.33777
-3.00262 -0.469054
2.67862 -1.58018
3.09387 -2.32479
3.29951 0.0743733
-0.169329 -2.04271
-2.9796 -1.87271
3.37659 -1.82846
2.66866 -2.26825
-1.70009 -2.02491
4.70488 -1.39708
0.951566 -1.34085
1.24669 -1.53358
-0.849023 -1.76572
0.225713 -1.85074
5.94889 -0.745471
-4.14982 -1.67261
5.08707 -2.02106
-3.80693 0.34877
-3.43512 -1.72883
-0.34132 -0.80635
-1.60553 -1.11199
-0.377446 -3.2158
7.74967 -1.13189
-3.41037 -0.0636898
0.408488 -2.55329
-4.19996 -2.22899
0.680219 -1.66538
2.11819 -2.76573
-3.297 -1.04157
7.99111 -0.977658
1.16887 -1.80064
3.10681 -2.76232
4.78602 -1.43107
0.720983 -2.16005
5.81083 -0.812067
4.37989 -1.79095
-2.70163 -1.51734
-0.914191 -2.3124
-4.95486 -2.944
0.287046 -2.16386
2.0564 -2.17171
2.39823 -1.2832
-1.92005 -1.60989
0.360424 0.210966
3.1018 -1.51442
1.73278 -3.46273
4.54982 -1.431
2.14485 -2.35073
0.318909 -1.22116
-0.581624 2.57408
0.307319 -2.9578
3.09701 -1.08051
-2.67817 -2.84675
0.857534 -1.55095
0.417965 -5.04126
6.39308 -0.110974
0.941939 -0.655407
-3.79925 -1.73764
-0.062207 -2.10519
-2.77898 -1.09348
4.1386 -0.110597
0.475559 -2.70089
1.3949 0.57852
0.230507 -0.803952
9.54072 -1.02229
-1.68047 -1.15475
1.84917 -1.68012
4.04871 -0.156949
1.20335 -2.38422
6.82832 -1.78725
9.756 -1.29591
11.5255 -1.92458
1.38687 -1.1714
3.68407 -1.63147
10.9444 0.131114
1.89169 -2.71899
3.46184 -0.977751
4.2231 0.34712
-1.38679 0.382585
-1.9616 -1.19082
-5.38687 -0.94416
2.78747 -1.45446
2.81381 -1.3218
-3.39116 0.564053
2.01628 1.44302
-2.27368 -0.404418
0.619154 -0.140208
1.44258 -1.62755
11.2119 -1.69201
-1.52867 -0.416343
0.338076 -1.97961
1.89301 -0.95646
4.06531 -0.462924
-9.19223 -3.1975
-1.62542 -3.43121
4.22099 0.46906
-0.71097 -1.42195
-0.502152 -1.6289
1.57201 -1.28695
3.06026 -1.51645
-2.70537 -0.940596
-2.33505 -1.46537
-3.5943 -0.815176
-2.16719 -1.13603
1.16932 -2.87709
6.27556 -1.92169
-3.80128 -1.32886
-2.70945 -1.41043
-2.72821 -1.70761
-1.37673 -1.21991
5.11765 -0.389627
-3.07758 -1.36032
1.99029 -0.780913
-0.0843257 -0.801255
3.78795 -1.94893
-1.75689 -1.41487
4.15866 -0.99525
0.632899 -0.981836
-1.33518 -0.718714
-3.00821 -0.835985
-0.275742 -2.86888
-0.191071 -1.84365
0.235807 -0.549916
0.765836 -2.64125
0.331784 -0.34331
1.80764 -1.41806
4.20492 -1.70347
-3.33096 -1.3017
3.23782 -1.67004
2.00913 -2.93841
3.55009 -2.6311
1.94655 -1.73595
3.33235 1.23054
2.07292 -0.86267
3.86317 -1.7192
2.98229 -1.85802
-4.26642 -2.46508
4.77903 -1.80587
3.25686 -1.76773
-1.97581 -1.36836
2.61632 -0.699498
-1.9791 -0.172838
-2.29895 -1.50285
-0.685453 -1.35883
3.63978 -1.50343
2.83287 0.470598
-7.82344 -0.0949613
-1.49564 -2.09051
-0.527645 -0.680873
2.58363 -1.43053
3.10512 -2.17823
2.20711 -1.6334
4.23227 -0.623971
0.816664 -1.96173
5.76542 0.180056
-3.50122 0.0543232
-0.380966 -2.2856
2.25397 -1.91268
4.20873 -1.67963
7.13037 -1.12572
-0.641663 -2.09239
-1.29546 -1.32152
1.64452 -1.51769
9.47337 -2.12823
2.80174 -0.212227
-8.08807 -2.44921
-0.409282 -0.320329
8.73388 -1.47522
1.52112 -0.776228
-2.64834 -0.660049
6.00546 -0.565149
-1.32402 -1.20102
-2.61464 -0.6755
-1.58044 0.862814
-2.19716 1.53516
-1.23662 0.122858
-5.59147 -1.78259
2.77381 0.148368
-0.768138 -1.52061
0.30862 -0.212135
-5.66386 -0.143039
-6.62926 -0.911336
3.35792 -0.77189
3.77109 -0.581411
2.91336 -2.21742
0.107184 0.675963
1.124 -0.316851
-2.38479 -1.92775
1.17093 -2.07236
5.04951 -2.27813
6.41207 -4.26166
-3.22841 -3.70845
0.301579 -1.59773
5.26473 0.122583
1.89901 -0.0945116
1.01006 -2.59553
-0.194394 -0.54535
1.3076 -0.784358
0.649805 -0.656787
1.78986 -1.38717
2.04775 -1.01933
-0.0230599 -1.28029
1.50476 -1.15006
7.4602 0.0687413
4.03166 -1.66899
1.78328 -1.7735
1.91863 -0.856964
2.36174 -2.79584
-1.94941 -0.435719
-3.29419 -0.263958
0.722566 -0.511116
-0.80431 -2.57799
-0.455 -2.21092
1.67033 -0.107423
2.75149 -2.30971
1.60061 -2.77958
-6.6926 -1.42622
-0.33032 -1.95124
0.141245 -1.28773
2.36756 -1.31768
2.41248 -0.679006
5.36828 -1.19859
3.06919 -0.732053
-3.46694 -0.802216
2.26639 -1.3064
4.4954 -1.13626
1.69318 -0.625012
5.25103 -0.679098
4.02761 -2.16591
-0.736027 -0.466194
4.22204 -1.23108
-5.66175 -0.295132
0.556364 -0.959614
5.52904 -2.23523
8.08249 -1.29085
0.24316 -1.86304
-4.47901 -0.400972
6.10569 -2.02235
1.475 -1.8891
-4.31121 -0.953578
6.03703 -0.979069
-4.25729 -1.00759
5.79764 -2.61138
-2.62882 -0.589955
1.7316 0.924947
-2.48923 -0.309338
-3.37655 -1.32404
-4.32196 0.207534
-0.113745 -1.42148
2.41143 -1.37413
1.89691 -1.86105
0.880258 -2.99471
0.911897 -2.39681
3.1714 -0.690129
3.32697 -0.864004
2.26906 -0.932413
-2.78474 -1.09638
-2.5478 -1.98557
-0.0417361 -1.27196
-5.21599 -4.31983
-6.55744 -1.83594
0.859496 -1.29916
2.97204 -2.3753
6.0544 -2.72467
0.785266 -0.471609
-0.895177 -0.260724
0.141895 -2.72511
2.37125 -1.09066
8.76675 -1.18065
-3.15441 -1.22276
4.93847 -0.652385
0.24554 0.0720039
2.91979 -2.28404
-0.798346 -2.60623
6.0688 -1.34177
3.19393 -0.754844
4.6854 -1.77444
3.2002 -3.58222
3.83562 -1.96379
3.90056 -1.11734
3.46355 -0.723831
-0.896867 -2.87299
13.2155 -3.80949
1.40873 -0.572866
4.47049 -4.05479
-3.74061 -2.17929
0.626938 -0.247508
-2.48908 -2.86316
-1.75197 1.21321
3.3522 -2.61127
1.00926 -1.76637
-0.481256 -1.65838
1.88889 -0.431855
-1.21813 -0.617655
8.44686 -1.45124
3.28221 -2.9027
-5.71906 -3.00488
7.02557 -0.45964
-0.0839738 -1.68156
-1.68997 -1.52226
-6.87375 0.373021
-2.09181 -2.30823
4.54531 0.204324
-1.02829 -0.262216
1.19324 0.327637
6.85945 -0.99771
3.74761 -1.5115
7.62255 0.734689
3.06203 -2.95287
-4.88729 -3.79133
1.99448 -1.75908
-2.18342 -2.35889
-1.13856 -3.1157
3.25689 -1.39804
-0.353292 -2.26361
0.276369 -0.89641
8.91493 -1.84799
3.59768 -2.22961
4.94387 -1.32191
-0.820688 -1.76306
-0.316942 -1.39933
-1.96217 -1.51985
-1.00601 -2.72679
0.700226 -1.82318
3.63261 -2.26828
3.12973 -0.235229
-3.08965 0.00562522
2.90952 0.605145
4.28898 -0.881915
3.90756 -1.33247
11.2216 0.420569
2.9797 -1.60296
-0.333417 -1.66482
2.09242 0.210509
2.63134 -1.96052
1.74856 -0.617711
0.602992 -0.65349
3.6914 -0.708035
1.37331 -0.745411
-6.68034 -2.14474
-8.34089 -0.518887
8.76165 -1.23109
0.230765 -1.99036
3.88401 -1.45495
1.40985 -1.23559
3.90889 -1.19234
0.165018 -2.00472
-0.245406 -1.24223
1.53908 -1.236
-12.1183 -1.22827
-2.74977 -0.861345
-2.21862 -2.94927
9.64774 -1.36315
-4.10507 -2.45406
4.01341 -0.12367
-5.56454 -1.11192
-0.388453 -3.47173
3.49533 -2.43466
-1.51387 0.278289
7.10429 -2.96114
-5.40392 -0.250426
2.59655 -0.914144
-4.33795 -2.75852
-0.99623 -0.955641
-0.643273 -0.535563
-1.58993 -2.4077
-0.855699 0.742635
-1.83333 0.42876
-0.254715 0.328916
5.26229 -0.863463
-2.6538 -0.410939
2.85971 -1.08312
3.76426 -0.0425782
1.60622 -1.14643
0.101765 -0.0536965
3.78394 -2.35158
-0.0419267 -1.53757
0.248983 -2.46838
1.66006 -1.39552
-0.269441 -1.30718
-0.855756 -1.80629
0.532261 -1.48629
2.84915 -1.57381
-1.88058 -2.11792
5.14948 -2.20963
1.00729 -0.712331
6.90596 -1.15435
7.81501 -3.39182
7.52619 -1.77175
-5.13231 -0.094749
-0.115453 -1.17925
-1.30121 0.500863
-0.220068 -2.61201
-0.728185 -2.05824
-0.927978 -1.48153
-2.87406 -2.76528
4.80313 -1.54518
9.01547 -2.11165
3.97076 -1.31137
-2.04562 -1.22445
0.0116365 1.54686
3.65913 -3.02605
-1.33028 -1.1286
-2.79769 -0.481888
3.66788 -1.62089
-5.75465 -2.614
-0.335012 -2.27628
2.25474 -1.26078
-3.44768 -0.95508
-0.159705 -2.65777
2.83267 -0.0737334
2.95802 -1.87411
1.05074 -2.43851
5.95738 -2.06547
-1.84339 -1.58865
6.65388 -0.524224
6.04429 -1.60873
7.37008 -1.73416
1.25564 -2.0004
-4.34906 -0.585952
2.53556 -2.42569
-0.0648206 -0.590801
1.15798 -3.06178
-3.02195 -2.2372
-1.26417 -2.12083
1.88172 -0.303007
9.3948 -0.934703
1.27762 -1.54558
3.68415 -1.59848
-2.15591 -2.83097
4.42132 -1.67657
-1.43397 -1.28545
9.03161 -1.62803
-0.859345 -2.45693
0.374473 -1.70521
4.09441 -2.35239
-1.6577 -2.01418
2.05291 -2.95046
1.37835 0.454839
0.103488 -1.43207
-0.093686 -2.31085
-3.24273 -2.76368
4.5464 -0.173384
8.87662 -0.683838
2.33939 -1.77928
-5.93356 -2.88739
2.78325 -1.74088
1.90269 -3.3669
7.24411 -2.04199
3.17972 0.811483
7.61871 -3.86983
7.8457 -1.32494
4.34657 -0.000501719
3.82327 -0.658063
3.34171 -1.94251
6.59119 -1.01094
0.0748094 -1.29521
2.70356 -0.988044
-0.603176 1.02659
-2.48405 -0.840581
-0.646432 -2.10224
2.93924 -0.416892
-1.03033 -1.98809
1.02403 -0.99026
4.83372 -0.862846
2.38659 -1.80483
0.0481892 -2.20327
5.23987 -0.219617
-0.989004 -1.73254
-0.980487 -1.68538
3.46988 0.452672
1.63739 -1.59737
-1.41077 -1.73739
-2.67774 -1.45177
4.60467 -1.2338
-0.0822626 -1.97294
-9.35226 -0.475723
0.402046 -0.0946883
0.642343 -1.82989
8.37285 -1.19521
-7.87502 -3.74265
7.59004 -1.83174
3.01745 -1.94258
-1.66609 -0.267492
2.42368 -0.253061
0.888748 -1.51203
-0.369844 -1.0584
-5.03514 -1.04768
-1.36207 -3.0875
3.27666 -0.333709
-1.21611 -1.44132
1.11325 -3.3771
-2.03008 -0.881411
-2.02845 -2.06935
1.96476 -0.496936
-0.746825 -0.417369
-1.09992 -0.21843
-6.51692 -2.87397
2.53656 -3.10738
-0.237501 -3.19125
-1.14729 -0.91955
-4.97861 -3.54441
-1.30461 0.00826957
3.32516 -2.21516
-1.23949 -2.42275
3.62523 -2.18719
4.23045 0.491439
-6.04928 -2.2892
2.64827 -0.931472
