1033
4
2
2
mcs_NumHeteroAtoms
mcs_RingCount
log_mcs_unbonded_polar_sasa
logit_ec_tanimoto_similarity
0
15 6
0 5 1 4.963513 -1.291984
0 4 1 4.943575 -1.20896
0 5 1 4.963513 -1.335001
0 0 1 -10.60499 -2.148434
0 4 1 4.891718 -1.599388
0 10 2 5.56032 -0.9409833
0 6 0 5.241393 -1.673976
0 0 1 -10.60499 -1.742969
0 4 1 4.83332 -1.558145
0 4 1 4.886085 -1.686399
0 1 1 -10.60499 -1.341174
0 4 1 4.924814 -0.651762
0 4 1 4.773163 -2.034321
0 6 1 4.773163 -1.181994
0 4 1 4.859603 -1.746909
0 4 1 4.90619 -1.071213
0 6 1 5.213301 -0.755279
0 4 1 4.8929 -0.93282
0 0 1 -10.60499 -1.335001
0 10 1 5.348927 -1.243794
0 4 1 4.923531 -1.466337
0 6 0 5.281284 -1.660731
0 3 1 4.370503 -1.783791
0 4 1 4.911222 -1.773067
0 4 1 4.911222 -1.098612
0 0 1 -10.60499 -1.84055
0 5 0 4.972794 -1.337023
0 2 0 3.819967 -1.619909
0 2 1 3.819967 -1.765091
0 4 1 4.889572 -1.704748
0 6 1 5.184585 -1.11989
0 5 0 5.029578 -1.199965
0 4 1 4.937969 -1.882731
0 0 1 -10.60499 -2.284236
0 0 1 -10.60499 -2.268684
0 0 1 -10.60499 -1.734601
0 5 1 5.050596 -1.609438
0 4 1 4.91102 -1.17272
0 4 1 4.865599 -1.69029
0 4 1 3.910737 -1.852384
0 4 1 4.92595 -2.09849
0 0 1 -10.60499 -2.474435
0 5 0 5.026558 -1.842532
0 1 0 2.363543 -1.168993
0 6 1 5.172168 -0.8873032
0 5 1 5.018111 -0.9444616
0 1 1 2.856471 -2.313635
0 5 0 4.962073 -1.757858
0 4 1 4.919867 -1.176321
0 2 0 4.55846 -1.455287
0 3 1 4.709619 0
0 1 0 3.530693 -1.964779
0 5 1 4.991622 -0.9858168
0 0 1 -10.60499 -2.093235
0 2 1 3.464335 -1.883875
0 3 1 4.266688 -1.430746
0 4 1 4.963744 -0.9461437
0 4 1 4.963744 -1.073611
0 4 1 4.963744 -1.546637
0 0 1 -10.60499 -1.94591
0 4 1 4.854081 -1.676377
0 4 1 4.630606 -1.185624
0 0 1 -10.60499 -1.631417
0 4 1 4.630606 -1.560648
0 4 1 4.630606 -1.94591
0 4 0 4.630606 -2.215574
0 5 1 5.128015 -0.9273406
0 1 0 2.52722 -0.9707789
0 4 1 4.965175 -1.211941
0 4 1 4.929501 -0.9382696
0 1 1 2.696336 -2.243745
0 6 1 5.193747 -1.495494
0 4 1 4.897171 -1.225612
0 4 1 4.897171 -1.173514
0 4 1 4.897171 -1.242506
0 0 1 -10.60499 -2.474435
0 4 1 4.921515 -1.651402
0 4 1 4.921515 -1.163151
0 6 1 5.173086 -0.2484614
0 3 0 3.669905 -1.072637
0 4 1 4.928919 -0.9409833
0 4 1 4.949669 -1.568616
0 4 1 4.949669 -0.9231636
0 4 1 4.832737 -1.461518
0 4 1 4.908381 -1.371479
0 4 1 4.908381 -1.655423
0 5 1 4.825714 -1.265666
0 4 1 4.908381 -1.648659
0 0 1 -10.60499 -2.315008
0 3 0 4.363998 -2.08774
0 1 0 3.199602 -2.292535
0 0 1 -10.60499 -2.374906
0 2 0 3.685057 -1.225952
0 4 1 4.918791 -1.278874
0 0 1 -10.60499 -1.774952
0 0 1 -10.60499 -2.302585
0 5 1 4.935573 -1.196251
0 4 1 4.919005 -1.082612
0 4 1 4.919005 -1.072637
0 4 1 4.919005 -1.098612
0 1 0 4.345837 -1.72551
0 1 0 3.861603 -2.020018
0 5 0 5.043241 -2.039596
0 4 0 4.918002 -1.981001
0 4 1 4.917329 -1.755392
0 5 1 4.995556 -0.9932518
0 1 0 2.408562 -1.12393
0 4 1 5.068623 -1.082612
0 4 1 4.932924 -1.022626
0 1 1 2.398708 -1.386294
0 2 1 3.685663 -1.800493
0 2 0 4.329723 -2.217225
0 6 0 5.124379 -1.232144
0 4 1 4.912903 -1.570598
0 4 1 4.872014 -1.912387
0 4 1 4.872014 -1.609438
0 4 1 4.872014 -1.515127
0 0 1 -10.60499 -2.397895
0 6 1 5.210811 -0.6787584
0 7 1 5.288411 -0.4953214
0 4 1 4.944227 -1.252763
0 6 0 5.22999 -1.660731
0 1 0 2.824731 -2.166453
0 6 1 5.236279 -0.4700036
0 4 1 4.928805 -1.316614
0 1 0 2.590598 -1.966113
0 4 1 4.780402 -2.028148
0 4 1 4.780402 -1.916923
0 0 1 -10.60499 -2.374906
0 3 1 4.250276 -0.3364722
0 4 1 4.930033 -0.4519851
0 4 0 4.686093 -1.566878
0 1 0 -0.5124482 -1.72551
0 4 0 4.939065 -1.217672
0 0 1 -10.60499 -1.648659
0 4 1 4.927657 -1.386294
0 4 1 4.927657 -1.386294
0 4 1 4.927657 -1.386294
0 4 1 4.912931 -1.838279
0 5 0 4.957822 -1.307157
0 4 1 4.923261 -1.041454
0 1 0 2.353438 -1.21924
0 4 1 4.921047 -1.386294
0 2 1 3.711416 -1.166932
0 4 1 4.853705 -1.72839
0 3 1 4.515088 -1.349927
0 4 1 4.693813 -1.43848
0 4 1 4.705197 -2.134704
0 4 1 4.705197 -1.442384
0 5 1 5.043288 -1.233532
0 4 1 4.914104 -1.550597
0 5 1 4.836544 -1.285824
0 4 1 4.850473 -1.709521
0 4 1 4.931097 -1.648659
0 4 1 4.931097 -1.341174
0 5 0 4.971448 -2.425483
0 0 1 -10.60499 -2.054124
0 1 1 3.186365 -2.009762
0 3 1 4.59711 -1.504077
0 1 0 2.538319 -1.93486
0 1 0 2.538319 -1.739116
0 4 1 4.868078 -2.005334
0 4 1 4.929526 -0.7096765
0 4 1 4.929526 -0.8690378
0 6 1 5.226776 -0.3541718
0 0 1 -10.60499 -1.974081
0 0 1 -10.60499 -1.343735
0 1 1 2.507022 -2.114533
0 4 1 4.93097 -0.9490806
0 4 1 4.93097 -1.187166
0 4 1 4.93097 -0.5245245
0 4 1 4.925752 -0.8232003
0 5 0 4.938578 -1.824549
0 5 1 5.026839 -0.4321334
0 4 1 4.924743 -1.132514
0 5 1 5.00419 -1.200742
0 0 1 -10.60499 -1.757858
0 4 0 4.846097 -1.428854
0 4 1 4.915734 -0.2744368
0 1 1 2.609961 -1.99243
0 4 1 4.928069 -1.58412
0 1 0 2.245867 -1.62186
0 5 0 4.994398 -1.53393
0 3 2 4.603069 -0.2702903
0 3 1 4.496074 -1.098612
0 2 1 4.339603 -1.238842
0 2 1 4.339603 -1.07992
0 3 3 4.525788 0.2231436
0 2 1 4.261112 -0.970358
0 2 1 4.261112 -1.126783
0 2 1 4.261112 -0.991192
0 3 0 4.817255 -1.651998
0 2 1 4.261112 -0.4824261
0 4 2 4.986493 0
0 4 2 4.986493 0.2267733
0 3 1 4.516244 -0.6174354
0 3 2 4.52634 -0.8056252
0 4 3 5.008941 1.252763
0 2 1 4.302455 -1.327454
0 2 1 4.271946 -0.7039581
0 2 1 4.271946 -0.6174354
0 3 1 4.426623 -1.054937
0 2 1 4.271946 -0.6384888
0 3 1 4.599697 -1.126011
0 3 1 4.599697 -1.047319
0 2 1 4.346242 -0.487015
0 1 0 3.065797 -0.2559334
0 3 1 4.574443 -0.3610133
0 3 1 4.638448 -1.039772
0 2 0 3.661953 -1.543298
0 2 0 3.898185 -0.6819739
0 3 0 4.347781 -1.737692
0 1 0 3.065797 -0.6576405
0 4 3 4.823284 0.6231886
0 1 0 2.960347 -1.69282
0 3 0 4.56654 -1.471817
0 4 2 4.70128 -0.6455191
0 2 2 4.349668 -0.531879
0 2 2 4.349668 -1.225612
0 4 2 4.70128 0.1072455
0 3 1 4.62179 -1.18317
0 2 1 4.252086 -1.444889
0 3 1 4.62179 -1.142672
0 2 0 3.78952 0.01503788
0 2 0 3.734346 -0.9116287
0 2 0 3.734346 -1.409461
0 2 0 3.734346 -1.161413
0 2 1 4.231869 -0.8539204
0 3 1 4.599155 -1.047319
0 5 3 4.803976 -0.3123747
0 3 1 4.595204 -1.163151
0 2 1 4.220036 -0.9162907
0 1 0 2.979186 -1.006805
0 1 0 2.979186 -1.163151
0 1 0 2.979186 -0.8792495
0 4 2 4.615201 -0.0719735
0 4 2 4.615201 0.3548214
0 3 2 4.552642 -0.2776317
0 2 2 4.355194 -0.2468601
0 1 0 2.833259 0.388658
0 1 0 2.833259 -1.618096
0 2 2 4.355194 -1.252763
0 3 0 4.58586 -0.8539204
0 2 2 4.357129 -0.3646431
0 2 2 4.357129 0.05218575
0 2 2 4.357129 -0.4054651
0 1 0 2.998466 -0.6931472
0 3 3 4.443007 -0.8162073
0 3 1 4.443007 -1.565635
0 3 3 4.483399 -0.2006707
0 2 2 4.349021 -0.8797331
0 2 0 4.349021 -1.413693
0 4 3 4.737018 0.5559461
0 2 2 4.347044 -0.2876821
0 2 1 4.218587 -0.7537718
0 2 0 3.087902 -0.1823216
0 2 0 3.087902 0.3548214
0 3 1 4.469988 -1.726162
0 3 1 4.469988 -1.166435
0 3 1 4.587653 -1.176321
0 3 0 4.061849 -1.079381
0 1 0 2.455594 -0.9998774
0 3 1 4.387879 -1.178655
0 2 2 4.35268 -0.117783
0 1 0 3.001506 -2.047693
0 2 2 4.35268 -1.275543
0 2 2 4.339987 -1.261652
0 2 1 4.321676 -1.137079
0 2 1 4.321676 -1.009
0 3 0 3.705958 -1.810109
0 2 1 4.321676 -0.7178398
0 3 2 4.321676 -0.07020426
0 3 0 3.705958 -1.060872
0 2 1 4.321604 -1.195605
0 2 1 4.321604 -1.141537
0 2 1 4.321604 -0.7039581
0 3 1 4.443336 -0.6931472
0 3 0 4.54428 -1.784487
0 4 2 4.574573 0.0885534
0 2 2 4.334802 -1.213023
0 1 0 2.878231 -1.117481
0 3 1 4.557599 -1.386294
0 1 0 2.978021 -0.8797331
0 2 0 3.630363 -0.6931472
0 2 2 4.347392 -0.7509668
0 2 2 4.347392 -0.117783
0 2 0 2.936618 0.1718503
0 2 2 4.346592 -0.4122448
0 2 0 3.661448 -0.05129329
0 2 0 3.661448 -1.67669
0 1 0 2.936618 -0.01709443
0 2 2 4.346592 -0.1381503
0 2 2 4.346592 -0.3848458
0 3 0 4.307324 -1.586091
0 3 0 4.307324 -1.542993
0 2 1 4.223437 -0.9214058
0 7 2 4.681212 -0.3364722
0 7 3 4.681212 1.145132
0 7 3 4.681212 0.7672552
0 2 1 4.31568 -0.5947071
0 3 1 4.404336 -0.6931472
0 3 2 4.54129 0.1091993
0 3 2 4.54129 -0.1854032
0 3 2 4.54129 -0.268264
0 2 2 4.349282 0.05406722
0 2 2 4.349282 0.1091993
0 3 3 4.487212 1.004583
0 4 3 4.572167 1.252763
0 2 1 3.208048 -1.071213
0 3 0 4.503149 -1.338285
0 1 0 1.769924 -2.010449
0 2 2 4.332387 -0.3506569
0 2 1 4.21725 -0.926762
0 3 1 4.58765 -1.187166
0 3 2 4.584372 -0.8370414
0 2 2 4.348012 -1.1276
0 2 2 4.348012 -0.1466035
0 1 0 3.199782 -1.240442
0 2 0 3.721245 -0.8250747
0 2 1 4.30092 -0.9985288
0 2 1 4.30092 -1.197703
0 3 1 4.651618 -0.6678294
0 1 1 2.884179 -0.08269172
0 3 2 4.550723 0.08701138
0 2 0 3.041674 -1.775759
0 2 0 4.346903 -1.760988
0 3 2 4.564656 0
0 3 3 4.443507 1.321756
0 2 2 4.297325 -0.07275935
0 2 0 2.863039 -1.265666
0 1 0 2.241561 -1.719
0 3 1 4.336504 -1.871802
0 2 1 4.205168 -1.954278
0 2 1 4.205168 -2.071073
0 2 0 3.362619 -1.504077
0 3 2 4.564415 -0.05505978
0 1 0 2.967089 -1.617737
0 2 2 4.33822 -1.261652
0 1 0 2.869891 -0.7750643
0 3 2 4.407876 -0.8539204
0 1 0 1.974179 -1.161413
0 2 0 3.090327 -1.033473
0 3 1 4.593767 -1.019363
0 3 1 4.593767 -1.265666
0 3 0 4.436046 -1.889951
0 2 2 4.340742 -0.4805857
0 2 2 4.340742 -0.1240526
0 2 1 4.340742 -1.876317
0 2 0 4.340742 -1.800058
0 3 0 4.551953 -1.609438
0 2 0 4.357578 -1.642228
0 2 2 4.357578 -0.3506569
0 1 0 2.845108 -0.633249
0 2 0 3.675331 -0.8023465
0 3 2 4.573214 -0.725937
0 2 0 4.344742 -1.422662
0 2 2 4.344742 -0.3506569
0 2 0 4.344742 -1.625967
0 3 1 4.605561 -1.445135
0 4 0 4.073172 -0.8979416
0 4 1 4.645332 1.213023
0 3 1 4.363649 -0.7166777
0 1 0 2.700849 -1.94591
0 2 0 3.377966 -1.370546
0 2 0 3.377966 -1.44299
0 3 2 4.629666 -0.1457118
0 2 1 4.277558 -1.377636
0 1 0 2.661428 -2.04554
0 2 1 4.277558 -1.336697
0 2 1 4.277558 -1.147883
0 4 2 4.390082 -0.704708
0 2 1 4.277558 -1.215337
0 1 0 2.661428 -1.336697
0 4 2 4.390082 -0.704708
0 2 1 4.277558 -1.192138
0 1 0 2.85762 -1.243794
0 2 1 4.312968 -1.006805
0 2 1 4.312968 -1.238842
0 2 1 4.312968 -0.542865
0 1 0 2.85762 -2.04554
0 1 0 2.85762 -1.203973
0 2 2 4.312968 -0.4872951
0 3 1 4.432257 0.5273549
0 2 0 4.338784 -1.86408
0 2 2 4.338784 0.03636764
0 4 3 4.696399 -0.8774509
0 2 2 4.341842 -1.436725
0 2 2 4.337317 -0.4805857
0 2 0 3.884892 -0.2693329
0 2 2 4.337317 -0.438913
0 2 0 4.322238 -1.451434
0 3 1 4.354774 -1.178655
0 3 1 4.833674 -1.307513
0 3 1 4.833674 -1.567178
0 2 1 4.299782 -1.221991
0 3 2 4.299782 -0.1072455
0 2 1 4.299782 -0.7396672
0 2 1 4.299782 -1.137079
0 1 0 2.926654 -1.719
0 3 2 4.650413 -0.3308542
0 2 1 4.313341 -1.261652
0 1 0 2.826179 -1.13498
0 3 2 4.454088 -0.7039581
0 4 0 3.487079 -1.683546
0 2 2 4.467859 -1.461518
0 3 0 4.272069 -2.36321
0 3 0 4.272069 -1.94591
0 4 0 4.530857 -1.722767
0 4 1 4.855966 -1.469291
0 3 0 3.759225 -2.360854
0 3 1 4.921795 -0.6554069
0 4 0 4.74281 -1.937471
0 1 0 -10.60499 -1.832581
0 3 0 3.574258 -2.883403
0 3 0 3.574258 -2.420368
0 4 0 4.630132 -1.499623
0 4 0 4.630132 -1.422662
0 4 0 4.492625 -1.286922
0 7 3 4.884875 -0.3215836
0 6 1 4.776193 -2.169054
0 5 2 4.481715 -1.395183
0 4 0 4.391634 -2.167147
0 3 2 4.481715 -1.299283
0 3 2 4.736602 -1.878771
0 1 1 3.978534 -1.446919
0 2 1 3.587793 -1.146468
0 5 3 4.98994 -1.403389
0 1 0 -0.4912679 -1.958814
0 3 0 3.830419 -1.985915
0 2 0 3.637175 -1.500487
0 3 2 4.388605 -1.481605
0 3 1 4.485818 -1.11803
0 6 2 5.067217 -1.129865
0 2 0 3.150924 -1.523053
0 1 0 1.830447 -1.239691
0 4 2 4.913496 -0.8510502
0 6 3 4.876214 -1.178655
0 5 2 4.697393 -1.000974
0 3 1 4.498805 -1.734601
0 2 0 3.024071 -1.785329
0 2 0 3.024071 -1.661884
0 3 0 3.787681 -2.032922
0 1 1 3.885244 -1.662548
0 2 1 4.482019 -1.673976
0 2 0 3.256261 -2.75684
0 1 0 0.09898872 -2.073172
0 4 1 4.896507 -1.654558
0 4 1 4.896507 -1.161133
0 2 1 4.215159 -1.479626
0 2 1 4.215159 -1.640528
0 4 0 4.366861 -1.875458
0 4 0 4.366861 -3.016934
0 2 0 3.69275 -2.183238
0 4 1 4.861564 -0.2776317
0 2 0 4.480002 -1.779783
0 3 1 4.677461 -1.632253
0 5 3 4.748851 0.901902
0 5 1 4.773325 -1.609438
0 6 3 4.904526 0.2468601
0 6 3 4.848289 -0.3548214
0 4 1 4.006241 -1.644529
0 3 1 4.333423 -1.669657
0 3 1 4.487126 -1.843719
0 3 0 3.962752 -2.355695
0 4 1 4.696874 -1.68256
0 1 0 2.685315 -1.916923
0 3 0 4.595106 -1.681759
0 3 1 4.613153 -1.481605
0 5 1 4.725416 -1.912387
0 4 0 4.775385 -0.9740496
0 2 2 4.324344 -1.203973
0 3 0 4.680098 -1.652923
0 3 1 4.567008 -2.255332
0 4 0 4.404444 -1.522427
0 2 0 3.174709 -1.656585
0 3 0 4.003985 -1.489152
0 4 0 4.317585 -1.953028
0 4 0 4.317585 -1.751268
0 3 0 3.855128 -2.61496
0 3 0 4.527756 -2.172223
0 4 0 3.758045 -2.347706
0 4 1 4.500872 -1.724318
0 4 0 3.758045 -2.61007
0 5 2 5.193242 -1.361803
0 4 0 4.806748 -2.079442
0 2 0 4.356942 -2.085376
0 1 0 3.791322 -2.315008
0 5 1 4.653554 -2.322388
0 6 3 4.787642 -1.062894
0 2 0 2.604024 -2.15355
0 3 1 4.481876 -1.843719
0 5 2 4.901177 -1.352846
0 4 1 4.629489 -1.839615
0 3 1 4.55745 -1.791759
0 3 1 4.751212 -1.203973
0 2 1 4.347264 -1.228665
0 3 0 4.476372 -1.654558
0 1 0 2.741053 -1.791759
0 2 0 2.933722 -1.346448
0 3 1 4.636503 -1.618488
0 3 1 4.657557 -1.817735
0 2 1 4.505709 -1.669157
0 5 2 4.883642 -1.203973
0 6 2 4.949056 -1.088141
0 4 1 4.539629 -1.171637
0 2 0 3.327494 -2.639057
0 3 0 4.246514 -2.522086
0 3 0 3.951899 -2.245427
0 3 2 4.466614 -1.471288
0 1 0 2.718442 -1.824549
0 0 1 -10.60499 -1.39362
0 1 0 2.992933 -1.556193
0 3 1 4.431999 -1.663926
0 2 1 3.77497 -2.079442
0 4 0 4.299737 -1.39362
0 3 1 3.862598 -1.571217
0 4 0 3.928067 -2.484907
0 4 2 4.270954 -0.7137665
0 5 3 4.596986 -1.1276
0 1 0 3.201709 -1.791759
0 5 1 4.640727 -1.678964
0 4 0 4.324711 -1.784791
0 5 1 4.640727 -1.563225
0 3 0 3.828772 -2.162438
0 2 1 3.75189 -2.935628
0 4 0 3.923664 -1.767662
0 4 1 3.923664 -1.406362
0 2 0 3.439088 -1.743969
0 3 1 3.995377 -1.531476
0 6 2 4.802167 -0.7178398
0 1 1 2.889921 -1.669657
0 4 0 4.349129 -1.760988
0 4 0 3.99925 -1.791759
0 2 1 3.682166 -1.72839
0 4 1 4.94011 -1.186581
0 4 1 4.94011 -1.216395
0 4 1 4.94011 -1.403389
0 3 0 4.346989 -1.782457
0 5 2 4.626211 -1.728044
0 3 2 4.022746 -2.239072
0 3 0 3.753707 -2.157219
0 2 0 3.247151 -2.204605
0 3 0 3.753707 -2.086362
0 1 1 2.431372 -1.774952
0 2 1 3.683288 -1.591089
0 3 0 4.160409 -1.822531
0 2 1 2.992692 -1.446919
0 3 1 4.080214 -1.967112
0 6 1 5.154131 -0.755279
0 2 1 3.574561 -1.418383
0 1 0 -10.60499 -2.521274
0 7 3 4.977323 -0.6359888
0 1 1 3.312496 -2.073172
0 1 1 3.312496 -1.79868
0 2 0 2.916239 -1.618096
0 2 0 2.916239 -1.679642
0 2 1 3.62715 -1.22723
0 2 1 2.916239 -1.599868
0 1 0 1.835295 -1.504077
0 2 0 2.236897 -2.026599
0 2 0 3.770344 -1.919593
0 5 1 4.306872 -1.95269
0 3 1 3.118342 -1.537694
0 5 1 4.728117 -1.193103
0 2 0 3.770344 -1.834319
0 3 0 3.743084 -1.714798
0 7 3 5.161271 0.9718606
0 3 0 3.945582 -1.513294
0 2 1 3.267938 -2.7191
0 5 1 4.671425 -1.524445
0 4 2 4.36189 -1.463586
0 5 1 4.671425 -1.168993
0 5 1 4.671425 -1.622683
0 6 2 4.74444 -0.756863
0 5 2 4.634278 -1.609438
0 0 0 -10.60499 -2.321161
0 5 2 4.634278 -1.443453
0 3 0 3.96941 -1.676377
0 4 1 4.309564 -1.578185
0 2 1 3.382175 -1.72551
0 4 0 4.338751 -1.44121
0 8 3 5.078695 0.2231436
0 4 1 4.338751 -1.619388
0 3 0 3.802974 -1.481605
0 2 1 3.030829 -1.131402
0 1 1 2.698697 -1.871802
0 3 0 3.854893 -2.058388
0 5 1 5.002869 -1.161133
0 5 1 5.002869 -1.469291
0 5 1 5.002869 -0.9162907
0 1 0 2.389477 -2.243745
0 1 1 2.389477 -2.340325
0 1 0 2.389477 -2.163323
0 3 0 3.446237 -1.975238
0 4 1 3.97695 -1.446919
0 3 1 4.000713 -1.914362
0 1 1 2.45841 -1.856298
0 5 1 5.008402 -0.8634925
0 1 1 3.461047 -1.926679
0 1 1 3.533851 -1.856298
0 1 1 2.596023 -1.738271
0 3 1 3.717988 -1.586965
0 3 0 4.34797 -1.39362
0 5 1 4.664024 -1.414465
0 1 1 3.305702 -1.275543
0 1 0 3.305702 -1.791759
0 5 1 4.635113 -1.349927
0 1 1 3.299813 -1.455287
0 2 0 4.228856 -1.527608
0 2 1 3.826233 -1.92991
0 7 1 5.368641 -0.9954281
0 2 1 3.918668 -2.273598
0 2 1 3.719436 -1.585145
0 5 1 5.031653 -1.386294
0 3 0 3.72449 -1.91482
0 4 1 3.978397 -1.241112
0 4 0 4.808815 -1.826851
0 5 1 4.042882 -1.561647
0 5 2 4.29456 -1.742969
0 3 1 3.826282 -2.003069
0 4 0 4.232321 -1.750937
0 3 0 3.92591 -1.89712
0 3 0 4.206245 -1.923687
0 6 0 4.818537 -1.858899
0 4 2 3.882071 -1.275069
0 7 2 4.73535 -0.3364722
0 4 0 3.882071 -2.280924
0 4 0 4.411033 -1.737692
0 4 2 4.284307 -0.8737311
0 2 1 3.649871 -1.585145
0 1 0 1.435212 -2.034706
0 4 0 4.139956 -1.545359
0 4 1 4.913236 -1.386294
0 6 1 4.994258 -0.654926
0 2 0 3.309429 -2.764746
0 4 1 4.534584 -1.651998
0 4 0 4.049035 -1.724318
0 4 0 4.049035 -1.760988
0 3 0 4.438579 -1.708109
0 1 0 3.303875 -1.555854
0 6 2 5.093394 -0.756863
0 2 1 3.487225 -3.270836
0 4 2 3.876757 -1.534714
0 2 1 3.508971 -1.871802
0 6 1 5.036652 -1.225364
0 2 1 3.508971 -1.714109
0 7 1 5.233166 -0.5955087
0 7 1 5.233166 -1.065551
0 3 1 3.939287 -1.571217
0 4 0 3.745477 -1.771557
0 2 0 3.346726 -2.378223
0 4 1 4.543435 -1.651998
0 6 1 5.070171 -0.3364722
0 4 2 3.964062 -0.5798185
0 4 0 3.854644 -1.378197
0 4 1 4.304204 -0.704197
0 5 3 4.331025 -1.245216
0 1 1 2.802824 -1.594512
0 3 0 4.126627 -1.454245
0 2 0 3.186676 -1.376992
0 3 0 3.471988 -1.587776
0 1 1 2.609005 -2.124465
0 3 1 3.801262 -1.783391
0 6 2 4.055786 -1.339774
0 5 1 5.017744 -1.832581
0 2 1 4.040061 -2.627081
0 2 1 4.040061 -2.890372
0 5 0 5.03065 -1.178655
0 3 0 4.545668 -1.676377
0 5 2 4.16889 -1.473306
0 1 0 -0.2924086 -2.260025
0 2 0 -0.2924086 -2.039596
0 5 3 4.673073 -0.5252663
0 1 0 3.137416 -1.930758
0 1 1 4.036694 -1.609438
0 2 0 3.053373 -1.285198
0 5 1 4.043766 -1.144223
0 6 2 3.912866 -1.36636
0 1 1 2.434244 -2.277267
0 4 1 4.323383 -0.659995
0 5 0 4.35221 -1.629916
0 5 0 4.35221 -1.686399
0 2 1 3.157148 -1.895394
0 6 2 4.666712 -0.6438761
0 5 2 3.714417 -0.7744928
0 3 1 3.398008 -2.084862
0 5 1 4.282809 -1.083687
0 2 0 2.641257 -2.159484
0 5 1 4.282809 -1.940605
0 4 0 4.652648 -1.651402
0 1 1 2.091125 -2.094946
0 1 1 1.314898 -2.512306
0 1 0 3.19474 -1.701375
0 2 0 2.522055 -1.201266
0 2 1 3.701251 -2.020018
0 5 3 4.556156 -0.0822381
0 5 1 4.655228 -0.8602013
0 5 3 4.655228 -0.4679855
0 5 3 4.655228 0.438913
0 6 1 5.053644 -0.5857269
0 4 5 4.338189 -0.5238551
0 4 0 3.688133 -1.686399
0 6 3 4.694019 -0.8303483
0 6 2 4.694019 -0.2564295
0 5 1 4.540624 -0.9444616
0 4 0 4.4839 -1.838279
0 1 1 2.504068 -2.66026
0 2 1 3.83428 -1.593934
0 1 0 3.98278 -2.693125
0 1 0 3.483521 -1.894617
0 2 1 4.551612 -1.967112
0 5 0 4.303428 -1.393842
0 3 0 3.125575 -1.797694
0 7 1 4.68045 -1.158781
0 3 0 3.774252 -1.63665
0 6 1 4.454399 -1.15268
0 1 0 1.275946 -1.693319
0 3 3 3.410507 -0.9946226
0 2 0 2.129718 -1.641356
0 5 0 4.5385 -1.497885
0 9 1 4.966812 -1.360319
0 7 0 5.0354 -1.504077
0 4 0 3.818432 -1.225175
0 5 0 4.542241 -1.658228
0 8 2 4.315402 -0.5511769
0 5 0 4.186732 -1.5498
0 9 1 4.558023 -1.404422
0 5 4 4.881446 -0.3829923
0 1 1 -0.344178 -2.025107
0 8 2 4.92176 -1.299283
0 3 0 3.525878 -1.491655
0 3 0 3.949331 -1.658228
0 6 2 4.552621 -0.8574502
0 7 2 4.727879 -0.31612
0 2 0 2.683371 -1.704748
0 3 3 4.243915 -1.448815
0 2 1 2.037814 -1.44121
0 2 1 2.037814 -1.854938
0 2 1 4.234784 -1.670063
0 3 0 3.91263 -1.779783
0 3 0 3.180355 -2.008824
0 2 1 3.974375 -1.741927
0 3 1 4.330359 -1.909543
0 2 1 3.969505 -1.492517
0 2 1 3.969505 -1.704748
0 2 0 2.823091 -1.845827
0 3 0 4.803459 -1.686399
0 2 0 3.070856 -1.504077
0 1 1 1.984214 -1.485994
0 3 0 3.678022 -1.877702
0 3 1 3.892497 -1.957745
0 3 1 3.280512 -1.431757
0 3 1 3.578639 -1.871802
0 3 0 3.853872 -1.772341
0 2 2 2.995644 -0.9289759
0 4 2 2.995644 -0.7570959
0 2 1 3.425607 -1.768503
0 4 1 3.363605 -1.289668
0 1 0 2.69159 -1.829911
0 3 1 3.081644 -1.957745
0 3 1 3.458539 -2.057463
0 5 2 4.708187 0.2231436
0 3 0 2.952503 -1.730799
0 2 2 2.876888 0.1008047
0 6 4 3.868712 -0.3794896
0 2 0 2.830459 -1.994404
0 2 1 2.830459 -1.682865
0 3 0 3.385495 -1.791759
0 3 1 3.385495 -2.114533
0 3 1 3.757355 -0.7331525
0 2 2 3.118866 -1.047319
0 5 2 4.714913 1.17272
0 2 1 1.87008 -0.5596158
0 6 4 4.080358 0.6021754
0 6 4 4.080358 0.1112256
0 3 0 4.099992 -1.734601
0 3 1 3.439391 -1.962908
0 3 0 3.494947 -2.472003
0 2 2 2.629669 -0.9916402
0 6 2 4.513285 0.784119
0 1 1 0.9799093 -0.9942523
0 4 1 4.915747 -1.558145
0 4 1 4.915747 -1.507901
0 4 0 4.940675 -1.411828
0 5 2 5.157181 -1.206826
0 7 3 5.20311 0.354545
0 1 0 3.348958 -1.394077
0 1 0 3.348958 -1.686399
0 5 2 5.173002 -0.9839494
0 6 3 5.179328 0.07696104
0 1 1 0.5569273 -0.9942523
0 6 2 5.179328 -0.3422862
0 6 3 5.164168 0.07696104
0 5 1 5.135701 -0.6061358
0 6 1 5.221471 -1.098612
0 5 3 4.845308 -1.532477
0 5 2 5.259159 -1.358123
0 5 2 5.259159 -1.188224
0 6 1 5.254856 -1.072637
0 7 1 5.339624 -1.348837
0 4 2 5.004952 -1.187843
0 4 0 5.059879 -1.936341
0 3 0 4.866159 -2.04554
0 4 0 5.059879 -1.544899
0 4 0 5.059879 -1.504077
0 4 0 5.059879 -1.770706
0 5 0 5.27814 -1.989585
0 5 0 5.27814 -1.329136
0 4 0 5.067906 -1.936941
0 6 3 5.111587 -1.181133
0 6 3 5.111587 -0.9531047
0 6 3 5.111587 -1.25804
0 6 3 5.172027 -0.3804638
0 6 3 5.2721 -1.087439
0 5 2 5.255847 -1.499623
0 5 2 5.102665 -0.8198989
0 6 3 5.002715 -1.313388
0 5 2 5.100604 -1.139434
0 7 3 5.39473 -0.1072455
0 7 3 5.365332 -0.4054651
0 6 3 5.044328 0
0 6 3 5.044328 -0.9323769
0 7 3 5.247775 -0.6931472
0 7 3 5.304734 -1.44299
0 3 0 4.55084 -2.019338
0 6 3 5.009278 -1.108975
0 4 0 4.725463 -1.81529
0 6 3 5.046984 -1.265666
0 7 3 5.36589 -1.002468
0 11 4 5.64268 1.196251
0 6 3 5.289149 -1.110041
0 6 3 5.047226 -0.7680485
0 8 1 5.602841 -1.149906
0 8 1 5.602841 -1.182695
0 4 2 5.072814 -2.054124
0 7 3 5.304328 -1.232144
0 7 1 5.304328 -1.386294
0 2 0 2.985644 -2.64553
0 10 1 5.44265 -0.4198538
0 1 0 3.889952 -1.740466
0 1 0 2.406126 -2.564949
0 2 1 3.327274 -1.885286
0 7 2 4.302437 -0.6407792
0 1 1 3.933297 -2.140066
0 2 1 4.532682 -1.84055
0 3 0 4.292647 -2.197225
0 3 0 3.919948 -1.326871
0 1 1 3.051233 -2.120264
0 2 0 3.388808 -1.824549
0 1 1 3.389217 -1.960095
0 1 0 3.389217 -1.916923
0 2 0 4.629409 -1.645156
0 2 1 4.56562 -1.961659
0 1 0 3.275247 -1.757858
0 2 0 3.921119 -2.014903
0 1 1 3.301966 -2.079442
0 1 0 4.016502 -1.791759
0 1 1 3.913881 -2.140066
0 2 1 4.493988 -1.961659
0 1 1 2.989272 -1.999399
0 3 2 4.801159 -0.298493
0 2 0 3.701155 -2.406945
0 6 1 5.138494 -1.929289
0 7 2 5.447968 -0.5877867
0 7 2 5.476535 -0.8472979
0 3 0 3.823014 -2.018817
0 1 0 3.640949 -1.721142
0 1 4 3.947649 -0.9772514
0 5 2 5.134394 -0.4824261
0 5 3 5.123348 0.4877032
0 3 2 3.838501 -1.18377
0 5 2 4.826301 -1.343735
0 5 2 4.730431 -1.884541
0 6 0 4.856372 -1.347074
0 9 3 4.983767 0.3123747
0 9 3 5.010886 1.291984
0 12 1 5.429325 -0.3063742
0 4 0 4.934123 -1.919593
0 3 1 4.000795 -1.773067
0 1 2 1.634405 -0.8505394
0 4 1 4.847022 -2.128232
0 4 0 4.826479 -1.919593
0 4 2 3.045178 -0.8595379
0 4 1 4.630401 -2.284236
0 5 1 5.011419 -1.08619
0 14 1 5.838475 0.05310983
0 4 0 4.894632 -1.598856
0 4 1 4.83332 -1.693319
0 4 1 4.920114 -0.8043728
0 4 1 4.924814 -1.299283
0 5 0 4.934659 -1.486836
0 4 0 4.281256 -1.407801
0 0 1 -10.60499 -2.263364
0 0 1 -10.60499 -2.182299
0 4 0 4.769508 -1.791759
0 4 1 4.865599 -1.424035
0 2 1 3.703419 -1.867745
0 2 0 3.953104 -0.8989992
0 4 0 4.595623 -1.791759
0 1 0 2.701611 -1.714798
0 6 1 5.148431 -1.345136
0 4 1 4.8576 -1.826851
0 6 0 5.190742 -1.354546
0 0 1 -10.60499 -1.920377
0 3 0 3.750696 -0.9162907
0 0 1 -10.60499 -2.36321
0 4 1 4.929501 -1.199965
0 4 1 4.942937 -0.1335314
0 4 1 4.897171 -1.333452
0 6 1 5.173086 -0.6405034
0 4 1 4.832737 -1.802122
0 0 1 -10.60499 -1.913649
0 0 1 -10.60499 -1.727221
0 0 1 -10.60499 -2.484907
0 0 1 -10.60499 -1.658228
0 1 1 3.986676 -1.493925
0 4 1 4.917329 -1.78507
0 2 0 3.824139 -0.8232003
0 4 1 4.922399 -1.243194
0 1 0 -0.04312036 -0.9942523
0 5 1 4.930947 -1.046787
0 4 1 4.974915 -1.304056
0 4 1 4.839801 -1.800976
0 5 1 4.839801 -1.1928
0 4 0 4.939065 -1.321756
0 4 1 4.927657 -1.041454
0 4 1 4.693813 -2.079442
0 1 0 3.10341 -1.573506
0 0 1 -10.60499 -2.125251
0 0 1 -10.60499 -1.609438
0 4 1 4.961743 -0.8811994
0 2 1 3.762396 -0.828322
0 0 1 -10.60499 -2.148434
0 4 1 4.925752 -0.8241754
0 0 0 -10.60499 -0.9769154
0 4 1 4.884596 -1.308333
0 4 1 4.884596 -1.386294
0 2 0 3.875651 -0.8317333
0 4 1 4.915734 -1.15268
0 2 1 4.313341 -1.154182
0 2 1 4.313341 -0.4982468
0 4 1 4.928614 -1.44121
0 1 0 3.986345 -1.552279
0 2 0 3.128735 -1.401332
0 3 1 4.325152 -1.517323
0 2 1 4.095311 -1.408767
0 3 1 4.498805 -1.88707
0 2 0 4.208396 -1.734601
0 1 1 3.711878 -1.961659
0 2 1 4.215159 -1.526056
0 3 1 4.291686 -1.715598
0 4 1 4.704853 -1.483024
0 4 1 4.704853 -1.507655
0 3 2 4.487126 -1.39362
0 1 0 -1.204378 -1.237611
0 4 1 4.942354 -1.412728
0 2 0 4.460775 -1.817077
0 2 1 4.509939 -1.765091
0 9 3 5.350396 0.7790896
0 2 0 3.84787 -1.410987
0 2 0 3.84787 -1.341174
0 6 1 4.317585 -0.4895482
0 4 1 4.570368 -1.074515
0 2 1 2.3204 -1.075623
0 2 0 4.458987 -1.830226
0 5 1 5.005202 -1.289131
0 3 1 4.431999 -1.444563
0 2 2 3.708197 -1.631417
0 2 1 3.579869 -2.036882
0 3 0 4.269762 -1.582409
0 3 0 3.790083 -1.65389
0 5 1 4.717542 -1.189584
0 3 1 3.659836 -1.819158
0 1 1 2.568497 -2.100061
0 2 1 2.782811 -1.646825
0 5 2 4.634278 -1.596859
0 2 0 3.013749 -1.777773
0 5 1 4.636355 -1.201027
0 5 1 4.635113 -1.159767
0 6 1 4.901582 -0.9775344
0 5 0 4.354729 -2.687847
0 1 1 2.517481 -1.77406
0 1 1 2.517481 -1.94591
0 7 3 4.694869 0.01360565
0 4 2 3.876757 -0.9749983
0 6 1 5.036652 -1.222226
0 4 0 3.239708 -1.791759
0 4 0 3.745477 -1.839226
0 1 1 2.395917 -1.370034
0 2 0 2.93478 -2.023202
0 3 0 4.891356 -2.079442
0 3 0 4.437348 -1.481605
0 5 0 2.903569 -1.344745
0 0 1 -10.60499 -2.233592
0 1 1 3.978246 -1.189584
0 1 1 3.665533 -1.780586
0 3 1 3.534491 -1.739116
0 1 1 3.534491 -2.233592
0 0 1 -10.60499 -1.763589
0 1 0 -10.60499 -2.459589
0 0 1 -10.60499 -1.69029
0 6 3 5.388741 0.6264558
0 1 2 3.543405 -0.984499
0 1 1 2.872536 -0.9531047
0 0 1 -10.60499 -1.86214
0 2 0 3.921212 -1.680534
0 1 0 3.854987 -1.852384
0 1 1 3.877315 -2.221616
0 7 3 3.647107 -1.614978
0 3 0 3.668682 -0.896088
0 3 1 3.82193 -0.8740309
0 6 1 4.528739 -1.486378
0 5 1 4.858584 -0.9044563
0 3 1 4.312098 -1.732571
0 1 1 2.509651 -1.681759
0 3 1 3.081644 -1.858899
0 6 3 5.082458 0.467023
0 6 1 5.29028 -0.658661
0 6 1 5.421138 -0.2564295
0 1 2 3.199203 -2.431418
0 1 2 2.497578 -0.5842531
0 1 2 2.497578 -0.5842531
0 2 0 2.462189 -1.511458
0 2 0 3.992977 -1.998096
0 3 2 4.217694 -0.4700036
0 5 2 4.689254 -0.03509132
0 1 0 3.624797 -1.127186
0 1 2 3.353438 -0.5221894
0 0 1 -10.60499 -1.646252
0 8 1 4.908541 -0.2736958
0 1 5 3.941272 -0.4788926
0 1 0 4.004894 -0.4462871
0 13 -999 -999 -999
