2.05336e+25 1.65268e+12 1.65268e+12 2.79497
5.26114e+25 -1.35687e+12 -1.35687e+12 2.59567
3.0706e+25 -1.83882e+11 -1.83882e+11 2.18514
4.14333e+25 -1.99579e+12 -1.99579e+12 3.85264
2.31311e+25 2.84222e+12 2.84222e+12 3.89585
4.26289e+25 7.69166e+11 7.69166e+11 2.35199
2.35268e+25 -5.02032e+11 -5.02032e+11 2.44413
2.85549e+25 -1.7821e+12 -1.7821e+12 3.36199
3.41038e+25 -3.19477e+12 -3.19477e+12 3.71528
4.44387e+25 -3.58418e+11 -3.58418e+11 2.42574
1.5531e+25 -1.30911e+11 -1.30911e+11 2.41724
3.54224e+25 -3.8169e+12 -3.8169e+12 3.58241
4.81535e+25 5.01897e+12 5.01897e+12 4.30812
3.93836e+25 1.76478e+12 1.76478e+12 3.94255
2.98838e+25 -1.16087e+12 -1.16087e+12 4.73193
1.80474e+25 -6.586e+10 -6.586e+10 2.78451
2.45629e+25 -5.57121e+11 -5.57121e+11 1.73031
4.16568e+25 3.06554e+12 3.06554e+12 3.49068
3.76366e+25 4.44716e+12 4.44716e+12 2.97874
4.27798e+25 1.34477e+12 1.34477e+12 4.83686
2.33707e+25 2.11681e+12 2.11681e+12 3.48929
3.07401e+25 1.24595e+12 1.24595e+12 1.91673
2.32297e+25 -1.03735e+11 -1.03735e+11 1.82062
1.89049e+25 -1.22668e+12 -1.22668e+12 2.90542
1.94039e+25 -2.11336e+11 -2.11336e+11 2.26927
2.50176e+25 1.60464e+12 1.60464e+12 2.15758
5.55001e+25 -5.46178e+11 -5.46178e+11 1.2863
3.1639e+25 8.66166e+11 8.66166e+11 2.79018
3.22665e+25 -3.24508e+12 -3.24508e+12 3.98425
1.89349e+25 -9.65718e+11 -9.65718e+11 3.67774
3.30752e+25 1.6408e+12 1.6408e+12 2.94475
2.10197e+25 -2.45005e+11 -2.45005e+11 2.51967
3.83858e+25 4.15687e+12 4.15687e+12 4.48207
2.98769e+25 4.13774e+12 4.13774e+12 4.20582
2.43513e+25 2.32118e+12 2.32118e+12 2.50513
2.71849e+25 3.4218e+12 3.4218e+12 3.32855
3.84382e+25 3.86067e+12 3.86067e+12 3.78308
3.28788e+25 2.61972e+12 2.61972e+12 3.16669
3.5275e+25 2.66808e+11 2.66808e+11 3.83081
1.70515e+25 -1.73765e+12 -1.73765e+12 2.61504
3.0669e+25 3.84793e+12 3.84793e+12 2.90841
2.5168e+25 -6.50966e+11 -6.50966e+11 2.47594
2.61936e+25 -3.35624e+11 -3.35624e+11 2.17084
5.45931e+25 6.18646e+11 6.18646e+11 1.47236
3.38142e+25 -2.36946e+12 -2.36946e+12 3.45682
4.28863e+25 -2.57131e+12 -2.57131e+12 4.18431
3.71161e+25 4.18086e+12 4.18086e+12 6.08957
2.65517e+25 1.49866e+12 1.49866e+12 3.0839
3.12512e+25 2.93942e+12 2.93942e+12 5.16989
2.9909e+25 5.08988e+11 5.08988e+11 2.66385
5.125e+25 1.13303e+12 1.13303e+12 2.54386
2.44184e+25 -2.59285e+12 -2.59285e+12 3.17
7.61719e+25 9.59262e+11 9.59262e+11 2.77007
4.09284e+25 -7.9344e+12 -7.9344e+12 5.31411
4.27783e+25 1.6043e+12 1.6043e+12 2.49549
4.28925e+25 -6.42682e+12 -6.42682e+12 4.16683
5.38251e+25 7.06975e+12 7.06975e+12 3.5086
3.87797e+25 1.81237e+12 1.81237e+12 2.52864
3.63384e+25 1.55511e+12 1.55511e+12 2.7348
2.76694e+25 2.09795e+12 2.09795e+12 2.81569
3.34972e+25 1.89452e+12 1.89452e+12 3.78981
7.73231e+25 -8.9417e+12 -8.9417e+12 5.44972
3.51085e+25 5.2893e+11 5.2893e+11 1.65421
3.40673e+25 4.57152e+11 4.57152e+11 2.96242
5.14937e+25 -4.32872e+12 -4.32872e+12 1.70161
1.91327e+25 8.54788e+11 8.54788e+11 3.83022
6.65086e+25 -3.51982e+12 -3.51982e+12 1.85339
2.78603e+25 -3.29175e+12 -3.29175e+12 3.47717
2.92177e+25 9.96669e+11 9.96669e+11 3.99524
2.60879e+25 -1.99668e+12 -1.99668e+12 2.58922
1.21003e+25 4.37917e+11 4.37917e+11 2.26239
3.68718e+25 -1.44503e+12 -1.44503e+12 2.23858
5.17589e+25 6.10758e+11 6.10758e+11 2.00961
6.76164e+25 7.2881e+12 7.2881e+12 2.47318
2.67988e+25 -2.18847e+12 -2.18847e+12 4.02343
2.76238e+25 -4.86575e+11 -4.86575e+11 2.36792
8.88088e+25 -7.73066e+12 -7.73066e+12 3.67636
3.03037e+25 -1.08623e+11 -1.08623e+11 3.25931
3.7207e+25 1.14797e+12 1.14797e+12 2.61427
2.16338e+25 1.08102e+12 1.08102e+12 1.84007
2.74353e+25 2.81377e+12 2.81377e+12 2.44801
6.40124e+25 8.48413e+12 8.48413e+12 4.85648
7.51944e+25 -8.32962e+11 -8.32962e+11 2.32384
2.64955e+25 1.86902e+12 1.86902e+12 1.9736
5.01636e+25 -3.62289e+12 -3.62289e+12 1.74779
2.47173e+25 1.46717e+12 1.46717e+12 3.68588
3.23596e+25 1.11103e+12 1.11103e+12 2.94708
2.98611e+25 3.03313e+12 3.03313e+12 3.11249
2.53119e+25 -2.30728e+12 -2.30728e+12 2.8838
4.23138e+25 2.33443e+12 2.33443e+12 1.83876
3.05108e+25 -2.76484e+12 -2.76484e+12 3.42416
5.329e+25 2.27219e+12 2.27219e+12 2.38935
3.40377e+25 -4.55999e+12 -4.55999e+12 3.45274
1.97296e+25 1.26737e+12 1.26737e+12 2.08508
1.8105e+25 -3.75503e+11 -3.75503e+11 5.72233
1.61565e+25 -1.97332e+11 -1.97332e+11 2.99062
4.33105e+25 -5.84664e+11 -5.84664e+11 3.74689
2.33857e+25 -5.31835e+11 -5.31835e+11 2.01762
4.21096e+25 -6.01268e+11 -6.01268e+11 2.75499
2.70674e+25 1.03935e+12 1.03935e+12 3.04386
2.72279e+25 1.80636e+12 1.80636e+12 5.10497
3.22184e+25 3.02081e+12 3.02081e+12 2.59415
3.6102e+25 1.30593e+12 1.30593e+12 2.76647
2.18524e+25 6.53889e+11 6.53889e+11 2.98471
2.73449e+25 3.72257e+11 3.72257e+11 3.57697
2.90344e+25 2.58579e+12 2.58579e+12 2.88995
3.024e+25 -2.05237e+11 -2.05237e+11 2.44322
3.05944e+25 1.95853e+12 1.95853e+12 2.79199
2.20811e+25 -1.84068e+12 -1.84068e+12 3.97965
3.32369e+25 2.58457e+12 2.58457e+12 2.29755
2.62215e+25 1.04564e+12 1.04564e+12 2.66748
4.20581e+25 -3.17381e+11 -3.17381e+11 3.18187
2.74187e+25 -5.19701e+11 -5.19701e+11 3.70874
3.11085e+25 -1.08255e+12 -1.08255e+12 1.91422
2.62376e+25 5.26947e+10 5.26947e+10 2.49827
1.61926e+25 -2.24393e+12 -2.24393e+12 3.28993
2.37713e+25 1.34544e+12 1.34544e+12 2.07833
2.63402e+25 6.30436e+11 6.30436e+11 2.58377
4.68364e+25 -4.69062e+12 -4.69062e+12 2.8524
2.16798e+25 -2.02652e+12 -2.02652e+12 3.74871
4.25316e+25 -2.43774e+12 -2.43774e+12 2.95954
2.59694e+25 -4.48011e+12 -4.48011e+12 5.42417
5.3266e+25 -4.24819e+12 -4.24819e+12 3.13727
3.56939e+25 -3.90891e+12 -3.90891e+12 2.90233
3.7071e+25 2.24151e+12 2.24151e+12 2.11426
4.91738e+25 -1.51826e+12 -1.51826e+12 2.20207
3.41557e+25 -1.32335e+12 -1.32335e+12 2.92404
4.43476e+25 -9.94323e+11 -9.94323e+11 3.27885
4.657e+25 4.75014e+12 4.75014e+12 4.43699
2.86488e+25 -2.32806e+12 -2.32806e+12 4.68278
2.98002e+25 -1.44354e+12 -1.44354e+12 2.07768
3.20481e+25 -2.96567e+11 -2.96567e+11 4.20794
2.42694e+25 -2.25827e+11 -2.25827e+11 2.82611
3.84463e+25 -1.55311e+11 -1.55311e+11 3.55372
3.24708e+25 1.60611e+12 1.60611e+12 2.48571
3.34322e+25 -4.30885e+11 -4.30885e+11 3.97211
2.79937e+25 -1.35123e+12 -1.35123e+12 2.32796
3.37672e+25 5.78185e+11 5.78185e+11 2.97674
4.26079e+25 -5.71611e+11 -5.71611e+11 2.07201
2.72903e+25 -8.84266e+11 -8.84266e+11 2.10286
1.6614e+25 1.44723e+12 1.44723e+12 4.47278
2.73776e+25 -2.22296e+12 -2.22296e+12 2.67105
3.50117e+25 -5.24886e+12 -5.24886e+12 4.18992
2.8206e+25 -6.92776e+10 -6.92776e+10 5.33111
2.13553e+25 1.71027e+11 1.71027e+11 1.65333
3.02867e+25 1.22821e+12 1.22821e+12 1.76782
2.83202e+25 3.64388e+11 3.64388e+11 2.10711
3.83133e+25 -3.96439e+12 -3.96439e+12 3.3409
2.53652e+25 7.52973e+11 7.52973e+11 2.25231
3.24302e+25 -3.18245e+12 -3.18245e+12 3.56368
3.44644e+25 -3.74797e+11 -3.74797e+11 2.55583
2.68858e+25 8.84594e+11 8.84594e+11 2.77915
3.96612e+25 1.58359e+12 1.58359e+12 2.2142
3.72161e+25 -9.1703e+11 -9.1703e+11 1.91619
1.54139e+25 5.06181e+11 5.06181e+11 1.61125
3.26284e+25 1.37403e+12 1.37403e+12 2.66083
3.98873e+25 -1.98541e+12 -1.98541e+12 4.09939
2.19382e+25 5.89241e+11 5.89241e+11 4.85302
3.84531e+25 8.67576e+11 8.67576e+11 2.6289
2.35529e+25 -1.80221e+12 -1.80221e+12 3.19044
3.70727e+25 7.15097e+11 7.15097e+11 2.1951
3.32286e+25 -2.38035e+12 -2.38035e+12 4.41156
2.10913e+25 4.18548e+12 4.18548e+12 3.95055
2.41121e+25 5.21025e+11 5.21025e+11 4.28911
5.79182e+25 -1.39138e+12 -1.39138e+12 3.00972
1.89939e+25 -1.40763e+12 -1.40763e+12 2.99674
2.26343e+25 4.98168e+11 4.98168e+11 2.17425
3.06269e+25 1.38875e+11 1.38875e+11 2.52925
4.14526e+25 7.90945e+11 7.90945e+11 3.74601
2.92935e+25 9.56744e+11 9.56744e+11 2.16161
1.99608e+25 -2.15576e+11 -2.15576e+11 1.72525
2.24459e+25 -1.42667e+12 -1.42667e+12 4.46965
4.64643e+25 2.37431e+12 2.37431e+12 2.52563
3.16112e+25 -2.44443e+12 -2.44443e+12 2.55575
3.26086e+25 1.18462e+12 1.18462e+12 2.737
2.35503e+25 1.50126e+12 1.50126e+12 3.02283
5.91535e+25 -1.07094e+13 -1.07094e+13 6.1963
4.05e+25 -1.09746e+12 -1.09746e+12 3.72894
2.03104e+25 1.49785e+12 1.49785e+12 2.47696
4.69978e+25 5.33238e+12 5.33238e+12 3.72726
2.55614e+25 6.09016e+10 6.09016e+10 4.76876
6.42491e+25 -8.19598e+12 -8.19598e+12 5.28765
2.18373e+25 1.64261e+12 1.64261e+12 2.61013
2.94851e+25 1.47717e+12 1.47717e+12 2.6429
3.0147e+25 -2.87248e+12 -2.87248e+12 3.83242
3.48291e+25 -3.42886e+12 -3.42886e+12 3.96514
2.34588e+25 1.209e+12 1.209e+12 1.93063
2.22371e+25 -1.4128e+12 -1.4128e+12 2.48578
3.24795e+25 2.39538e+11 2.39538e+11 3.05836
5.22279e+25 2.42537e+12 2.42537e+12 2.09695
1.48574e+25 -1.41055e+12 -1.41055e+12 3.84213
1.80531e+25 -1.08708e+11 -1.08708e+11 2.3762
4.62283e+25 -1.51665e+12 -1.51665e+12 2.8536
3.23631e+25 -2.87924e+12 -2.87924e+12 2.49933
2.23184e+25 1.96726e+12 1.96726e+12 2.97836
2.78411e+25 -1.21378e+12 -1.21378e+12 2.45332
3.59316e+25 -4.27808e+12 -4.27808e+12 5.83938
3.85686e+25 2.43105e+12 2.43105e+12 3.18603
3.91317e+25 4.41704e+12 4.41704e+12 3.29036
4.47789e+25 -1.57592e+12 -1.57592e+12 1.81506
2.04299e+25 1.904e+12 1.904e+12 3.21482
5.35874e+25 -4.80624e+12 -4.80624e+12 3.64579
2.03544e+25 -1.98652e+12 -1.98652e+12 2.72814
3.5261e+25 1.03912e+12 1.03912e+12 2.2888
2.80209e+25 8.82369e+11 8.82369e+11 1.56396
3.10934e+25 -1.99999e+12 -1.99999e+12 3.27354
2.57466e+25 3.75494e+11 3.75494e+11 3.68862
4.48416e+25 -5.91235e+12 -5.91235e+12 3.11946
2.95329e+25 1.20433e+12 1.20433e+12 3.93912
2.76609e+25 -1.03867e+11 -1.03867e+11 3.51229
3.12329e+25 1.79983e+12 1.79983e+12 2.96481
2.29649e+25 5.86255e+11 5.86255e+11 3.76941
2.68679e+25 4.57348e+11 4.57348e+11 2.01641
2.60269e+25 -2.98189e+11 -2.98189e+11 2.19632
3.34628e+25 3.43497e+12 3.43497e+12 4.473
3.19566e+25 -2.68967e+12 -2.68967e+12 2.03376
2.3557e+25 5.59334e+11 5.59334e+11 3.87099
4.9354e+25 1.58969e+12 1.58969e+12 2.40914
5.50187e+25 -4.6825e+11 -4.6825e+11 1.66747
8.15578e+25 -5.47665e+12 -5.47665e+12 2.36092
1.76595e+25 -1.74743e+12 -1.74743e+12 2.48278
3.10894e+25 3.2181e+11 3.2181e+11 2.58012
2.28119e+25 -1.04919e+12 -1.04919e+12 3.05468
1.689e+25 5.23749e+11 5.23749e+11 2.75521
3.03486e+25 -2.08916e+12 -2.08916e+12 4.19047
3.12107e+25 -2.24328e+12 -2.24328e+12 3.17377
2.6578e+25 -3.4697e+11 -3.4697e+11 3.07237
5.60828e+25 8.17289e+12 8.17289e+12 4.03501
2.13441e+25 1.0379e+12 1.0379e+12 2.2252
3.17381e+25 -2.91514e+12 -2.91514e+12 2.61538
2.295e+25 5.88511e+11 5.88511e+11 2.63819
4.71775e+25 -1.38212e+12 -1.38212e+12 3.7552
5.34947e+25 -1.23375e+12 -1.23375e+12 3.06512
3.47574e+25 -7.73697e+11 -7.73697e+11 2.6418
3.04446e+25 -1.82966e+12 -1.82966e+12 2.54659
1.29696e+25 1.31933e+12 1.31933e+12 2.18909
2.45739e+25 -7.00202e+11 -7.00202e+11 3.02539
2.53077e+25 -4.31808e+12 -4.31808e+12 6.92235
5.08379e+25 3.11757e+11 3.11757e+11 1.93951
4.07266e+25 -3.70653e+12 -3.70653e+12 3.22618
3.0569e+25 -2.29427e+12 -2.29427e+12 1.61839
2.29346e+25 1.20272e+11 1.20272e+11 1.7234
4.02886e+25 8.52321e+11 8.52321e+11 3.66744
2.14346e+25 8.44447e+11 8.44447e+11 2.71139
3.40998e+25 1.92196e+12 1.92196e+12 2.70707
2.55223e+25 3.50632e+12 3.50632e+12 3.75162
2.79172e+25 -2.21054e+12 -2.21054e+12 3.77684
2.07425e+25 1.45253e+12 1.45253e+12 2.59128
2.6403e+25 2.4362e+11 2.4362e+11 2.35137
4.50051e+25 1.1052e+12 1.1052e+12 4.04255
1.7394e+25 1.11322e+12 1.11322e+12 2.54332
1.95503e+25 1.21226e+12 1.21226e+12 2.80132
1.68465e+25 6.41699e+11 6.41699e+11 1.8102
3.33304e+25 -1.08152e+12 -1.08152e+12 2.24715
4.61018e+25 1.5245e+12 1.5245e+12 2.67256
3.42235e+25 -2.06001e+12 -2.06001e+12 2.74481
3.44724e+25 1.09482e+12 1.09482e+12 1.79375
3.90654e+25 -2.43715e+11 -2.43715e+11 2.30623
7.23426e+25 -3.98952e+12 -3.98952e+12 3.17648
3.00004e+25 -2.55903e+12 -2.55903e+12 4.47737
4.72901e+25 5.62318e+11 5.62318e+11 4.64734
7.31377e+25 -4.26251e+12 -4.26251e+12 3.56561
3.88609e+25 4.30864e+12 4.30864e+12 3.63927
3.13808e+25 -4.30365e+12 -4.30365e+12 4.04248
2.2844e+25 -9.92379e+10 -9.92379e+10 4.03959
2.56183e+25 -3.68091e+12 -3.68091e+12 2.88545
2.12433e+25 1.03849e+11 1.03849e+11 2.47032
1.9609e+25 7.56766e+11 7.56766e+11 4.04419
6.1164e+25 3.30769e+12 3.30769e+12 2.21263
2.18331e+25 6.62232e+11 6.62232e+11 3.20703
3.82738e+25 -6.03337e+12 -6.03337e+12 3.95934
1.78667e+25 -4.1225e+11 -4.1225e+11 4.00111
4.26048e+25 -6.3622e+12 -6.3622e+12 3.12532
2.28828e+25 1.82269e+12 1.82269e+12 3.09879
2.91593e+25 1.40791e+12 1.40791e+12 2.40864
2.07607e+25 -2.18191e+12 -2.18191e+12 2.60925
2.72989e+25 2.90636e+11 2.90636e+11 2.22339
2.1798e+25 -4.14666e+11 -4.14666e+11 2.78203
2.84452e+25 1.00348e+12 1.00348e+12 1.82163
4.66306e+25 -1.65661e+12 -1.65661e+12 4.46774
3.98128e+25 -1.68973e+12 -1.68973e+12 3.24563
2.44751e+25 -1.39236e+12 -1.39236e+12 1.68801
3.09479e+25 -7.81274e+11 -7.81274e+11 3.74885
1.80641e+25 3.35333e+11 3.35333e+11 1.91921
2.69198e+25 -1.36175e+12 -1.36175e+12 4.18871
4.80439e+25 -3.623e+12 -3.623e+12 4.69847
2.30426e+25 -4.36611e+12 -4.36611e+12 4.00123
2.23191e+25 1.14277e+12 1.14277e+12 2.72099
3.1205e+25 1.88658e+12 1.88658e+12 3.20908
2.94746e+25 1.68963e+12 1.68963e+12 3.1649
5.33625e+25 -4.63378e+11 -4.63378e+11 3.1206
3.12911e+25 8.66808e+11 8.66808e+11 1.85401
4.511e+25 9.03883e+11 9.03883e+11 3.02555
3.08495e+25 -6.24356e+11 -6.24356e+11 3.26948
3.6377e+25 3.59103e+12 3.59103e+12 3.45423
2.84739e+25 -1.10926e+11 -1.10926e+11 5.14622
1.61386e+25 -2.34283e+11 -2.34283e+11 2.69775
3.23234e+25 1.77121e+12 1.77121e+12 4.15891
2.42756e+25 1.20364e+12 1.20364e+12 3.06055
3.82896e+25 -3.64444e+11 -3.64444e+11 2.41485
4.72204e+25 2.32437e+11 2.32437e+11 3.17323
3.67405e+25 2.11454e+12 2.11454e+12 4.20727
3.30803e+25 -1.79328e+12 -1.79328e+12 2.26113
4.79007e+25 -3.76046e+11 -3.76046e+11 1.80264
2.63978e+25 4.95631e+11 4.95631e+11 2.37277
2.52501e+25 2.25227e+11 2.25227e+11 2.5068
2.54969e+25 -4.52906e+11 -4.52906e+11 3.25432
3.66995e+25 1.11865e+12 1.11865e+12 2.1289
3.39728e+25 -2.91212e+12 -2.91212e+12 3.02222
6.80877e+25 6.16808e+12 6.16808e+12 3.18212
1.99114e+25 1.39903e+12 1.39903e+12 2.09729
2.54173e+25 -7.81826e+11 -7.81826e+11 2.11699
3.76631e+25 4.39065e+12 4.39065e+12 3.85676
4.19071e+25 -2.16062e+12 -2.16062e+12 2.01481
2.5938e+25 -1.08694e+12 -1.08694e+12 2.4097
3.11239e+25 1.43079e+12 1.43079e+12 3.66255
3.70049e+25 8.17318e+10 8.17318e+10 2.5484
1.77389e+25 -2.79528e+11 -2.79528e+11 3.52706
2.25755e+25 -4.32892e+11 -4.32892e+11 2.17537
2.28969e+25 2.85158e+12 2.85158e+12 5.0878
2.90772e+25 -6.69732e+11 -6.69732e+11 3.15613
2.88747e+25 -2.18909e+12 -2.18909e+12 2.33944
1.71096e+25 -5.33244e+11 -5.33244e+11 1.69144
2.0992e+25 7.80839e+11 7.80839e+11 3.44167
2.4078e+25 5.64912e+10 5.64912e+10 1.92746
3.72144e+25 4.18313e+12 4.18313e+12 2.5956
2.67064e+25 2.00071e+12 2.00071e+12 2.5672
4.73095e+25 -2.62953e+12 -2.62953e+12 3.05104
8.24737e+25 -1.715e+12 -1.715e+12 2.36366
4.92098e+25 -4.6887e+12 -4.6887e+12 2.86174
3.13242e+25 -1.40523e+12 -1.40523e+12 4.23754
2.07943e+25 -3.01156e+12 -3.01156e+12 3.93476
4.12912e+25 -3.06735e+12 -3.06735e+12 2.73765
3.41092e+25 1.11436e+12 1.11436e+12 2.84463
4.76363e+25 2.39752e+12 2.39752e+12 2.28185
4.16966e+25 1.5325e+12 1.5325e+12 2.63829
5.15997e+25 -3.28448e+12 -3.28448e+12 5.11056
1.95359e+25 6.18236e+11 6.18236e+11 2.50177
3.9515e+25 5.18635e+11 5.18635e+11 2.17728
3.05547e+25 3.42312e+12 3.42312e+12 2.56476
2.55358e+25 1.34767e+12 1.34767e+12 2.96661
1.88392e+25 -1.08597e+12 -1.08597e+12 1.62969
1.17862e+25 -1.71008e+12 -1.71008e+12 2.98163
3.14473e+25 2.51059e+12 2.51059e+12 3.62207
1.81349e+25 1.16872e+12 1.16872e+12 2.69655
3.57862e+25 -1.41746e+12 -1.41746e+12 2.71731
3.82735e+25 1.32873e+12 1.32873e+12 1.94264
3.14091e+25 6.85146e+11 6.85146e+11 2.88791
3.95549e+25 4.99401e+11 4.99401e+11 2.28856
3.19177e+25 -1.67556e+11 -1.67556e+11 2.73269
2.19152e+25 8.69082e+11 8.69082e+11 4.15699
1.6701e+25 -1.44304e+11 -1.44304e+11 2.01991
3.53836e+25 -1.24452e+11 -1.24452e+11 2.49004
4.71074e+25 -5.43827e+12 -5.43827e+12 2.91191
3.98022e+25 -3.08227e+12 -3.08227e+12 3.25515
3.21387e+25 1.17199e+12 1.17199e+12 2.31294
3.86304e+25 -1.98589e+12 -1.98589e+12 2.15344
1.8216e+25 9.60587e+11 9.60587e+11 2.76561
1.87156e+25 -3.12054e+11 -3.12054e+11 2.95759
2.02439e+25 -2.21248e+12 -2.21248e+12 3.76397
5.03333e+25 4.9517e+11 4.9517e+11 2.6915
3.24043e+25 6.1468e+11 6.1468e+11 2.71779
2.98834e+25 1.34132e+12 1.34132e+12 2.67396
2.75714e+25 -1.88318e+10 -1.88318e+10 3.48073
2.7594e+25 -7.91487e+11 -7.91487e+11 3.9537
3.56018e+25 -6.29141e+11 -6.29141e+11 2.33782
1.66206e+25 8.39061e+11 8.39061e+11 4.09463
5.63272e+25 1.25673e+11 1.25673e+11 2.13925
3.412e+25 1.25173e+12 1.25173e+12 3.31159
3.32585e+25 -4.57672e+12 -4.57672e+12 4.59388
2.36786e+25 -1.39528e+12 -1.39528e+12 3.91153
3.59609e+25 4.2747e+12 4.2747e+12 3.1639
3.68959e+25 -7.32336e+11 -7.32336e+11 5.19626
2.65594e+25 2.72333e+11 2.72333e+11 3.43992
3.46129e+25 -5.62461e+12 -5.62461e+12 3.55641
2.83811e+25 -5.73654e+11 -5.73654e+11 2.34292
1.48221e+25 4.28471e+11 4.28471e+11 1.44792
3.18236e+25 1.42979e+12 1.42979e+12 3.81076
3.3827e+25 -1.06473e+12 -1.06473e+12 4.05873
2.63548e+25 1.41792e+12 1.41792e+12 5.36256
2.00107e+25 -3.0274e+11 -3.0274e+11 1.86139
2.43297e+25 -9.5233e+10 -9.5233e+10 3.90249
4.2303e+25 -8.22981e+11 -8.22981e+11 3.98031
3.16342e+25 3.20881e+12 3.20881e+12 3.03327
5.27744e+25 2.73563e+12 2.73563e+12 2.9319
4.58168e+25 8.95947e+11 8.95947e+11 2.0595
3.35023e+25 -6.1314e+11 -6.1314e+11 2.05908
4.3908e+25 -3.22001e+10 -3.22001e+10 3.04245
3.53578e+25 3.00063e+12 3.00063e+12 2.57707
3.77398e+25 -6.53507e+11 -6.53507e+11 2.3509
1.58767e+25 -1.67197e+12 -1.67197e+12 5.50355
1.92921e+25 1.47775e+12 1.47775e+12 2.60893
4.49941e+25 1.67248e+12 1.67248e+12 2.24674
3.06842e+25 1.15634e+12 1.15634e+12 2.46601
2.52781e+25 5.97481e+12 5.97481e+12 4.79578
2.2924e+25 -3.54537e+11 -3.54537e+11 1.70221
3.65543e+25 -1.10736e+12 -1.10736e+12 3.39634
2.07508e+25 1.01399e+12 1.01399e+12 3.3183
3.16707e+25 7.19749e+11 7.19749e+11 2.93185
3.23082e+25 1.43582e+12 1.43582e+12 2.3267
2.25315e+25 2.72597e+11 2.72597e+11 3.85572
3.13123e+25 -3.83545e+11 -3.83545e+11 3.50186
6.14694e+25 -2.02823e+12 -2.02823e+12 2.714
2.43919e+25 -2.69014e+12 -2.69014e+12 4.10585
5.66372e+25 -3.32739e+12 -3.32739e+12 7.61535
2.31875e+25 -1.85286e+12 -1.85286e+12 1.51508
2.51627e+25 -2.07475e+12 -2.07475e+12 2.91749
4.88191e+25 6.25483e+12 6.25483e+12 6.5713
2.86903e+25 1.96814e+12 1.96814e+12 2.24092
4.52137e+25 5.28864e+12 5.28864e+12 4.63219
2.40418e+25 -2.17715e+11 -2.17715e+11 2.61608
3.17249e+25 -4.04007e+11 -4.04007e+11 2.51021
2.7622e+25 -1.80955e+12 -1.80955e+12 2.38665
6.19737e+25 -3.31693e+11 -3.31693e+11 1.87447
4.41093e+25 3.68889e+12 3.68889e+12 5.20648
4.23381e+25 -4.19822e+12 -4.19822e+12 3.77986
2.5251e+25 -1.26714e+11 -1.26714e+11 2.26577
4.16401e+25 1.99648e+12 1.99648e+12 3.78994
4.60663e+25 1.41653e+12 1.41653e+12 1.80347
4.77734e+25 -2.4807e+12 -2.4807e+12 2.36257
2.37195e+25 7.34294e+10 7.34294e+10 2.37246
2.63896e+25 -3.9949e+11 -3.9949e+11 3.36846
1.73167e+25 -6.19457e+11 -6.19457e+11 1.9238
3.00214e+25 -2.34735e+12 -2.34735e+12 3.09761
2.06537e+25 1.5266e+12 1.5266e+12 2.20348
2.64905e+25 -2.50467e+12 -2.50467e+12 3.06546
2.74134e+25 1.1043e+12 1.1043e+12 2.89134
2.17756e+25 -2.46276e+10 -2.46276e+10 1.93828
3.65153e+25 2.50174e+12 2.50174e+12 2.41966
3.51404e+25 2.88822e+12 2.88822e+12 4.35876
3.67832e+25 1.75181e+12 1.75181e+12 2.24761
5.88526e+25 3.55528e+12 3.55528e+12 2.8795
4.56923e+25 7.97408e+12 7.97408e+12 4.09355
1.7455e+25 -6.47783e+11 -6.47783e+11 1.5389
2.32951e+25 -1.99673e+12 -1.99673e+12 4.44522
3.48001e+25 2.78849e+11 2.78849e+11 3.64764
4.83296e+25 8.81363e+12 8.81363e+12 4.22792
3.54852e+25 1.71168e+11 1.71168e+11 2.05888
2.15872e+25 -1.04201e+11 -1.04201e+11 1.85098
5.92784e+25 -2.03147e+12 -2.03147e+12 2.56153
2.10949e+25 -5.71627e+11 -5.71627e+11 2.9338
3.42143e+25 1.58634e+12 1.58634e+12 3.75055
3.58685e+25 -2.11978e+11 -2.11978e+11 5.3317
2.82156e+25 2.71574e+12 2.71574e+12 4.66202
2.23566e+25 -5.941e+11 -5.941e+11 2.03842
3.7908e+25 1.69926e+12 1.69926e+12 2.73675
4.58979e+25 -2.63778e+12 -2.63778e+12 2.66638
2.80449e+25 8.3048e+11 8.3048e+11 4.06577
5.14441e+25 -1.84473e+08 -1.84473e+08 3.5087
2.38855e+25 -1.40687e+11 -1.40687e+11 2.00996
4.15731e+25 -2.35029e+10 -2.35029e+10 1.84353
4.94893e+25 -4.61563e+12 -4.61563e+12 3.24189
5.24786e+25 1.74579e+12 1.74579e+12 2.3853
2.69866e+25 -3.28723e+11 -3.28723e+11 2.48354
2.59279e+25 -7.52415e+11 -7.52415e+11 2.52727
3.49303e+25 7.42235e+10 7.42235e+10 2.48015
4.10908e+25 4.68998e+11 4.68998e+11 1.55727
1.89401e+25 -2.18095e+12 -2.18095e+12 4.8058
2.66462e+25 -9.33871e+11 -9.33871e+11 2.21455
6.10023e+25 -5.86636e+12 -5.86636e+12 5.62339
3.74484e+25 1.58076e+11 1.58076e+11 2.3428
2.00628e+25 3.81604e+12 3.81604e+12 3.23468
2.47375e+25 3.98252e+11 3.98252e+11 2.73475
3.84155e+25 -1.43089e+12 -1.43089e+12 1.857
2.06366e+25 1.16591e+11 1.16591e+11 2.24168
2.35092e+25 1.73616e+12 1.73616e+12 2.85583
5.37998e+25 1.64199e+12 1.64199e+12 2.23375
3.14472e+25 -3.26429e+11 -3.26429e+11 1.88601
5.42918e+25 3.64637e+12 3.64637e+12 2.2697
1.34847e+25 -1.15948e+12 -1.15948e+12 2.38105
5.0314e+25 -2.44597e+12 -2.44597e+12 1.51936
3.33184e+25 -2.39194e+12 -2.39194e+12 6.97019
3.36149e+25 3.00911e+12 3.00911e+12 3.65763
2.85421e+25 -1.21554e+12 -1.21554e+12 3.09436
3.06834e+25 -1.49825e+12 -1.49825e+12 1.57108
3.92397e+25 -1.7008e+12 -1.7008e+12 3.71056
1.51644e+25 3.83489e+11 3.83489e+11 2.3912
3.6783e+25 3.32568e+12 3.32568e+12 3.21199
4.14091e+25 3.93403e+10 3.93403e+10 2.76622
2.19523e+25 -5.89265e+11 -5.89265e+11 2.38618
4.76348e+25 -7.66337e+11 -7.66337e+11 3.07492
2.19025e+25 -1.94645e+11 -1.94645e+11 2.3019
2.44645e+25 1.93236e+12 1.93236e+12 2.45684
3.12119e+25 -3.72899e+12 -3.72899e+12 4.24366
3.89402e+25 4.71383e+11 4.71383e+11 4.18614
2.84862e+25 6.93008e+11 6.93008e+11 2.082
4.41664e+25 -2.37561e+12 -2.37561e+12 3.14954
3.67975e+25 2.79589e+12 2.79589e+12 2.37566
1.49974e+25 -1.44154e+11 -1.44154e+11 1.45705
2.42017e+25 -9.1645e+11 -9.1645e+11 1.96134
3.77862e+25 -2.72044e+12 -2.72044e+12 2.44066
2.57402e+25 8.04566e+11 8.04566e+11 1.91605
2.60629e+25 3.08944e+11 3.08944e+11 3.72391
1.6291e+25 9.3879e+11 9.3879e+11 2.80756
4.44012e+25 -7.38191e+11 -7.38191e+11 1.9698
3.39703e+25 -2.21615e+12 -2.21615e+12 2.07332
2.8029e+25 -3.02313e+12 -3.02313e+12 2.57388
4.54899e+25 -2.09263e+12 -2.09263e+12 2.90309
2.14317e+25 -3.17075e+10 -3.17075e+10 3.5006
2.73784e+25 5.28791e+10 5.28791e+10 4.60282
1.79616e+25 -1.48872e+12 -1.48872e+12 2.17041
3.14912e+25 5.54023e+12 5.54023e+12 3.85747
2.33573e+25 -4.08608e+12 -4.08608e+12 6.05175
3.04975e+25 1.48998e+12 1.48998e+12 2.47768
3.6328e+25 -7.04322e+10 -7.04322e+10 2.51812
2.34824e+25 -1.58128e+12 -1.58128e+12 2.65
2.55953e+25 -5.20444e+11 -5.20444e+11 2.62614
4.55691e+25 -4.46585e+12 -4.46585e+12 2.9934
3.27855e+25 7.12226e+11 7.12226e+11 3.65196
5.05028e+25 4.76793e+12 4.76793e+12 3.31297
4.96994e+25 2.85272e+12 2.85272e+12 2.74595
2.23139e+25 3.06679e+12 3.06679e+12 3.39567
3.52799e+25 6.33128e+09 6.33128e+09 3.58428
2.58587e+25 2.48115e+11 2.48115e+11 3.83368
1.37628e+25 1.34626e+12 1.34626e+12 3.74517
1.98265e+25 8.86359e+11 8.86359e+11 2.85063
3.02485e+25 -1.18595e+12 -1.18595e+12 2.54824
2.55318e+25 -5.31553e+11 -5.31553e+11 1.37838
4.13978e+25 -5.13611e+12 -5.13611e+12 3.14153
1.43953e+25 -1.48788e+12 -1.48788e+12 4.05261
2.29397e+25 6.95458e+11 6.95458e+11 2.39402
2.60862e+25 7.86747e+11 7.86747e+11 2.20348
2.94186e+25 -1.67586e+12 -1.67586e+12 2.3695
2.60698e+25 -9.17911e+11 -9.17911e+11 1.54555
7.43493e+25 -2.2429e+12 -2.2429e+12 3.26218
4.03389e+25 -2.24222e+11 -2.24222e+11 2.57423
1.52937e+25 2.96901e+11 2.96901e+11 2.27478
4.00088e+25 -3.98874e+11 -3.98874e+11 4.39238
5.41325e+25 3.05819e+12 3.05819e+12 3.32725
3.34709e+25 -6.37851e+12 -6.37851e+12 5.34621
4.37573e+25 -3.97495e+12 -3.97495e+12 3.90646
4.79684e+25 -3.81908e+12 -3.81908e+12 2.67646
6.86733e+25 1.48826e+12 1.48826e+12 3.48999
3.81622e+25 2.54315e+12 2.54315e+12 3.07059
2.75656e+25 -1.21437e+12 -1.21437e+12 3.78179
3.78059e+25 1.94062e+12 1.94062e+12 3.09633
2.98959e+25 1.8865e+12 1.8865e+12 2.24047
2.78277e+25 -4.17733e+11 -4.17733e+11 1.85371
1.83047e+25 -7.41944e+11 -7.41944e+11 2.32846
3.25898e+25 -1.76448e+11 -1.76448e+11 2.33748
3.31156e+25 -4.67488e+12 -4.67488e+12 4.24278
3.27016e+25 1.61807e+12 1.61807e+12 2.19613
3.0151e+25 4.76176e+11 4.76176e+11 2.36203
4.33181e+25 -1.7405e+12 -1.7405e+12 3.35651
3.8029e+25 -4.66836e+12 -4.66836e+12 4.01375
2.99883e+25 8.84781e+11 8.84781e+11 2.90714
1.46695e+25 -1.48527e+12 -1.48527e+12 3.32181
2.72877e+25 1.72427e+12 1.72427e+12 2.42656
2.70871e+25 4.39788e+12 4.39788e+12 3.52482
4.5422e+25 3.81649e+12 3.81649e+12 3.15949
2.0428e+25 2.38615e+12 2.38615e+12 4.11831
3.67322e+25 -5.74739e+12 -5.74739e+12 4.14043
2.80958e+25 -1.37009e+11 -1.37009e+11 2.80264
2.39303e+25 9.84819e+11 9.84819e+11 2.17933
2.68561e+25 5.17763e+11 5.17763e+11 2.17983
2.43845e+25 1.71803e+12 1.71803e+12 2.37209
2.2384e+25 -9.77801e+11 -9.77801e+11 4.5549
2.24218e+25 1.48135e+12 1.48135e+12 1.88513
3.47156e+25 -1.57874e+11 -1.57874e+11 2.69022
3.03625e+25 2.5071e+12 2.5071e+12 3.34479
2.00252e+25 3.67176e+11 3.67176e+11 3.23682
3.06386e+25 4.03869e+11 4.03869e+11 2.41374
3.81884e+25 -2.45553e+12 -2.45553e+12 3.3372
1.63486e+25 1.23038e+12 1.23038e+12 2.67529
1.97286e+25 -6.56548e+11 -6.56548e+11 2.61277
4.23496e+25 -4.1657e+12 -4.1657e+12 3.46187
2.81464e+25 3.51661e+11 3.51661e+11 2.58624
2.13215e+25 -2.86788e+12 -2.86788e+12 2.65252
3.95712e+25 1.79943e+12 1.79943e+12 2.26206
1.65418e+25 3.86568e+11 3.86568e+11 2.41282
2.72468e+25 -5.80506e+11 -5.80506e+11 4.19415
2.39577e+25 -4.36549e+12 -4.36549e+12 3.37504
1.33958e+25 -5.55705e+11 -5.55705e+11 3.59622
3.07168e+25 -4.1374e+12 -4.1374e+12 4.01393
2.42106e+25 -1.90123e+12 -1.90123e+12 2.28972
2.92448e+25 -3.23835e+12 -3.23835e+12 2.54477
3.81829e+25 -1.30895e+12 -1.30895e+12 2.53952
2.84527e+25 -9.13426e+11 -9.13426e+11 3.67681
4.56604e+25 2.88258e+12 2.88258e+12 2.53457
4.24698e+25 -3.01504e+12 -3.01504e+12 2.53982
3.20413e+25 4.63953e+12 4.63953e+12 5.23934
5.7975e+25 2.06515e+12 2.06515e+12 2.31252
3.42132e+25 -2.50524e+11 -2.50524e+11 2.38213
1.4865e+25 1.22129e+12 1.22129e+12 2.73435
2.84613e+25 2.07668e+12 2.07668e+12 3.04065
3.03661e+25 -2.32844e+12 -2.32844e+12 2.58639
2.66936e+25 3.74674e+11 3.74674e+11 3.1054
2.10421e+25 -1.22422e+12 -1.22422e+12 2.98988
3.32575e+25 2.7513e+12 2.7513e+12 2.33834
2.25153e+25 2.38268e+12 2.38268e+12 3.91707
5.14794e+25 6.34831e+12 6.34831e+12 3.5002
2.06246e+25 1.13928e+12 1.13928e+12 2.32889
4.59838e+25 1.15767e+12 1.15767e+12 5.83304
3.85452e+25 2.50224e+11 2.50224e+11 2.95922
3.19362e+25 1.24858e+11 1.24858e+11 1.77632
2.31382e+25 -1.92123e+11 -1.92123e+11 2.59717
2.96858e+25 6.53046e+12 6.53046e+12 3.54586
3.63017e+25 3.33186e+12 3.33186e+12 3.76524
2.82369e+25 8.22449e+11 8.22449e+11 2.05543
3.26383e+25 -3.92813e+12 -3.92813e+12 5.89239
3.60893e+25 9.82822e+11 9.82822e+11 5.52056
2.17912e+25 5.23349e+11 5.23349e+11 2.45613
2.78368e+25 -2.03902e+12 -2.03902e+12 2.93458
1.89532e+25 1.94855e+11 1.94855e+11 3.12212
2.21877e+25 9.09849e+11 9.09849e+11 2.13956
2.23126e+25 -3.28549e+12 -3.28549e+12 5.12254
7.1572e+25 -3.10573e+12 -3.10573e+12 3.0089
3.59463e+25 8.85322e+11 8.85322e+11 3.31462
1.84141e+25 1.11973e+12 1.11973e+12 3.96662
2.97894e+25 1.65797e+12 1.65797e+12 2.13492
2.81457e+25 -1.11857e+12 -1.11857e+12 3.7665
1.30259e+25 -4.05044e+10 -4.05044e+10 2.86476
2.0968e+25 1.53416e+12 1.53416e+12 2.34205
3.37131e+25 1.07821e+12 1.07821e+12 3.17064
3.97733e+25 -1.87073e+12 -1.87073e+12 3.51413
1.93477e+25 -3.27808e+11 -3.27808e+11 2.26358
3.1823e+25 -3.78742e+12 -3.78742e+12 4.48873
3.12934e+25 -3.4812e+12 -3.4812e+12 5.22435
2.71193e+25 -1.38381e+11 -1.38381e+11 3.93786
2.59489e+25 -2.19309e+12 -2.19309e+12 3.31826
9.27909e+25 7.43215e+11 7.43215e+11 2.63095
3.49216e+25 -1.74191e+12 -1.74191e+12 1.68034
6.11008e+25 1.805e+12 1.805e+12 3.14012
6.90227e+25 -3.57572e+09 -3.57572e+09 2.14418
4.76914e+25 -8.18377e+12 -8.18377e+12 5.74329
1.88444e+25 -1.79371e+11 -1.79371e+11 3.91204
2.50802e+25 -8.27425e+11 -8.27425e+11 3.59149
2.78515e+25 -1.86932e+12 -1.86932e+12 1.97191
2.50182e+25 2.46723e+12 2.46723e+12 2.34824
3.22975e+25 -3.78845e+12 -3.78845e+12 3.74892
2.30549e+25 2.30829e+12 2.30829e+12 4.28717
2.91244e+25 -7.48584e+11 -7.48584e+11 3.70001
2.14777e+25 -3.91329e+11 -3.91329e+11 2.47798
3.5462e+25 3.04703e+11 3.04703e+11 2.33953
1.62498e+25 -4.73801e+11 -4.73801e+11 2.11555
2.39835e+25 -9.72629e+11 -9.72629e+11 2.3066
2.43915e+25 -3.8854e+12 -3.8854e+12 2.9862
2.73239e+25 3.80633e+11 3.80633e+11 1.91415
3.41112e+25 -1.68285e+12 -1.68285e+12 2.51233
2.29174e+25 -3.1779e+12 -3.1779e+12 4.64816
3.4061e+25 -5.46292e+11 -5.46292e+11 1.83699
1.91358e+25 3.51776e+11 3.51776e+11 3.919
1.89342e+25 -3.98794e+11 -3.98794e+11 3.54625
3.19932e+25 3.65442e+11 3.65442e+11 3.22706
2.72894e+25 4.2663e+12 4.2663e+12 3.66156
3.95464e+25 -3.75235e+12 -3.75235e+12 2.35612
3.36137e+25 7.63115e+11 7.63115e+11 2.09023
2.41784e+25 1.87976e+12 1.87976e+12 2.99873
9.68805e+25 4.98745e+12 4.98745e+12 2.58519
3.08212e+25 -6.54911e+11 -6.54911e+11 4.88749
4.60926e+25 -1.75352e+12 -1.75352e+12 2.34238
2.29127e+25 1.71746e+12 1.71746e+12 3.40732
5.14865e+25 5.56705e+12 5.56705e+12 3.70966
2.91777e+25 -4.11314e+11 -4.11314e+11 1.78985
4.02315e+25 -3.85169e+11 -3.85169e+11 2.81079
3.16465e+25 1.02228e+12 1.02228e+12 1.63353
2.13372e+25 3.10744e+12 3.10744e+12 4.72328
1.29586e+25 -7.47193e+10 -7.47193e+10 2.94963
4.4075e+25 -2.87445e+12 -2.87445e+12 2.49523
2.03222e+25 -7.21507e+11 -7.21507e+11 2.61772
3.69432e+25 -1.84735e+11 -1.84735e+11 4.23692
2.81486e+25 -1.47199e+12 -1.47199e+12 3.16549
4.53128e+25 3.89542e+12 3.89542e+12 2.36957
2.52562e+25 4.52515e+11 4.52515e+11 2.96172
5.31694e+25 -1.55088e+12 -1.55088e+12 3.87769
2.94424e+25 -2.42183e+12 -2.42183e+12 2.44263
2.20611e+25 -8.48679e+07 -8.48679e+07 2.21681
2.67452e+25 5.70187e+11 5.70187e+11 5.0933
4.18568e+25 -8.19287e+12 -8.19287e+12 4.27562
3.61216e+25 7.61502e+11 7.61502e+11 4.40088
4.37247e+25 1.94421e+11 1.94421e+11 2.0043
3.55159e+25 -1.1571e+12 -1.1571e+12 2.32248
3.02266e+25 -2.46756e+10 -2.46756e+10 1.71696
3.78756e+25 4.12126e+11 4.12126e+11 5.21692
1.43387e+25 2.0993e+11 2.0993e+11 3.18239
2.91728e+25 -3.03316e+11 -3.03316e+11 2.68799
2.98893e+25 2.42465e+12 2.42465e+12 3.4851
1.81811e+25 -6.68883e+11 -6.68883e+11 2.84395
3.54192e+25 -1.49687e+12 -1.49687e+12 2.32487
2.55173e+25 4.50593e+10 4.50593e+10 2.52576
3.216e+25 -1.15805e+12 -1.15805e+12 3.67264
5.70186e+25 2.01924e+12 2.01924e+12 2.52744
3.04126e+25 1.17997e+12 1.17997e+12 3.24626
2.01496e+25 4.62767e+12 4.62767e+12 6.98013
2.34676e+25 -1.28676e+12 -1.28676e+12 3.06985
1.5951e+25 -1.6562e+12 -1.6562e+12 2.72688
3.48446e+25 -5.85591e+11 -5.85591e+11 2.25923
2.54693e+25 -1.2166e+12 -1.2166e+12 4.22465
2.21022e+25 -9.078e+11 -9.078e+11 4.56111
4.03888e+25 1.29147e+12 1.29147e+12 3.42596
3.53303e+25 2.1558e+12 2.1558e+12 2.94198
4.63444e+25 3.26014e+12 3.26014e+12 3.67687
1.27076e+25 1.26572e+12 1.26572e+12 3.03524
3.63268e+25 1.79957e+12 1.79957e+12 2.37544
1.59307e+25 1.00379e+12 1.00379e+12 2.19686
2.28861e+25 8.44573e+10 8.44573e+10 3.83511
2.90518e+25 -4.81486e+12 -4.81486e+12 4.3787
3.77277e+25 1.3379e+12 1.3379e+12 2.12867
4.81926e+25 -1.60949e+12 -1.60949e+12 2.92396
3.90805e+25 5.85755e+11 5.85755e+11 2.19973
2.16011e+25 6.93355e+11 6.93355e+11 3.29581
1.52407e+25 -7.67596e+11 -7.67596e+11 1.7665
2.51604e+25 -1.57657e+12 -1.57657e+12 3.2194
2.83236e+25 -1.80002e+11 -1.80002e+11 2.58357
2.63571e+25 -1.06564e+12 -1.06564e+12 1.63907
2.60172e+25 -6.57331e+11 -6.57331e+11 2.32771
4.63926e+25 4.80723e+12 4.80723e+12 4.06474
4.73048e+25 1.6156e+12 1.6156e+12 1.86748
2.75078e+25 -4.53054e+11 -4.53054e+11 2.58555
3.09203e+25 -2.51193e+12 -2.51193e+12 3.20557
3.34275e+25 -1.45537e+12 -1.45537e+12 2.47508
1.97207e+25 -4.03056e+11 -4.03056e+11 2.46846
3.49564e+25 -7.35366e+11 -7.35366e+11 2.87239
3.16369e+25 1.27508e+12 1.27508e+12 2.0302
4.40708e+25 5.24356e+11 5.24356e+11 2.85676
1.93091e+25 1.19157e+12 1.19157e+12 1.83519
3.99175e+25 -1.47724e+12 -1.47724e+12 2.62205
2.67308e+25 -1.10371e+12 -1.10371e+12 1.85939
4.37693e+25 1.16187e+12 1.16187e+12 3.48668
3.01556e+25 -2.07122e+12 -2.07122e+12 3.67447
3.07565e+25 1.8834e+12 1.8834e+12 2.95973
3.38451e+25 -3.43118e+12 -3.43118e+12 2.82676
3.16955e+25 2.20993e+11 2.20993e+11 4.09561
2.51411e+25 -9.24469e+11 -9.24469e+11 3.0968
2.67825e+25 1.94623e+12 1.94623e+12 3.61461
4.41721e+25 -3.16136e+11 -3.16136e+11 2.87461
3.82515e+25 6.78224e+11 6.78224e+11 1.95531
2.29138e+25 -2.93651e+12 -2.93651e+12 2.44369
2.92705e+25 2.56648e+12 2.56648e+12 3.12155
4.03305e+25 -2.65491e+12 -2.65491e+12 3.70364
3.69961e+25 -1.36835e+12 -1.36835e+12 4.81949
7.09158e+25 4.37227e+12 4.37227e+12 5.63999
2.27355e+25 -4.86736e+12 -4.86736e+12 5.44956
2.55638e+25 1.19117e+12 1.19117e+12 1.55614
1.94676e+25 1.58586e+12 1.58586e+12 1.88151
4.08824e+25 5.41328e+11 5.41328e+11 3.06756
3.78716e+25 6.971e+11 6.971e+11 2.08675
4.58231e+25 7.31069e+12 7.31069e+12 4.22251
2.35443e+25 7.95674e+11 7.95674e+11 1.50239
2.68165e+25 3.15214e+11 3.15214e+11 2.81983
3.29596e+25 -2.64299e+12 -2.64299e+12 2.75707
2.71879e+25 -6.2393e+11 -6.2393e+11 2.45451
3.7768e+25 2.28844e+12 2.28844e+12 3.07046
2.66987e+25 -4.1964e+11 -4.1964e+11 2.12455
3.00667e+25 -1.14355e+12 -1.14355e+12 1.4664
5.08647e+25 6.33049e+12 6.33049e+12 3.83419
2.24409e+25 1.9141e+11 1.9141e+11 3.40416
4.40602e+25 2.63886e+12 2.63886e+12 2.20792
2.33616e+25 -1.7285e+12 -1.7285e+12 2.69814
3.04111e+25 -3.04771e+12 -3.04771e+12 2.95151
3.83448e+25 7.74235e+11 7.74235e+11 2.5997
1.91902e+25 -8.58261e+11 -8.58261e+11 3.26894
2.81525e+25 -6.27392e+11 -6.27392e+11 3.25217
3.68524e+25 6.59376e+11 6.59376e+11 2.46495
2.96298e+25 6.18285e+12 6.18285e+12 4.46612
3.22245e+25 1.60455e+12 1.60455e+12 2.31255
2.04175e+25 2.62324e+12 2.62324e+12 3.86321
1.00191e+25 8.58285e+11 8.58285e+11 3.6051
1.61175e+25 -8.59725e+11 -8.59725e+11 3.63504
2.56736e+25 -9.75574e+11 -9.75574e+11 2.27785
3.94235e+25 1.39757e+12 1.39757e+12 1.40037
2.28171e+25 -8.80821e+11 -8.80821e+11 1.87973
3.4124e+25 2.58563e+12 2.58563e+12 2.11493
3.17345e+25 -1.58007e+11 -1.58007e+11 3.62899
2.90182e+25 2.46982e+12 2.46982e+12 3.08023
4.87401e+25 -3.0371e+12 -3.0371e+12 1.96975
3.88527e+25 1.65387e+12 1.65387e+12 1.44112
4.03995e+25 1.7548e+12 1.7548e+12 3.07754
3.79589e+25 -3.45947e+12 -3.45947e+12 4.81756
3.32716e+25 7.81015e+11 7.81015e+11 2.474
4.41082e+25 -1.22727e+12 -1.22727e+12 2.60653
1.36152e+25 8.66134e+10 8.66134e+10 3.00726
3.86725e+25 -3.68818e+12 -3.68818e+12 2.07144
2.68387e+25 1.62031e+11 1.62031e+11 1.99849
1.67077e+25 4.98093e+11 4.98093e+11 3.71922
5.58649e+25 1.13019e+12 1.13019e+12 2.14027
3.27768e+25 -2.25002e+12 -2.25002e+12 2.40202
6.06235e+25 -4.6119e+12 -4.6119e+12 3.96971
2.63387e+25 1.51362e+12 1.51362e+12 2.40295
2.95585e+25 2.26473e+12 2.26473e+12 2.03941
2.49361e+25 9.70248e+11 9.70248e+11 2.70149
3.3196e+25 2.49849e+12 2.49849e+12 3.81067
4.45717e+25 -8.02551e+11 -8.02551e+11 4.44553
3.08976e+25 -2.83565e+12 -2.83565e+12 3.05046
2.32824e+25 9.82306e+11 9.82306e+11 2.99375
2.14412e+25 2.18929e+12 2.18929e+12 3.33739
3.83039e+25 2.05601e+12 2.05601e+12 3.21265
7.73389e+25 3.72233e+12 3.72233e+12 2.17663
3.4164e+25 1.16655e+11 1.16655e+11 2.22955
4.21308e+25 -7.84584e+12 -7.84584e+12 6.06751
2.17018e+25 1.72739e+11 1.72739e+11 4.03118
4.0076e+25 5.34919e+12 5.34919e+12 3.79511
2.90812e+25 1.10881e+10 1.10881e+10 2.25948
2.74625e+25 1.3985e+12 1.3985e+12 2.25764
3.13487e+25 3.18979e+11 3.18979e+11 1.99759
2.37175e+25 1.51584e+12 1.51584e+12 3.18943
3.30299e+25 -4.69463e+11 -4.69463e+11 4.04334
3.45172e+25 5.89334e+12 5.89334e+12 6.09634
1.95913e+25 1.31622e+12 1.31622e+12 2.67001
2.93322e+25 -5.77585e+11 -5.77585e+11 3.15748
3.81654e+25 1.82534e+12 1.82534e+12 4.9835
3.33234e+25 -4.53169e+12 -4.53169e+12 3.51564
3.15731e+25 1.12685e+12 1.12685e+12 8.17777
3.52243e+25 2.49487e+12 2.49487e+12 4.19578
2.04524e+25 -3.1546e+12 -3.1546e+12 3.84696
4.26974e+25 2.96103e+12 2.96103e+12 5.08619
3.06905e+25 -7.00858e+11 -7.00858e+11 2.3238
2.26613e+25 8.6406e+10 8.6406e+10 1.54338
4.32372e+25 2.65894e+12 2.65894e+12 2.34918
3.41489e+25 3.36731e+12 3.36731e+12 2.09904
6.94818e+25 -7.15202e+11 -7.15202e+11 2.3585
3.22952e+25 -2.5655e+12 -2.5655e+12 3.03499
2.01244e+25 -3.13455e+12 -3.13455e+12 2.03756
3.49369e+25 7.15923e+11 7.15923e+11 3.16702
2.45183e+25 -1.71892e+11 -1.71892e+11 3.72136
3.16964e+25 -6.63627e+11 -6.63627e+11 2.63056
3.53275e+25 1.9305e+12 1.9305e+12 2.31443
2.04362e+25 5.9526e+11 5.9526e+11 2.86759
2.75326e+25 2.07108e+12 2.07108e+12 2.29779
2.61154e+25 6.21863e+11 6.21863e+11 1.92011
3.07679e+25 3.29043e+12 3.29043e+12 2.22978
3.68034e+25 1.0193e+12 1.0193e+12 3.28426
4.6269e+25 -2.33255e+12 -2.33255e+12 1.74878
3.23334e+25 -2.80605e+12 -2.80605e+12 3.78146
3.28251e+25 -2.34056e+12 -2.34056e+12 2.49724
2.78633e+25 1.67383e+12 1.67383e+12 2.71757
4.39473e+25 6.14022e+11 6.14022e+11 4.07882
5.39362e+25 1.69263e+12 1.69263e+12 3.03754
2.40439e+25 -2.51907e+11 -2.51907e+11 3.49012
2.24489e+25 -2.0223e+12 -2.0223e+12 3.42549
4.83616e+25 2.78658e+12 2.78658e+12 2.54245
6.43259e+25 -1.05163e+12 -1.05163e+12 2.41595
2.42657e+25 6.43967e+11 6.43967e+11 2.2927
3.35779e+25 -3.89662e+10 -3.89662e+10 3.44244
4.26416e+25 -1.72946e+12 -1.72946e+12 1.74471
3.26471e+25 1.57709e+11 1.57709e+11 1.85072
6.30218e+25 1.40923e+12 1.40923e+12 4.42073
3.62826e+25 1.20561e+12 1.20561e+12 3.83509
2.83557e+25 -1.90225e+12 -1.90225e+12 3.19807
2.23765e+25 1.87079e+12 1.87079e+12 2.40906
2.87435e+25 -6.33746e+11 -6.33746e+11 1.81652
3.49525e+25 2.18259e+12 2.18259e+12 4.33389
1.9726e+25 3.53299e+11 3.53299e+11 2.44157
1.88326e+25 -4.52402e+11 -4.52402e+11 4.133
1.79688e+25 -1.53129e+12 -1.53129e+12 2.57672
3.27664e+25 -1.64023e+12 -1.64023e+12 2.0393
2.37815e+25 -1.77956e+12 -1.77956e+12 2.27242
2.87709e+25 2.1118e+12 2.1118e+12 2.46058
2.57926e+25 4.26616e+12 4.26616e+12 3.75099
3.26835e+25 -3.19046e+12 -3.19046e+12 3.5201
2.24199e+25 -4.27862e+12 -4.27862e+12 3.46837
3.04149e+25 -6.77054e+10 -6.77054e+10 2.44406
4.9742e+25 -8.51735e+12 -8.51735e+12 7.29679
2.01821e+25 -1.37608e+12 -1.37608e+12 3.90127
2.18217e+25 8.03927e+11 8.03927e+11 2.66978
2.52245e+25 1.99994e+12 1.99994e+12 4.2965
3.10097e+25 -1.45426e+12 -1.45426e+12 1.82203
2.68112e+25 -3.33451e+12 -3.33451e+12 3.27139
3.021e+25 -3.65552e+11 -3.65552e+11 2.19147
3.83995e+25 -1.24666e+12 -1.24666e+12 1.48464
4.10423e+25 3.21942e+12 3.21942e+12 4.80292
1.64266e+25 -6.34514e+11 -6.34514e+11 3.25122
2.55867e+25 -8.05512e+11 -8.05512e+11 3.0002
1.99347e+25 -1.54608e+12 -1.54608e+12 4.56854
5.42788e+25 3.72076e+12 3.72076e+12 2.28682
3.69473e+25 1.36796e+12 1.36796e+12 3.09922
3.34528e+25 3.57149e+12 3.57149e+12 4.91744
2.85178e+25 8.85292e+11 8.85292e+11 2.53747
3.24033e+25 -2.74855e+12 -2.74855e+12 3.10666
2.03188e+25 -8.15881e+11 -8.15881e+11 2.28523
2.76171e+25 8.61951e+11 8.61951e+11 2.43274
2.58797e+25 4.40393e+12 4.40393e+12 4.52021
4.12736e+25 -5.09814e+10 -5.09814e+10 3.6218
2.30463e+25 -4.59491e+11 -4.59491e+11 3.49682
3.39115e+25 4.02062e+12 4.02062e+12 3.07364
2.14011e+25 1.73713e+12 1.73713e+12 2.90788
1.95072e+25 -2.50514e+12 -2.50514e+12 3.1427
2.40936e+25 3.51162e+11 3.51162e+11 2.82834
2.52438e+25 5.06374e+10 5.06374e+10 2.55399
4.64583e+25 -2.62053e+12 -2.62053e+12 2.29225
5.43581e+25 4.52947e+12 4.52947e+12 2.62976
9.0711e+25 5.38942e+12 5.38942e+12 2.8508
1.73991e+25 -5.48968e+09 -5.48968e+09 2.62089
1.91545e+25 1.35081e+12 1.35081e+12 4.93316
3.25293e+25 -1.17367e+12 -1.17367e+12 1.91838
6.48429e+25 1.36907e+12 1.36907e+12 1.96877
6.29516e+25 -7.99813e+12 -7.99813e+12 3.22067
1.44325e+25 -6.86512e+11 -6.86512e+11 2.36463
4.27914e+25 -1.25446e+12 -1.25446e+12 1.95444
2.95966e+25 -2.6654e+12 -2.6654e+12 3.12608
2.37518e+25 -1.87764e+12 -1.87764e+12 2.7351
2.89177e+25 7.27023e+11 7.27023e+11 1.95954
4.63366e+25 4.67087e+12 4.67087e+12 3.53408
2.14864e+25 -3.55e+11 -3.55e+11 3.88411
2.69035e+25 -3.87549e+12 -3.87549e+12 2.93103
2.26148e+25 5.47584e+11 5.47584e+11 2.28978
2.73807e+25 1.07747e+11 1.07747e+11 2.78037
5.05754e+25 -1.62434e+12 -1.62434e+12 3.08562
4.11357e+25 1.93651e+12 1.93651e+12 2.63712
2.9826e+25 -1.65204e+12 -1.65204e+12 2.18902
2.52871e+25 -1.09608e+12 -1.09608e+12 2.24187
2.02989e+25 6.24343e+11 6.24343e+11 1.76529
2.41955e+25 -7.95445e+11 -7.95445e+11 3.46844
1.84058e+25 9.11346e+11 9.11346e+11 2.05525
4.5505e+25 -7.85254e+11 -7.85254e+11 2.41662
3.27415e+25 -1.88623e+12 -1.88623e+12 3.57656
2.92256e+25 -3.68877e+12 -3.68877e+12 3.75973
2.28267e+25 5.36226e+11 5.36226e+11 2.48615
1.55025e+25 5.27331e+09 5.27331e+09 3.44602
1.72479e+25 -9.12485e+11 -9.12485e+11 3.30469
2.68401e+25 4.0676e+12 4.0676e+12 5.14196
3.4824e+25 -2.60531e+11 -2.60531e+11 3.15834
3.48508e+25 8.45597e+11 8.45597e+11 2.20586
3.15746e+25 4.58538e+12 4.58538e+12 3.99516
2.84521e+25 -8.75592e+11 -8.75592e+11 3.3942
4.0045e+25 1.00237e+11 1.00237e+11 2.41314
1.79834e+25 2.21828e+12 2.21828e+12 3.4491
3.59571e+25 -3.0804e+12 -3.0804e+12 3.54845
4.75365e+25 6.89699e+11 6.89699e+11 4.02906
3.69609e+25 2.52713e+12 2.52713e+12 2.78028
3.87003e+25 -2.88655e+12 -2.88655e+12 2.60353
3.50655e+25 -2.47763e+12 -2.47763e+12 3.19576
1.85311e+25 -3.80802e+12 -3.80802e+12 5.34303
5.07233e+25 8.64777e+10 8.64777e+10 1.64736
2.20374e+25 1.89689e+11 1.89689e+11 1.74269
2.17975e+25 1.95831e+11 1.95831e+11 2.61762
2.07027e+25 -4.12973e+11 -4.12973e+11 3.94385
3.36568e+25 -1.64449e+12 -1.64449e+12 2.32849
2.80094e+25 2.17541e+12 2.17541e+12 3.46722
4.42689e+25 -4.18967e+12 -4.18967e+12 2.71475
2.85253e+25 -6.11922e+11 -6.11922e+11 1.80833
2.10448e+25 -5.61712e+12 -5.61712e+12 4.78235
3.018e+25 -1.50707e+12 -1.50707e+12 1.7933
3.24291e+25 -5.46804e+12 -5.46804e+12 3.46209
3.30931e+25 -2.51146e+11 -2.51146e+11 2.81872
3.33231e+25 2.63092e+11 2.63092e+11 1.93449
2.10768e+25 -1.08974e+12 -1.08974e+12 3.13722
2.2794e+25 -6.19061e+11 -6.19061e+11 2.92964
3.48828e+25 -1.40878e+12 -1.40878e+12 2.91124
2.71264e+25 1.13204e+12 1.13204e+12 2.19493
1.43915e+25 -3.39606e+11 -3.39606e+11 2.19861
2.63011e+25 3.41154e+11 3.41154e+11 3.25136
1.73462e+25 -7.00281e+11 -7.00281e+11 3.06241
2.12901e+25 1.58837e+12 1.58837e+12 3.00011
5.20656e+25 -2.64744e+12 -2.64744e+12 2.03237
3.99131e+25 -1.97386e+12 -1.97386e+12 2.73238
3.02356e+25 5.42862e+12 5.42862e+12 6.19137
2.84235e+25 -1.50916e+12 -1.50916e+12 1.8605
3.66635e+25 4.14077e+12 4.14077e+12 4.27047
2.69519e+25 2.64835e+12 2.64835e+12 2.69092
2.68918e+25 1.98265e+11 1.98265e+11 2.36364
2.81294e+25 2.32365e+12 2.32365e+12 2.9825
3.14669e+25 1.22348e+12 1.22348e+12 3.49997
4.08121e+25 -3.74947e+12 -3.74947e+12 2.94448
3.12304e+25 2.50108e+12 2.50108e+12 2.49496
2.89491e+25 -7.55881e+11 -7.55881e+11 2.53935
4.02759e+25 -2.265e+12 -2.265e+12 3.97165
2.93878e+25 -1.78602e+12 -1.78602e+12 3.8108
3.89633e+25 2.51617e+12 2.51617e+12 4.03374
2.99351e+25 -6.694e+11 -6.694e+11 2.725
4.28183e+25 5.02825e+11 5.02825e+11 2.13712
2.79755e+25 -1.92804e+12 -1.92804e+12 3.62176
3.34943e+25 3.44239e+10 3.44239e+10 1.8779
2.39463e+25 1.1205e+12 1.1205e+12 2.91228
4.24188e+25 3.43365e+12 3.43365e+12 4.69
3.13516e+25 6.81061e+11 6.81061e+11 2.94772
3.54471e+25 -1.67783e+12 -1.67783e+12 2.0339
3.18183e+25 -9.61852e+11 -9.61852e+11 2.21992
2.8906e+25 -1.07781e+12 -1.07781e+12 3.02701
5.87924e+25 -2.37272e+11 -2.37272e+11 3.32982
1.85794e+25 1.20493e+12 1.20493e+12 3.14097
2.03195e+25 1.5677e+12 1.5677e+12 2.54796
2.84155e+25 -2.47433e+12 -2.47433e+12 5.32034
4.00924e+25 1.37787e+11 1.37787e+11 2.7211
3.79295e+25 -1.6046e+12 -1.6046e+12 1.90052
3.35011e+25 -1.26777e+12 -1.26777e+12 1.66556
3.04578e+25 -2.00076e+12 -2.00076e+12 2.76018
2.06167e+25 -3.16279e+12 -3.16279e+12 2.91133
3.66341e+25 -2.21441e+12 -2.21441e+12 3.52557
2.08606e+25 2.99784e+12 2.99784e+12 2.45073
2.01205e+25 -1.70639e+12 -1.70639e+12 4.39526
2.53046e+25 8.65333e+11 8.65333e+11 1.96986
4.07382e+25 -9.95728e+11 -9.95728e+11 2.92002
2.40387e+25 1.62036e+12 1.62036e+12 2.34945
6.04777e+25 -5.01774e+12 -5.01774e+12 3.27585
2.87479e+25 2.12344e+12 2.12344e+12 1.85972
2.35175e+25 1.55669e+12 1.55669e+12 1.97666
2.81657e+25 2.78922e+12 2.78922e+12 3.53597
2.25942e+25 7.49972e+11 7.49972e+11 2.5194
1.89169e+25 -1.3568e+12 -1.3568e+12 2.96969
5.97896e+25 4.71205e+12 4.71205e+12 5.23041
1.89635e+25 -3.12101e+12 -3.12101e+12 4.32058
3.56045e+25 -2.55738e+11 -2.55738e+11 2.44475
2.11155e+25 -7.20906e+11 -7.20906e+11 3.32904
1.81495e+25 -5.94205e+11 -5.94205e+11 2.78807
3.05693e+25 -5.10699e+11 -5.10699e+11 1.74676
2.74545e+25 2.90554e+12 2.90554e+12 4.02447
1.79213e+25 5.94062e+11 5.94062e+11 2.18814
2.93392e+25 -8.05583e+11 -8.05583e+11 2.59696
3.19941e+25 -9.62286e+11 -9.62286e+11 2.59335
