98.8613 -6.14844 -6.14844 45.5931
136.677 -20.7408 -20.7408 17.4948
60.0004 -11.4305 -11.4305 17.0581
147.934 -11.03 -11.03 42.3914
140.874 3.64181 3.64181 36.6755
84.5939 4.54302 4.54302 25.8856
236.969 -3.7589 -3.7589 10.7187
136.311 -19.1406 -19.1406 15.9049
105.321 -9.40962 -9.40962 28.2002
69.9131 11.6244 11.6244 22.1089
148.564 -31.8229 -31.8229 41.7374
94.7077 13.0582 13.0582 40.7411
153.358 0.830779 0.830779 17.8698
92.46 -0.754584 -0.754584 18.4374
133.179 34.0458 34.0458 23.965
110.97 15.0644 15.0644 24.0246
113.659 1.62532 1.62532 9.62714
44.3295 11.0367 11.0367 34.2203
148.292 -15.0086 -15.0086 20.7203
110.275 -11.4532 -11.4532 28.5582
108.863 4.01396 4.01396 18.2732
158.464 9.21327 9.21327 18.6606
148.59 -18.6089 -18.6089 40.1784
238.737 -56.4472 -56.4472 44.4388
228.009 48.2642 48.2642 25.7497
110.927 24.0262 24.0262 21.4739
102.149 3.99311 3.99311 23.0774
131.171 -10.5106 -10.5106 23.6264
112.889 -18.019 -18.019 17.8652
110.219 -2.51078 -2.51078 20.88
195.635 80.1596 80.1596 50.8288
150.463 -2.7092 -2.7092 45.7723
203.26 -23.783 -23.783 32.4553
192.699 55.6213 55.6213 51.5914
135.963 4.9181 4.9181 15.8074
89.9142 6.40894 6.40894 23.5892
93.5565 -8.3161 -8.3161 19.7297
108.921 6.63099 6.63099 14.885
90.1376 18.6946 18.6946 21.0617
121.928 -19.5332 -19.5332 28.1579
181.917 -15.2189 -15.2189 56.6591
103 2.56767 2.56767 45.6765
159.934 -4.06568 -4.06568 16.1943
97.921 -4.28384 -4.28384 20.8079
92.2899 19.259 19.259 27.6196
135.212 12.8585 12.8585 16.1769
90.7156 3.85061 3.85061 21.2867
134.426 0.980409 0.980409 13.7718
255.501 -6.13381 -6.13381 45.8187
365.426 -85.645 -85.645 54.0821
256.768 -11.9585 -11.9585 34.406
164.945 -10.8797 -10.8797 23.9673
58.1227 4.17414 4.17414 16.2663
83.2709 5.58948 5.58948 24.1006
67.4171 -2.99322 -2.99322 13.4673
56.1526 2.57688 2.57688 23.9906
81.6204 4.09194 4.09194 36.4486
175.958 -16.5137 -16.5137 26.4304
312.158 26.6056 26.6056 20.0537
130.69 20.8611 20.8611 27.6954
151.535 54.2707 54.2707 65.1737
183.306 11.569 11.569 19.2982
104.154 -23.002 -23.002 31.8734
42.3336 -4.21189 -4.21189 17.4978
115.185 -14.2143 -14.2143 19.2369
103.006 10.4711 10.4711 16.4037
181.359 48.157 48.157 36.4788
89.8212 17.26 17.26 68.1451
78.6579 25.906 25.906 49.7439
295.56 2.68816 2.68816 25.4342
346.049 -28.7078 -28.7078 53.47
85.8109 10.3189 10.3189 34.0927
140.822 -3.72289 -3.72289 12.7599
240.673 -72.6715 -72.6715 36.5155
89.3014 -0.994468 -0.994468 17.5493
104.89 19.2524 19.2524 27.3449
92.8526 26.7804 26.7804 37.5144
69.0139 -4.67752 -4.67752 14.8484
141.068 3.63393 3.63393 25.8123
92.6233 16.5514 16.5514 25.2713
76.1838 1.39461 1.39461 18.4512
113.387 6.31623 6.31623 14.9216
195.801 -4.01539 -4.01539 40.7696
85.9274 -5.59225 -5.59225 21.1305
75.2955 -5.84907 -5.84907 36.8747
69.6941 3.16437 3.16437 18.087
150.245 20.7073 20.7073 15.3421
96.8708 18.9946 18.9946 86.9151
155.327 3.76512 3.76512 18.9051
227.887 15.9302 15.9302 48.9344
136.048 17.309 17.309 36.5908
73.7139 -11.1816 -11.1816 25.0082
111.583 -19.6326 -19.6326 25.3292
86.9679 1.3366 1.3366 26.2537
118.379 -10.5441 -10.5441 24.3578
167.687 -8.95388 -8.95388 26.1471
84.9314 3.62165 3.62165 44.4662
59.9963 6.19589 6.19589 17.3794
174.499 -10.5157 -10.5157 19.4742
241.776 -20.2271 -20.2271 17.6299
57.0272 2.22683 2.22683 22.0881
69.9685 -1.22204 -1.22204 24.9136
162.68 12.7021 12.7021 20.1889
327.74 42.4371 42.4371 25.1851
121.242 -54.8734 -54.8734 52.2871
187.488 -37.4961 -37.4961 33.3728
144.524 6.38003 6.38003 20.4633
186.709 -35.5629 -35.5629 44.2392
117.438 10.5465 10.5465 17.1479
166.076 7.99079 7.99079 19.1306
232.684 9.94512 9.94512 30.0061
71.7316 -6.51746 -6.51746 91.1969
114.011 -8.89697 -8.89697 14.2113
192.314 1.12585 1.12585 42.1661
99.1062 2.18546 2.18546 16.3146
385.808 -31.1899 -31.1899 21.7012
112.363 -1.72382 -1.72382 11.3455
158.926 22.4232 22.4232 21.3594
200.21 28.2633 28.2633 50.9269
149.911 8.62296 8.62296 17.2389
79.4789 2.28479 2.28479 26.5567
95.282 -7.92173 -7.92173 42.5565
90.8464 6.76931 6.76931 22.5883
141.36 -22.8268 -22.8268 32.3045
164.431 -35.3965 -35.3965 22.2024
107.716 -26.6859 -26.6859 63.2092
172.348 3.7095 3.7095 22.4467
161.999 -45.492 -45.492 38.5111
95.2902 -12.4757 -12.4757 11.8975
270.957 7.37729 7.37729 12.0743
113.234 7.18168 7.18168 26.3617
86.8629 -29.4934 -29.4934 58.9218
68.8246 -17.0178 -17.0178 48.9444
132.705 17.9837 17.9837 28.4511
167.777 12.7293 12.7293 16.7716
128.362 15.842 15.842 18.0082
136.271 -2.13561 -2.13561 20.2852
117.349 -3.74732 -3.74732 15.601
157.132 -21.7409 -21.7409 24.9068
234.634 -8.05357 -8.05357 18.3148
113 -2.17668 -2.17668 26.6652
97.0285 -22.2917 -22.2917 23.2481
124.314 -29.7537 -29.7537 36.5104
77.1378 2.81949 2.81949 18.6631
97.8684 -20.9137 -20.9137 31.646
129.824 -20.7463 -20.7463 30.5521
280.725 -6.39102 -6.39102 29.9636
54.0537 -0.162624 -0.162624 19.0808
108.181 -16.3161 -16.3161 19.7617
64.9584 6.92207 6.92207 19.9392
180.579 -6.53203 -6.53203 27.9476
66.013 -2.90355 -2.90355 20.9944
71.5473 -10.4825 -10.4825 30.4524
150.767 10.7973 10.7973 24.4512
97.4255 16.0389 16.0389 25.9229
148.195 18.3684 18.3684 31.3383
85.5095 -10.9648 -10.9648 28.9463
153.399 -16.7165 -16.7165 19.6491
125.302 18.2231 18.2231 42.083
122.754 -3.54753 -3.54753 23.5148
257.118 -37.0756 -37.0756 37.4549
122.918 0.461056 0.461056 19.6994
109.598 -14.4469 -14.4469 39.0708
153.185 -3.55038 -3.55038 9.77114
116.439 -13.0234 -13.0234 34.6239
115.835 -2.91033 -2.91033 14.0734
149.169 63.3464 63.3464 59.2999
108.883 27.3608 27.3608 28.5438
135.925 -23.7852 -23.7852 25.2293
164.215 -37.2691 -37.2691 66.9733
114.164 9.07085 9.07085 22.5215
59.1169 2.93343 2.93343 20.6232
59.9748 -5.61047 -5.61047 23.4466
118.523 27.2925 27.2925 34.0753
96.2286 -8.71754 -8.71754 39.7072
109.155 -4.06014 -4.06014 31.0076
71.8711 4.3772 4.3772 54.1889
115.624 -0.81629 -0.81629 19.0569
157.311 -6.67562 -6.67562 21.8773
88.8998 4.32442 4.32442 20.742
116.753 -14.577 -14.577 26.3054
75.1646 -25.9117 -25.9117 33.3957
93.288 -10.4254 -10.4254 23.623
58.8804 17.4253 17.4253 48.3715
133.761 -6.70806 -6.70806 14.3659
134.392 -7.92229 -7.92229 44.9349
115.259 -8.46278 -8.46278 14.2933
241.036 -54.0288 -54.0288 32.8198
96.3363 -1.18034 -1.18034 17.7454
60.9436 -11.8893 -11.8893 42.4534
243.399 41.4588 41.4588 43.0012
101.638 2.21057 2.21057 68.1983
156.236 6.17444 6.17444 28.741
140.073 35.264 35.264 27.0132
82.3939 14.054 14.054 34.5499
274.383 1.21673 1.21673 14.4348
161.573 -19.3527 -19.3527 32.3765
108.011 5.10788 5.10788 22.3649
67.5667 0.421129 0.421129 23.8618
102.014 13.5702 13.5702 19.9489
64.3984 -11.7667 -11.7667 22.3191
135.105 19.4337 19.4337 45.6456
47.1448 -3.36086 -3.36086 12.8289
115.242 8.82768 8.82768 15.7468
136.172 -0.728872 -0.728872 15.5872
134.196 12.9632 12.9632 40.2361
94.5 28.3942 28.3942 36.4312
79.5176 12.8466 12.8466 30.1189
115.263 13.7754 13.7754 12.333
133.496 8.37762 8.37762 17.9037
99.3566 -10.4282 -10.4282 19.0212
104.121 7.55537 7.55537 21.2288
104.328 2.95381 2.95381 15.4689
258.755 57.154 57.154 51.745
110.866 2.70359 2.70359 15.486
94.9741 2.69991 2.69991 44.2605
178.191 11.7847 11.7847 15.078
82.8941 13.8775 13.8775 26.4337
138.921 -56.5724 -56.5724 53.771
74.3155 -4.13319 -4.13319 20.3439
145.902 10.6424 10.6424 45.8701
131.976 -3.41671 -3.41671 39.8314
160.922 -4.02607 -4.02607 17.5628
104.404 -27.4027 -27.4027 40.4764
153.177 -5.64597 -5.64597 21.646
106.67 1.92367 1.92367 21.7063
92.1872 -1.27697 -1.27697 21.8616
73.563 -5.75137 -5.75137 18.0769
97.4284 7.43359 7.43359 23.9257
135.91 1.89615 1.89615 21.0558
319.168 39.2543 39.2543 33.21
147.565 17.8047 17.8047 27.7159
74.25 9.01098 9.01098 21.4579
148.31 -10.4818 -10.4818 22.3984
133.399 12.3089 12.3089 19.4277
97.0968 0.239249 0.239249 29.7558
58.1383 -0.0723451 -0.0723451 25.4427
94.1054 -14.3967 -14.3967 14.8624
100.28 11.5429 11.5429 49.9336
136.125 7.99768 7.99768 22.9049
428.121 -85.1243 -85.1243 40.4126
207.411 0.541376 0.541376 24.0276
88.7696 12.5735 12.5735 23.2192
202.442 0.071887 0.071887 17.2602
93.1405 1.43743 1.43743 19.2899
101.47 -22.1104 -22.1104 21.7241
70.846 -1.70585 -1.70585 14.996
89.7852 -19.5348 -19.5348 24.0667
143.314 -9.21499 -9.21499 18.1246
615.714 81.8467 81.8467 43.8711
226.044 -23.6386 -23.6386 16.7862
70.5837 -10.6139 -10.6139 45.4668
263.672 -28.5063 -28.5063 34.806
91.2462 13.0018 13.0018 25.335
152.732 -31.9756 -31.9756 35.7563
85.7919 8.32856 8.32856 33.0883
47.5008 -1.57349 -1.57349 11.7374
79.5941 1.67429 1.67429 16.8881
142.136 18.5573 18.5573 15.7709
119.211 26.6283 26.6283 59.5837
106.683 -22.7391 -22.7391 21.6026
185.384 19.4614 19.4614 20.4398
62.6952 3.41484 3.41484 36.5278
122.106 28.1015 28.1015 29.4777
163.43 -12.9938 -12.9938 17.4161
116.669 -4.8249 -4.8249 25.3841
117.496 5.35111 5.35111 47.9605
176.941 -6.51186 -6.51186 19.4736
85.1668 -25.1527 -25.1527 122.751
123.475 -6.34365 -6.34365 38.8611
106.811 -19.8326 -19.8326 62.0302
190.31 8.75573 8.75573 44.8877
135.338 17.6393 17.6393 27.8165
110.035 -7.60759 -7.60759 36.1573
68.9073 7.16129 7.16129 14.3138
172.362 -6.32393 -6.32393 94.4625
70.9438 -8.35669 -8.35669 31.4898
117.293 -16.1067 -16.1067 23.0367
101.274 -22.7993 -22.7993 39.8103
61.5923 -2.36573 -2.36573 16.7183
98.4316 -3.44372 -3.44372 13.5648
167.377 7.97532 7.97532 23.4928
135.179 -34.8519 -34.8519 26.8036
75.2545 -11.1979 -11.1979 37.9216
86.6939 1.80998 1.80998 23.3293
88.2567 0.998528 0.998528 37.2158
149.772 -13.263 -13.263 24.5139
120.158 13.067 13.067 21.6502
85.7463 4.27881 4.27881 14.3706
118.509 16.3993 16.3993 35.53
117.606 -4.65542 -4.65542 20.8418
95.8211 -6.61951 -6.61951 29.5779
109.32 -15.3714 -15.3714 27.1384
182.628 13.6631 13.6631 20.9355
257.601 62.9893 62.9893 48.0006
134.749 -14.4984 -14.4984 23.1757
108.581 25.0437 25.0437 25.5362
61.0995 -3.60541 -3.60541 17.3294
79.3309 5.06207 5.06207 11.2059
209.966 31.9506 31.9506 25.2201
97.4746 -0.24164 -0.24164 16.9876
162.784 -11.253 -11.253 61.7884
80.9801 -9.40845 -9.40845 25.1224
157.372 39.3532 39.3532 21.5956
82.7356 -24.7625 -24.7625 26.5645
101.118 -9.76639 -9.76639 18.2152
65.0263 8.90439 8.90439 21.5891
103.377 -16.5878 -16.5878 24.2648
123.207 -7.27082 -7.27082 16.0916
110.984 16.4956 16.4956 31.2175
110.23 -23.8476 -23.8476 45.6491
102.083 11.7166 11.7166 42.8323
82.924 -17.7249 -17.7249 41.9782
63.7877 -5.21023 -5.21023 22.3381
82.7574 -4.23326 -4.23326 18.5311
93.1944 15.9973 15.9973 22.8801
91.8456 -9.81146 -9.81146 23.6148
163.56 -37.7014 -37.7014 32.2983
142.435 18.8254 18.8254 30.376
68.5653 -10.6623 -10.6623 36.1759
148.187 1.98638 1.98638 31.3611
199.977 34.2027 34.2027 31.6703
325.137 -42.5306 -42.5306 40.5021
178.778 -27.1178 -27.1178 47.166
118.472 -19.5384 -19.5384 22.8965
102.756 22.0949 22.0949 47.1099
174.741 -0.849108 -0.849108 29.6786
118.648 28.3001 28.3001 41.6108
109.667 4.09506 4.09506 38.2348
200.313 8.61581 8.61581 24.3019
105.53 10.4589 10.4589 17.4423
64.8809 -4.52688 -4.52688 24.4588
144.926 -12.584 -12.584 23.3243
308.477 -89.9233 -89.9233 51.076
146.351 13.4974 13.4974 27.1079
148.188 37.4038 37.4038 25.216
102.827 -1.564 -1.564 19.2372
145.697 3.4141 3.4141 18.01
94.2127 -0.0464546 -0.0464546 22.4597
209.782 5.27153 5.27153 17.2496
116.089 -15.9966 -15.9966 23.5004
251.089 37.9358 37.9358 15.6195
88.6719 1.92103 1.92103 12.4765
114.13 4.22047 4.22047 22.1321
119.244 -16.1087 -16.1087 27.3151
140.218 -22.2508 -22.2508 17.4536
373.241 87.2159 87.2159 66.333
79.1367 9.29592 9.29592 23.7023
55.7279 -14.6303 -14.6303 20.5368
420.875 -20.7526 -20.7526 19.9035
254.253 -35.3861 -35.3861 44.4596
472.213 48.0138 48.0138 15.4933
78.0124 -16.3385 -16.3385 63.7375
75.5037 -2.13084 -2.13084 32.4417
78.13 -12.1042 -12.1042 18.8219
346.666 -21.1548 -21.1548 53.0622
91.9934 -20.7304 -20.7304 34.3866
308.121 12.826 12.826 21.362
235.567 -57.753 -57.753 32.6318
81.4664 20.428 20.428 36.6231
223.35 21.8225 21.8225 25.7298
231.411 91.3825 91.3825 73.2157
175.693 -12.3333 -12.3333 11.47
160.632 3.97176 3.97176 33.7302
84.4902 0.526332 0.526332 13.1733
65.1532 3.69518 3.69518 19.4492
109.166 48.0772 48.0772 42.2937
78.7863 11.7239 11.7239 21.2357
78.7345 16.3768 16.3768 37.2294
129.797 7.84601 7.84601 21.9134
109.96 0.357848 0.357848 49.9409
175.451 -14.5057 -14.5057 12.3323
88.7909 12.0902 12.0902 22.6474
83.7566 -12.151 -12.151 69.8596
81.4933 -4.67229 -4.67229 19.2661
55.1939 1.90333 1.90333 14.4282
158.408 -11.2812 -11.2812 24.5299
95.5541 14.576 14.576 18.3771
105.852 -35.9003 -35.9003 46.6964
72.8137 2.92748 2.92748 13.3739
61.2361 -3.68048 -3.68048 31.9812
103.55 -12.8892 -12.8892 10.3771
79.4489 -0.00285543 -0.00285543 29.4158
97.8523 -17.6933 -17.6933 27.9573
83.4841 13.7088 13.7088 33.641
102.637 0.0180242 0.0180242 16.6704
77.1704 1.766 1.766 21.2618
189.803 -6.98881 -6.98881 23.3042
124.644 -10.4663 -10.4663 29.2336
103.721 7.81206 7.81206 28.9729
75.6473 14.4116 14.4116 25.2259
158.525 12.9459 12.9459 15.0631
239.552 -35.9718 -35.9718 37.0099
111.295 -16.1525 -16.1525 24.9605
172.064 -22.402 -22.402 21.0644
82.4546 -1.65369 -1.65369 18.5544
158.358 33.4962 33.4962 27.7098
86.0561 -6.0805 -6.0805 24.185
153.09 -20.3939 -20.3939 36.2089
208.064 -54.1543 -54.1543 30.3719
84.009 -11.7493 -11.7493 39.1969
95.6813 -4.26572 -4.26572 19.1345
86.433 3.60094 3.60094 23.7681
257.637 6.34827 6.34827 17.229
121.999 44.6744 44.6744 49.0125
116.399 14.1044 14.1044 23.8692
104.163 5.92488 5.92488 15.435
144.038 -26.1696 -26.1696 41.5373
151.124 18.3555 18.3555 29.834
89.3802 -7.71083 -7.71083 28.5172
197.967 31.175 31.175 35.0796
371.405 13.3331 13.3331 28.5834
91.2875 6.34211 6.34211 33.5092
155.334 -2.83688 -2.83688 24.4012
107.593 -7.48361 -7.48361 40.1874
67.2427 7.05286 7.05286 34.9383
114.451 26.2372 26.2372 36.7578
156.641 3.63017 3.63017 21.9529
85.6239 -6.56598 -6.56598 33.4114
121.404 19.3356 19.3356 30.2067
113.284 22.0524 22.0524 30.4501
294.095 24.0249 24.0249 29.0571
232.872 -19.9346 -19.9346 48.3399
106.196 -2.29016 -2.29016 20.1238
47.6037 6.43511 6.43511 17.446
69.1503 -0.432275 -0.432275 20.0097
104.064 -15.561 -15.561 27.3438
59.1916 -1.78824 -1.78824 23.951
210.33 15.8454 15.8454 28.7022
153.37 6.86345 6.86345 19.1744
236.26 0.213907 0.213907 11.1602
115.132 -13.4195 -13.4195 23.4676
138.145 -0.912594 -0.912594 15.7091
60.0545 -9.44474 -9.44474 20.1047
89.907 -6.91266 -6.91266 26.5742
102.266 30.8412 30.8412 35.1646
110.976 1.80049 1.80049 17.3094
145.562 17.2148 17.2148 19.3372
56.8377 -11.5551 -11.5551 32.5443
184.298 -25.9835 -25.9835 24.7697
110.82 -15.3888 -15.3888 35.0119
84.7833 4.92873 4.92873 34.9376
208.879 41.6861 41.6861 32.8341
66.8169 13.1786 13.1786 23.7782
156.676 -25.5298 -25.5298 26.0297
84.2161 2.48285 2.48285 17.961
84.657 18.9917 18.9917 42.4003
153.771 14.0551 14.0551 37.7717
238.149 -18.0553 -18.0553 17.2578
90.1939 10.7206 10.7206 41.0581
148.905 -8.39846 -8.39846 20.2086
126.153 5.26157 5.26157 15.8558
107.308 -17.1595 -17.1595 26.2167
186.758 -18.511 -18.511 18.4755
161.894 -9.82986 -9.82986 28.88
75.9441 -17.7006 -17.7006 32.2268
77.7551 2.85919 2.85919 16.1628
58.2626 -3.06414 -3.06414 12.1704
112.414 2.20184 2.20184 19.1536
139.443 -17.4895 -17.4895 20.7162
76.3602 -1.60226 -1.60226 40.9624
155.819 19.2299 19.2299 23.4915
88.6521 -17.9551 -17.9551 15.7499
58.9197 -3.37539 -3.37539 18.3574
288.979 5.60486 5.60486 30.993
198.825 -10.3432 -10.3432 17.8162
99.0011 -9.32127 -9.32127 45.4438
75.2345 10.1476 10.1476 33.9611
268.91 -36.2305 -36.2305 55.0412
153.379 10.8738 10.8738 14.7023
107.375 -16.9704 -16.9704 28.0018
82.2085 -1.71367 -1.71367 18.243
134.37 19.9987 19.9987 18.078
80.1977 0.46783 0.46783 35.4246
129.342 10.4013 10.4013 52.4693
149.889 8.4441 8.4441 30.581
131.497 -11.6691 -11.6691 36.5286
256.092 26.2675 26.2675 42.215
90.5886 -25.5377 -25.5377 25.9784
393.31 9.94215 9.94215 17.7549
118.513 13.2254 13.2254 20.8969
168.062 6.31549 6.31549 27.8165
138.424 -5.08726 -5.08726 24.1772
152.994 -41.6955 -41.6955 27.9624
166.369 -49.2201 -49.2201 32.243
138.217 -5.53119 -5.53119 12.4248
117.412 -10.7918 -10.7918 20.1882
61.1794 -18.3805 -18.3805 26.5161
206.544 -26.1305 -26.1305 36.777
122.16 -1.71883 -1.71883 35.598
114.883 -28.5581 -28.5581 38.1005
67.5774 -15.1061 -15.1061 32.8045
62.3581 -5.6916 -5.6916 48.3898
152.616 12.1234 12.1234 28.4677
113.26 -22.3985 -22.3985 39.9884
159.198 38.735 38.735 36.0917
219.479 -51.8435 -51.8435 55.6769
123.123 -1.96575 -1.96575 18.7051
122.312 3.0846 3.0846 46.0279
68.3933 -6.14396 -6.14396 27.4127
244.8 13.331 13.331 20.4609
114.972 -20.5921 -20.5921 25.7493
137.201 -0.958999 -0.958999 33.7117
319.686 -20.756 -20.756 29.5408
160.151 12.5373 12.5373 16.1077
82.269 2.4444 2.4444 18.6641
76.9372 5.365 5.365 12.9558
140.202 -18.6328 -18.6328 40.659
119.726 -3.12278 -3.12278 31.1882
87.7309 11.1849 11.1849 20.34
148.514 5.94283 5.94283 30.1029
76.4031 -7.1966 -7.1966 19.2941
190.483 8.60445 8.60445 46.1776
108.312 -0.439917 -0.439917 19.7091
74.5515 5.25025 5.25025 44.4713
98.3795 -2.66553 -2.66553 20.8816
139.259 29.1678 29.1678 25.2922
67.5059 1.68948 1.68948 20.9834
96.7108 14.8718 14.8718 25.5757
64.5431 6.29144 6.29144 19.6654
79.6936 -20.1657 -20.1657 33.531
77.5949 -0.484548 -0.484548 26.3086
70.733 8.95402 8.95402 13.9014
50.553 2.44376 2.44376 50.8191
65.2896 16.0396 16.0396 32.6652
130.92 -6.534 -6.534 49.3174
180.212 33.4681 33.4681 33.063
148.734 19.1769 19.1769 37.661
130.78 10.1648 10.1648 16.8589
78.7845 2.15165 2.15165 24.1802
129.392 6.25106 6.25106 28.0016
142.146 -5.861 -5.861 29.2171
270.7 -37.5748 -37.5748 30.3607
74.0761 15.4391 15.4391 44.8138
85.1711 12.2597 12.2597 105.104
118.678 29.99 29.99 41.9527
119.236 -12.3587 -12.3587 29.7
49.6129 0.782645 0.782645 17.0031
138.984 21.6696 21.6696 23.838
156.074 -23.5776 -23.5776 23.7677
96.9607 -32.9695 -32.9695 59.0404
285.599 44.4317 44.4317 31.5042
249.976 8.91416 8.91416 19.4706
60.3388 10.0113 10.0113 37.7348
129.361 -19.7161 -19.7161 36.1514
128.735 -1.49357 -1.49357 18.1145
147.003 -4.75154 -4.75154 19.0187
170.157 -8.64601 -8.64601 16.8124
163.847 -40.2034 -40.2034 59.6908
111.442 13.3268 13.3268 23.7852
187.377 -32.6852 -32.6852 41.2795
70.8395 -18.4987 -18.4987 31.3056
62.9743 -0.38058 -0.38058 16.0984
144.595 -24.5355 -24.5355 24.9942
113.702 -16.2609 -16.2609 69.0065
163.48 10.7822 10.7822 27.6251
210.243 -47.0962 -47.0962 28.8175
85.5251 -2.22265 -2.22265 26.0717
94.2545 6.53152 6.53152 35.3383
62.4298 0.873723 0.873723 30.0786
124.51 -6.88687 -6.88687 24.7357
115.393 7.37491 7.37491 18.311
105.337 1.52215 1.52215 33.2587
122.232 -6.61425 -6.61425 14.6406
167.509 22.3681 22.3681 31.0569
71.0369 -8.64367 -8.64367 24.0401
72.0379 -3.86451 -3.86451 25.2851
128.332 23.1983 23.1983 34.6688
103.768 6.25863 6.25863 13.1237
64.3466 6.52754 6.52754 24.5868
136.974 -3.16861 -3.16861 12.5961
85.9904 -6.12265 -6.12265 41.3517
112.613 -12.1011 -12.1011 32.1779
178.929 -2.12854 -2.12854 13.7228
180.012 13.2397 13.2397 14.5111
62.088 -4.69336 -4.69336 15.2212
156.178 -12.1578 -12.1578 14.6844
140.361 32.9032 32.9032 54.001
129.284 -27.0412 -27.0412 23.7318
138.019 -7.43566 -7.43566 20.0258
74.5679 19.6189 19.6189 45.6824
46.225 2.91569 2.91569 18.1717
49.7927 13.0495 13.0495 38.6651
43.3894 0.235079 0.235079 16.5887
157.662 50.1675 50.1675 37.0453
184.585 23.1062 23.1062 55.5031
99.7619 -6.1557 -6.1557 25.8458
177.662 -44.2493 -44.2493 33.846
108.668 -11.0572 -11.0572 16.6166
164.411 -3.03019 -3.03019 24.8797
119.942 -14.5675 -14.5675 37.1334
119.13 -11.7108 -11.7108 21.8788
182.859 -32.7862 -32.7862 20.0197
88.197 -0.172189 -0.172189 30.4084
164.745 -2.47246 -2.47246 77.7071
123.694 11.3197 11.3197 31.0893
78.7954 -2.10753 -2.10753 25.526
66.4071 11.1211 11.1211 40.2288
172.201 18.3639 18.3639 51.3898
118.607 -9.60381 -9.60381 20.118
104.884 6.12616 6.12616 37.8866
88.4845 9.58353 9.58353 25.731
172.245 -8.17971 -8.17971 33.6877
73.3111 1.45583 1.45583 23.5732
113.715 2.30453 2.30453 12.0618
90.9916 -0.890989 -0.890989 40.262
232.744 -23.7991 -23.7991 22.3115
173.68 24.9367 24.9367 20.2789
82.7144 -1.1582 -1.1582 12.238
315.051 -44.0847 -44.0847 30.396
71.2192 -1.53187 -1.53187 17.0086
83.8924 4.55668 4.55668 27.3309
183.502 -4.08264 -4.08264 25.3203
79.4469 13.2234 13.2234 24.0564
82.9758 1.24248 1.24248 13.7267
143.249 32.8721 32.8721 29.5934
214.221 -14.2853 -14.2853 23.2841
210.906 22.9603 22.9603 22.1433
477.666 9.0916 9.0916 15.1702
81.0647 3.82455 3.82455 23.5061
58.5055 -3.1058 -3.1058 15.6675
78.3454 -10.9194 -10.9194 30.6805
141.826 12.3086 12.3086 45.2906
68.535 5.76424 5.76424 11.9146
152.617 14.1645 14.1645 24.9371
176.552 -44.9364 -44.9364 38.5258
186.542 -1.81459 -1.81459 11.8517
104.41 -16.833 -16.833 26.4124
79.7509 18.6597 18.6597 43.5798
148.046 -14.749 -14.749 16.5438
120.215 -10.6121 -10.6121 32.3667
109.346 8.56417 8.56417 13.9456
95.4966 -7.37939 -7.37939 16.3705
69.0514 4.37748 4.37748 17.2048
130.709 33.0335 33.0335 24.0889
68.3876 24.9088 24.9088 32.2395
75.0742 1.22881 1.22881 39.6451
166.357 -15.3655 -15.3655 23.0263
148.55 9.1138 9.1138 23.8174
95.1395 -8.76787 -8.76787 73.7314
90.8875 -1.40097 -1.40097 22.8762
170.21 8.49698 8.49698 17.5457
179.355 -42.5801 -42.5801 31.6526
101.364 -5.39645 -5.39645 16.5465
130.952 3.86672 3.86672 15.2177
128.601 -3.37379 -3.37379 15.2017
136.851 -7.86024 -7.86024 26.835
180.087 -7.53777 -7.53777 23.0406
71.402 6.89634 6.89634 13.975
98.5327 -8.72509 -8.72509 19.6724
134.84 5.84833 5.84833 13.9538
117.915 -6.35348 -6.35348 21.191
153.492 37.4904 37.4904 34.988
107.601 -10.3536 -10.3536 39.221
171.203 15.4036 15.4036 19.1545
146.561 -6.56951 -6.56951 30.9868
165.681 -19.1742 -19.1742 29.2527
113.785 13.3924 13.3924 31.363
124.23 2.79124 2.79124 30.4204
93.6864 4.37107 4.37107 35.2635
200.543 -4.10529 -4.10529 15.7579
123.606 -1.56817 -1.56817 16.3457
383.161 40.2003 40.2003 36.5903
139.52 -12.4348 -12.4348 36.6226
100.466 31.799 31.799 52.4249
89.23 6.65368 6.65368 47.5581
69.6908 16.586 16.586 28.2326
58.5036 6.32293 6.32293 29.0195
89.6056 16.1625 16.1625 46.782
122.052 -0.593675 -0.593675 41.9824
129.747 2.27447 2.27447 19.4652
66.7638 7.21518 7.21518 31.0796
78.8682 -2.94047 -2.94047 15.2299
177.729 2.88289 2.88289 15.6415
198.446 37.3163 37.3163 33.8699
73.1082 -2.82341 -2.82341 14.8
94.9117 4.75083 4.75083 28.9378
183.582 10.8629 10.8629 15.4935
147.629 -3.98456 -3.98456 34.4124
166.205 -31.096 -31.096 46.1269
167.206 41.6673 41.6673 38.9622
117.154 -23.6497 -23.6497 28.2565
71.618 -1.88702 -1.88702 90.8395
56.2812 -1.72678 -1.72678 24.1206
84.6812 -6.05948 -6.05948 14.4121
172.118 21.2997 21.2997 19.7051
159.012 23.9138 23.9138 22.0315
182.157 -21.4145 -21.4145 26.2327
126.348 -6.53531 -6.53531 37.8574
65.7913 1.23209 1.23209 16.4578
139.084 10.7117 10.7117 21.5968
102.382 14.1889 14.1889 14.7456
94.173 2.22528 2.22528 14.7251
234.248 14.1582 14.1582 21.7602
133.792 5.62197 5.62197 10.2086
173.622 -19.8725 -19.8725 28.3862
67.8857 -7.48382 -7.48382 37.1871
156.921 34.1357 34.1357 37.5575
96.7554 10.4607 10.4607 36.0207
71.0187 -0.663692 -0.663692 32.27
106.123 -4.72841 -4.72841 43.7695
189.634 -25.6173 -25.6173 23.4848
99.8865 10.9277 10.9277 32.8472
86.909 6.66767 6.66767 14.2367
78.1843 -2.94563 -2.94563 22.3613
279.491 -22.9581 -22.9581 23.7119
140.447 -3.57297 -3.57297 12.7878
311.817 -16.614 -16.614 25.0457
82.2672 17.7457 17.7457 24.4067
210.449 -36.8709 -36.8709 31.4852
142.963 -34.0536 -34.0536 32.1626
114.955 8.94979 8.94979 22.9188
79.2348 3.48276 3.48276 16.0562
80.8004 15.5874 15.5874 30.0966
66.227 8.56666 8.56666 47.3937
85.2119 -6.65807 -6.65807 21.81
135.286 14.7908 14.7908 32.4314
179.897 -14.9556 -14.9556 48.4787
116.17 0.11678 0.11678 23.1203
82.642 8.33875 8.33875 24.6038
287.682 -2.36979 -2.36979 27.6465
89.0477 10.4318 10.4318 48.5553
75.1268 14.2275 14.2275 24.9302
126.731 -6.2715 -6.2715 24.3047
103.57 -8.42035 -8.42035 16.7194
109.556 14.8258 14.8258 14.4034
312.371 -29.0032 -29.0032 40.343
62.2257 10.9005 10.9005 30.2869
178.063 15.4164 15.4164 21.6181
114.608 -11.7985 -11.7985 20.566
83.0821 2.71312 2.71312 43.8511
148.543 -8.74358 -8.74358 12.5917
106.212 8.44213 8.44213 19.5315
267.667 -36.7051 -36.7051 35.2264
79.1542 4.63676 4.63676 11.7749
125.235 9.96911 9.96911 20.9469
109.061 -8.10917 -8.10917 11.6412
107.752 6.15663 6.15663 28.7216
171.419 -15.23 -15.23 19.0907
61.9567 -5.80523 -5.80523 17.6988
69.4432 0.678076 0.678076 8.72882
84.6662 -32.2202 -32.2202 27.8925
97.9626 -3.26253 -3.26253 25.1059
117.884 6.65161 6.65161 24.9749
155.35 4.338 4.338 21.6687
221.822 80.8303 80.8303 61.4088
162.655 12.6144 12.6144 15.1759
83.3759 5.18182 5.18182 45.6342
59.1532 -0.522586 -0.522586 35.8883
91.5124 -3.35019 -3.35019 23.8887
104.839 -7.77433 -7.77433 17.1603
138.277 -16.644 -16.644 35.2056
82.2785 -11.2276 -11.2276 27.0816
165.355 -55.1766 -55.1766 48.7693
75.2982 15.1912 15.1912 18.8104
124.421 35.7219 35.7219 44.449
100.83 -2.33979 -2.33979 19.7041
233.022 -29.0058 -29.0058 29.9761
111.85 9.828 9.828 17.6852
127.503 8.16558 8.16558 28.776
58.0335 10.7698 10.7698 28.5012
259.441 -39.8577 -39.8577 28.3676
123.974 -1.68075 -1.68075 17.912
94.5365 -0.81148 -0.81148 42.8535
97.0851 -10.2126 -10.2126 16.678
159.352 22.5316 22.5316 20.0153
79.2755 -6.68139 -6.68139 15.715
330.287 -39.6289 -39.6289 33.7239
88.6343 -29.0597 -29.0597 57.2985
161.849 4.07627 4.07627 14.4361
174.605 4.34781 4.34781 28.8401
113.877 19.7551 19.7551 32.4225
100.168 -6.73047 -6.73047 24.472
231.789 3.65814 3.65814 18.7822
92.7297 -10.1888 -10.1888 19.9078
208.59 -18.7606 -18.7606 21.5615
64.8616 0.013322 0.013322 30.6691
81.8869 -21.9759 -21.9759 49.8196
126.385 -8.40807 -8.40807 20.6948
101.79 8.20011 8.20011 58.4866
369.021 68.7261 68.7261 36.3576
53.6275 -0.175445 -0.175445 21.0833
70.7896 -7.70275 -7.70275 15.8837
219.961 -2.65775 -2.65775 22.3026
74.5232 6.06748 6.06748 17.3019
81.108 -9.52846 -9.52846 45.0275
145.689 -14.6881 -14.6881 18.6599
122.618 2.96194 2.96194 47.9912
109.787 -6.59269 -6.59269 11.6126
84.3101 9.24892 9.24892 28.8824
126.496 -4.11552 -4.11552 34.6827
95.1824 8.99107 8.99107 22.3555
145.795 2.46839 2.46839 11.0238
92.3609 -3.04119 -3.04119 27.7102
211.325 16.6808 16.6808 26.2672
333.632 -1.71321 -1.71321 42.4118
109.728 26.3231 26.3231 22.9742
110.474 16.8239 16.8239 22.4789
654.662 -201.778 -201.778 92.9844
108.419 -34.029 -34.029 37.0601
102.698 0.253793 0.253793 32.8611
107.701 2.34692 2.34692 14.1323
68.7258 7.71907 7.71907 25.1972
270.195 21.6227 21.6227 21.3792
67.9818 -0.986168 -0.986168 12.7743
155.142 9.249 9.249 26.3458
76.371 -3.14474 -3.14474 14.8562
130.446 -14.2664 -14.2664 20.0504
173.586 -5.00419 -5.00419 22.0426
70.5016 6.9991 6.9991 40.85
263.286 16.2019 16.2019 21.3595
117.805 -8.0539 -8.0539 24.3634
120.371 -8.78379 -8.78379 25.367
223.926 -38.8717 -38.8717 46.5695
123.871 -8.14637 -8.14637 27.0934
93.7412 -1.64369 -1.64369 9.94544
77.8965 -1.63086 -1.63086 13.8432
129.404 1.61547 1.61547 20.8247
102.437 16.4527 16.4527 33.6916
90.8403 7.51476 7.51476 10.4648
163.96 -8.5807 -8.5807 33.0563
71.5313 -2.22144 -2.22144 32.9952
83.5851 11.9306 11.9306 23.9465
148.418 -17.3148 -17.3148 25.2614
170.845 -47.189 -47.189 36.867
65.3324 14.0612 14.0612 19.34
279.643 -57.218 -57.218 52.48
109.064 3.66629 3.66629 15.5294
106.785 13.265 13.265 21.0205
147.653 -22.9233 -22.9233 23.4523
97.6488 -0.718609 -0.718609 27.6673
65.0476 7.19265 7.19265 26.7488
184.304 -12.6416 -12.6416 26.6445
144.459 -21.5654 -21.5654 18.0232
86.1586 -3.12278 -3.12278 29.8928
79.6884 0.838929 0.838929 26.3123
214.191 14.3123 14.3123 35.537
150.186 18.7787 18.7787 51.1615
156.258 8.13366 8.13366 36.7822
202.119 41.0797 41.0797 28.0767
120.143 -8.45325 -8.45325 26.2508
141.532 -0.730487 -0.730487 52.2912
92.0787 -4.58729 -4.58729 31.7512
114.248 19.0898 19.0898 16.8319
105.141 3.24196 3.24196 23.9291
40.9264 -4.28091 -4.28091 13.4025
53.3771 1.99839 1.99839 27.9494
238.076 -113.999 -113.999 81.0828
152.286 15.8644 15.8644 28.0389
98.9782 -13.9022 -13.9022 27.1312
123.533 -5.1056 -5.1056 20.2016
110.855 9.49929 9.49929 21.32
103.301 34.7569 34.7569 52.674
238.124 -36.1706 -36.1706 26.1548
124.579 1.63027 1.63027 16.4495
95.7354 0.90224 0.90224 19.2101
110.144 -5.53574 -5.53574 20.9692
70.2594 4.72959 4.72959 15.7332
188.599 -25.8076 -25.8076 35.0394
197.461 39.9888 39.9888 47.0538
143.776 28.5974 28.5974 49.1623
142.866 -2.48712 -2.48712 21.2525
261.212 -6.53742 -6.53742 36.8858
156.85 10.7166 10.7166 17.3463
133.607 13.6814 13.6814 28.4534
244.486 -4.43618 -4.43618 17.8039
118.564 -4.36264 -4.36264 18.5787
263.991 -16.9461 -16.9461 14.4162
98.2076 -12.1152 -12.1152 27.0493
98.6566 -31.4748 -31.4748 44.3386
123.714 12.658 12.658 15.1107
114.452 25.4448 25.4448 33.8572
137.862 -20.966 -20.966 23.8126
80.8006 12.45 12.45 42.8567
129.019 22.0932 22.0932 26.0644
87.7073 -14.9876 -14.9876 29.6096
276.112 -10.4061 -10.4061 22.6085
136.831 -26.535 -26.535 43.9439
176.416 8.98697 8.98697 16.9248
111.57 12.9861 12.9861 29.9912
124.549 -9.75904 -9.75904 17.6515
102.398 -5.69079 -5.69079 16.7295
107.19 34.1505 34.1505 37.3676
197.903 48.7536 48.7536 61.4546
260.117 6.56636 6.56636 21.8422
169.766 -3.6238 -3.6238 23.5684
185.568 19.0527 19.0527 22.342
84.2124 5.21128 5.21128 32.7522
162.219 31.8509 31.8509 29.0113
97.7387 -18.4849 -18.4849 26.7333
88.5816 10.8609 10.8609 15.4103
147.281 1.87913 1.87913 30.2507
141.051 -7.94508 -7.94508 13.9472
332.276 2.57288 2.57288 45.415
95.9677 33.296 33.296 55.2344
65.8206 -0.939803 -0.939803 65.4144
64.3951 8.96795 8.96795 60.9663
103.671 12.6838 12.6838 14.7172
145.257 4.60498 4.60498 41.48
128.949 23.5106 23.5106 35.3386
76.2058 4.9726 4.9726 27.9577
97.4241 -9.78934 -9.78934 29.2761
54.5418 -2.33282 -2.33282 23.2763
153.384 1.56334 1.56334 25.7346
67.0963 -30.7517 -30.7517 138.24
326.18 -41.771 -41.771 22.785
238.217 25.3511 25.3511 18.2215
57.7723 -8.70139 -8.70139 19.5
259.535 27.2071 27.2071 28.418
78.9182 7.07907 7.07907 28.4847
152.965 36.6779 36.6779 37.8493
59.8263 -0.999231 -0.999231 14.3823
128.987 15.0795 15.0795 25.2583
201.657 69.2482 69.2482 49.5432
92.2846 -9.50788 -9.50788 28.2877
97.0283 1.04523 1.04523 34.0109
248.527 39.1112 39.1112 34.8085
136.193 8.37807 8.37807 29.4328
97.3449 -5.55889 -5.55889 18.2031
73.3192 -3.27332 -3.27332 11.1892
71.1815 -14.4837 -14.4837 31.5853
358.125 1.2803 1.2803 44.7037
96.4228 0.695811 0.695811 23.4172
216.949 1.72011 1.72011 18.2268
129.509 -4.342 -4.342 15.7195
47.9608 -3.42395 -3.42395 52.9565
107.668 11.1454 11.1454 24.3409
113.137 -5.35639 -5.35639 22.2917
71.2835 4.09571 4.09571 16.03
267.118 38.4391 38.4391 46.8254
85.694 -17.5008 -17.5008 23.5166
91.7015 -7.58741 -7.58741 12.5415
148.612 -24.434 -24.434 21.8979
115.455 -8.42136 -8.42136 11.4579
109.967 -1.37496 -1.37496 37.7835
106.145 -12.6197 -12.6197 38.8121
106.927 1.05022 1.05022 20.1302
102.028 2.0287 2.0287 14.2794
80.2838 -9.82175 -9.82175 17.5461
148.955 40.3055 40.3055 64.4035
290.482 -16.8226 -16.8226 9.99494
125.317 18.1713 18.1713 21.3684
84.8136 6.35315 6.35315 26.3302
116.172 -4.39446 -4.39446 25.5476
125.916 16.2899 16.2899 45.2886
142.286 36.0515 36.0515 31.1978
107.13 -7.76157 -7.76157 25.6898
129.713 32.5681 32.5681 27.3994
159.826 34.9031 34.9031 32.9123
66.8841 -6.34156 -6.34156 32.6245
165.063 -14.8884 -14.8884 18.4344
56.4174 -8.17655 -8.17655 32.4744
127.07 4.60122 4.60122 34.5347
106.855 -6.03784 -6.03784 22.051
76.7986 -7.34132 -7.34132 22.899
261.703 18.3022 18.3022 24.8103
60.2313 13.7399 13.7399 26.5453
148.802 -16.9139 -16.9139 20.5014
98.084 4.13008 4.13008 13.9255
94.9092 -0.700272 -0.700272 17.5646
63.3314 3.96391 3.96391 18.5877
154.43 -63.7222 -63.7222 67.5089
68.5366 9.91449 9.91449 33.4928
164.54 22.4464 22.4464 26.8053
94.562 -2.31819 -2.31819 22.711
93.857 -1.24624 -1.24624 16.1538
70.8175 -5.58299 -5.58299 28.8056
113.905 2.35184 2.35184 21.5372
111.613 -0.58512 -0.58512 14.3095
457.299 -32.6998 -32.6998 24.9702
180.156 18.7648 18.7648 70.3893
144.507 13.6293 13.6293 39.6289
111.139 -30.8675 -30.8675 57.2238
140.961 -41.566 -41.566 48.7635
72.6139 22.1168 22.1168 27.9667
120.508 15.1353 15.1353 21.2792
107.228 -32.9666 -32.9666 34.6797
97.5441 19.1399 19.1399 33.9833
113.1 5.74884 5.74884 30.8223
62.39 0.178486 0.178486 12.634
133.497 -1.76034 -1.76034 16.2
133.807 -40.2282 -40.2282 38.1858
105.606 -6.83914 -6.83914 24.3676
50.8708 2.90424 2.90424 32.4224
104.279 11.4192 11.4192 32.0268
100.016 10.5942 10.5942 18.6209
110.6 2.12989 2.12989 25.2209
134.618 3.02061 3.02061 21.7813
337.168 16.1227 16.1227 42.6871
123.552 7.07463 7.07463 33.9503
104.306 15.1335 15.1335 13.9253
102.919 26.8449 26.8449 130.315
97.4618 -7.9918 -7.9918 17.5754
90.7474 -7.78182 -7.78182 25.428
108.098 6.91032 6.91032 16.6747
85.6883 7.22048 7.22048 26.9712
155.024 9.15655 9.15655 21.5601
84.7267 -13.2988 -13.2988 18.9989
226.587 7.38815 7.38815 10.9445
69.1044 -8.75005 -8.75005 37.1985
