-7627.63 -2281.6 -5346.03
-7628.33 -2267.2 -5361.14
-7624.03 -2261.23 -5362.8
-7646.5 -2307.82 -5338.68
-7635.95 -2273.61 -5362.34
-7640.38 -2278.43 -5361.96
-7635.98 -2266.3 -5369.68
-7649.77 -2290.26 -5359.51
-7637.91 -2282.69 -5355.21
-7622.99 -2264.67 -5358.32
-7667.17 -2298.23 -5368.94
-7636.12 -2308.21 -5327.91
-7633.83 -2287.34 -5346.49
-7649.89 -2305.12 -5344.77
-7643.44 -2288.72 -5354.72
-7628.18 -2269.67 -5358.51
-7640.99 -2278.35 -5362.64
-7627.1 -2265.73 -5361.36
-7630.73 -2287.34 -5343.38
-7646.33 -2276.65 -5369.68
-7631.85 -2269.94 -5361.92
-7641.34 -2282.35 -5358.99
-7633.96 -2292.68 -5341.29
-7628.69 -2270.51 -5358.19
-7604.81 -2243.13 -5361.69
-7606.05 -2262.45 -5343.6
-7617.51 -2260.11 -5357.4
-7625.4 -2253.57 -5371.83
-7641.46 -2286.87 -5354.59
-7645.66 -2262.69 -5382.97
-7648.21 -2296.15 -5352.06
-7642.62 -2271.44 -5371.18
-7644.21 -2266.24 -5377.96
-7632.48 -2262.81 -5369.67
-7641.07 -2287.03 -5354.04
-7607.3 -2240.23 -5367.07
-7630.28 -2268.46 -5361.82
-7616.68 -2275.18 -5341.5
-7615 -2278.04 -5336.95
-7636.28 -2295.2 -5341.08
-7630.87 -2265.57 -5365.3
-7617.58 -2278.21 -5339.37
-7624.57 -2290.02 -5334.55
-7613.37 -2267.64 -5345.72
-7638.28 -2307.15 -5331.13
-7622.67 -2276.58 -5346.08
-7636.74 -2281.94 -5354.8
-7642.52 -2285.4 -5357.12
-7666.49 -2327.28 -5339.21
-7645.42 -2291.12 -5354.3
-7632.85 -2279.25 -5353.59
-7627.71 -2284.81 -5342.9
-7641.54 -2312.81 -5328.72
-7659.49 -2328.92 -5330.57
-7603.61 -2259.98 -5343.63
-7649.01 -2291.16 -5357.85
-7639.86 -2302.29 -5337.57
-7648.68 -2303.64 -5345.05
-7653.3 -2296.84 -5356.46
-7656.53 -2310.59 -5345.94
-7625.03 -2269.81 -5355.22
-7626.01 -2281.75 -5344.27
-7631.49 -2298.23 -5333.26
-7660.09 -2309.33 -5350.77
-7627.69 -2269.18 -5358.5
-7622.73 -2265.03 -5357.7
-7639.58 -2287.56 -5352.01
-7661.02 -2301.54 -5359.48
-7648.93 -2311.05 -5337.88
-7623.76 -2253.78 -5369.98
-7633.95 -2294.74 -5339.21
-7654.99 -2302.64 -5352.35
-7610.72 -2253.35 -5357.37
-7635.35 -2288.6 -5346.75
-7663.87 -2300.63 -5363.24
-7615.94 -2256.58 -5359.37
-7652.3 -2304.36 -5347.94
-7626.45 -2285.77 -5340.69
-7624.69 -2291.03 -5333.66
-7648.4 -2299.01 -5349.39
-7641.44 -2283.88 -5357.56
-7652.13 -2284.54 -5367.59
-7657.52 -2294.81 -5362.71
-7630.22 -2277.21 -5353.01
-7640.83 -2285.41 -5355.42
-7667.9 -2305.38 -5362.52
-7625.3 -2270.78 -5354.52
-7637.87 -2285.59 -5352.28
-7638.64 -2296.89 -5341.75
-7638.26 -2282.75 -5355.51
-7616.97 -2265.13 -5351.84
-7647.23 -2311.43 -5335.8
-7650.76 -2305.52 -5345.24
-7646.19 -2300.05 -5346.14
-7637.08 -2286.17 -5350.91
-7624.89 -2299.9 -5324.99
-7657.86 -2322.59 -5335.28
-7633.11 -2278.84 -5354.28
-7615.6 -2267.92 -5347.69
-7631.3 -2302.92 -5328.38
-7640.38 -2302.43 -5337.95
-7649.83 -2280 -5369.83
-7664.39 -2319.81 -5344.58
-7643.79 -2276.87 -5366.92
-7662.08 -2307 -5355.08
-7651.85 -2297.77 -5354.08
-7655.44 -2298.63 -5356.81
-7648.52 -2303.97 -5344.55
-7679.42 -2332.51 -5346.91
-7630.27 -2268.28 -5361.98
-7634.22 -2275.18 -5359.04
-7645.74 -2291.44 -5354.29
-7658.45 -2296.2 -5362.25
-7659.8 -2283.99 -5375.81
-7614.28 -2256.51 -5357.77
-7674.3 -2348.7 -5325.6
-7659.32 -2301.54 -5357.78
-7647.45 -2287.44 -5360.01
-7644.22 -2276.52 -5367.7
-7624.85 -2264.14 -5360.71
-7661.66 -2300.52 -5361.14
-7670.63 -2292.97 -5377.66
-7650.75 -2289.68 -5361.07
-7645.66 -2290.54 -5355.11
-7622.57 -2264.26 -5358.31
-7629.32 -2249.9 -5379.42
-7639.05 -2285.16 -5353.88
-7618.1 -2241.88 -5376.22
-7634.97 -2265.94 -5369.04
-7618.27 -2265.12 -5353.15
-7628.34 -2271.71 -5356.63
-7608.11 -2271.73 -5336.39
-7642.73 -2298.76 -5343.97
-7601.74 -2247.26 -5354.48
-7638.77 -2287.08 -5351.69
-7647.94 -2296.2 -5351.73
-7651.88 -2297.02 -5354.86
-7660.43 -2305.76 -5354.67
-7681.44 -2310.44 -5371
-7648.27 -2282.63 -5365.64
-7649.29 -2273.12 -5376.17
-7673.77 -2329.36 -5344.4
-7655.88 -2305.11 -5350.76
-7636.06 -2300.83 -5335.23
-7634.15 -2277.38 -5356.77
-7608.93 -2262.81 -5346.13
-7667.12 -2309.74 -5357.38
-7670.46 -2296.63 -5373.83
-7664.15 -2308.41 -5355.74
-7654.67 -2280.7 -5373.97
-7678.69 -2293.17 -5385.52
-7688.61 -2315.34 -5373.26
-7669.49 -2309.76 -5359.73
-7692.16 -2329.98 -5362.18
-7671.96 -2322.17 -5349.79
-7654.26 -2284.87 -5369.39
-7663.63 -2283.88 -5379.75
-7651.91 -2307.36 -5344.55
-7669.89 -2321.83 -5348.07
-7635.62 -2284.12 -5351.5
-7657.18 -2293.77 -5363.41
-7658.06 -2297.93 -5360.14
-7641.74 -2271.63 -5370.11
-7622.42 -2288.92 -5333.5
-7648.14 -2276.45 -5371.69
-7643.09 -2289.07 -5354.02
-7635.52 -2292.39 -5343.13
-7624.81 -2291.6 -5333.21
-7630.44 -2274.99 -5355.45
-7641.31 -2289.44 -5351.87
-7642.38 -2289.31 -5353.07
-7645.3 -2290.37 -5354.94
-7648.71 -2297.75 -5350.96
-7641.94 -2277.04 -5364.9
-7645.64 -2264.53 -5381.11
-7657.48 -2305.89 -5351.59
-7629.06 -2249.88 -5379.18
-7641.9 -2251.82 -5390.09
-7657.87 -2312.2 -5345.67
-7647.85 -2294.82 -5353.03
-7651.71 -2292.6 -5359.11
-7610.83 -2256.36 -5354.47
-7648.48 -2287.51 -5360.98
-7612.77 -2230.13 -5382.64
-7652.63 -2265.38 -5387.25
-7643.62 -2262.67 -5380.95
-7631.42 -2275.38 -5356.03
-7615.86 -2260.36 -5355.5
-7621.95 -2260.71 -5361.24
-7647.17 -2291 -5356.17
-7635.09 -2289.58 -5345.51
-7635.15 -2270.85 -5364.3
-7656.24 -2287.55 -5368.69
-7622.46 -2282.81 -5339.65
-7638.23 -2281.73 -5356.5
-7650.11 -2310.31 -5339.8
-7627.14 -2266.15 -5360.98
-7620.78 -2255.42 -5365.36
-7651.03 -2300.46 -5350.57
-7625.28 -2267.8 -5357.48
-7639.72 -2287.46 -5352.26
-7611.61 -2275.14 -5336.48
-7605.76 -2263.11 -5342.64
-7615.22 -2268.89 -5346.33
-7629.15 -2281.27 -5347.88
-7654.59 -2308.3 -5346.29
-7638.31 -2278.11 -5360.2
-7627.94 -2311.48 -5316.45
-7604.52 -2299.26 -5305.27
-7643.5 -2309.03 -5334.47
-7613.76 -2269.77 -5343.99
-7622.22 -2280.24 -5341.98
-7602.56 -2263.96 -5338.59
-7627.58 -2266.8 -5360.78
-7620.31 -2274.57 -5345.74
-7640.48 -2283.96 -5356.53
-7645.56 -2281.62 -5363.94
-7614.02 -2270.18 -5343.84
-7642.39 -2290.34 -5352.05
-7616.94 -2251.34 -5365.6
-7629.8 -2279.6 -5350.19
-7627.5 -2264.56 -5362.94
-7597.77 -2242.74 -5355.03
-7631.68 -2267.96 -5363.71
-7628.75 -2281.68 -5347.07
-7632.83 -2282.43 -5350.4
-7650.69 -2273.95 -5376.74
-7634.65 -2284.26 -5350.39
-7619.57 -2272.67 -5346.9
-7639.23 -2282.68 -5356.55
-7621.46 -2269.74 -5351.73
-7628.12 -2267.65 -5360.47
-7634.59 -2274.9 -5359.69
-7641.27 -2279.01 -5362.27
-7663.9 -2301.84 -5362.06
-7636.66 -2293.06 -5343.6
-7638.93 -2274.56 -5364.36
-7603.81 -2269.69 -5334.12
-7633.28 -2286.76 -5346.52
-7625.37 -2295.66 -5329.71
-7654.58 -2299.2 -5355.38
-7643.1 -2285.12 -5357.98
-7624.24 -2291.09 -5333.15
-7612.9 -2261.43 -5351.47
-7611.76 -2254.88 -5356.88
-7622.02 -2248.07 -5373.95
-7618.65 -2262.14 -5356.51
-7642.82 -2300.2 -5342.62
-7640.11 -2285 -5355.11
-7630.51 -2284.6 -5345.91
-7638.43 -2291.13 -5347.29
-7658.69 -2298.18 -5360.52
-7656.48 -2294.87 -5361.61
-7634.57 -2262.34 -5372.23
-7621.69 -2264.87 -5356.82
-7643.67 -2284.37 -5359.29
-7625.4 -2263.61 -5361.79
-7635.65 -2264.21 -5371.44
-7631.99 -2258.19 -5373.8
-7639.42 -2279.93 -5359.48
-7631.26 -2267.16 -5364.1
-7616.19 -2271.33 -5344.86
-7620.18 -2278.99 -5341.19
-7635.81 -2287.24 -5348.58
-7645.69 -2279.16 -5366.53
-7651.26 -2305.44 -5345.82
-7627.77 -2284.27 -5343.49
-7638.47 -2291.17 -5347.31
-7624.02 -2266.63 -5357.39
-7644.72 -2283.49 -5361.23
-7637.53 -2296.88 -5340.65
-7639.95 -2295.83 -5344.11
-7612.08 -2251.33 -5360.74
-7638.28 -2279.34 -5358.94
-7631.21 -2284.72 -5346.49
-7629.33 -2275.68 -5353.65
-7611.59 -2258.4 -5353.19
-7624.54 -2288.08 -5336.46
-7633.95 -2274.06 -5359.89
-7642.86 -2293.72 -5349.14
-7636.28 -2290.46 -5345.82
-7619.32 -2254.92 -5364.39
-7622.15 -2281.35 -5340.79
-7625.77 -2270.67 -5355.1
-7637.93 -2299.5 -5338.42
-7617.55 -2270.05 -5347.49
-7637.82 -2283.21 -5354.61
-7618.12 -2274.91 -5343.2
-7631.99 -2286.26 -5345.72
-7620.26 -2268.66 -5351.6
-7613.08 -2267.4 -5345.68
-7614.34 -2265.98 -5348.37
-7607.14 -2255.15 -5351.99
-7615.14 -2267.36 -5347.78
-7654.59 -2281.35 -5373.23
-7642.7 -2305.07 -5337.63
-7646.62 -2280.33 -5366.29
-7636.47 -2269.91 -5366.56
-7614.24 -2258.54 -5355.69
-7639.9 -2285.85 -5354.04
-7614.34 -2275.07 -5339.27
-7626.09 -2289 -5337.09
-7676.04 -2332.86 -5343.17
-7634.04 -2293.49 -5340.55
-7626.65 -2279.65 -5347
-7638.93 -2285.5 -5353.43
-7626.34 -2266.43 -5359.92
-7605.06 -2256.32 -5348.74
-7623.02 -2261.25 -5361.77
-7601.34 -2265.69 -5335.65
-7632.33 -2268.48 -5363.85
-7615.19 -2271.91 -5343.28
-7640.62 -2292.27 -5348.35
-7646.81 -2284.8 -5362.01
-7606.4 -2243.38 -5363.01
-7639.16 -2268.68 -5370.48
-7655.24 -2282.97 -5372.27
-7633.75 -2271.74 -5362
-7625.6 -2263.24 -5362.37
-7614.45 -2258.52 -5355.94
-7644.93 -2307.07 -5337.85
-7608.42 -2262.87 -5345.55
-7629.32 -2267.61 -5361.71
-7622.78 -2262.62 -5360.16
-7664.54 -2315.39 -5349.16
-7633.25 -2297.1 -5336.15
-7630.58 -2283.91 -5346.67
-7615.68 -2272.92 -5342.76
-7601.03 -2272.97 -5328.07
-7614.12 -2277.33 -5336.78
-7617.15 -2271.61 -5345.54
-7616.96 -2268.54 -5348.42
-7605.6 -2261.18 -5344.42
-7640.89 -2284.78 -5356.11
-7620.28 -2290.38 -5329.9
-7627.87 -2276.26 -5351.61
-7635.01 -2295.45 -5339.56
-7603.01 -2275.53 -5327.48
-7637.4 -2308.25 -5329.15
-7642.24 -2308.06 -5334.18
-7637.95 -2304.08 -5333.87
-7584.07 -2251.85 -5332.22
-7610.32 -2261.52 -5348.8
-7593.8 -2238.16 -5355.64
-7636.68 -2312.29 -5324.39
-7613.41 -2273.6 -5339.81
-7642.17 -2299.9 -5342.27
-7631.11 -2280.41 -5350.7
-7614.86 -2270.47 -5344.39
-7638.12 -2275.93 -5362.19
-7609.37 -2273.25 -5336.12
-7643.85 -2290.72 -5353.14
-7613.86 -2277.31 -5336.55
-7612.84 -2271.4 -5341.44
-7631.69 -2265.45 -5366.24
-7620.66 -2288.39 -5332.26
-7608.72 -2258.31 -5350.42
-7615.89 -2271.95 -5343.94
-7617.75 -2282.39 -5335.35
-7605.21 -2252.62 -5352.58
-7642.54 -2299.18 -5343.37
-7614.47 -2265.81 -5348.66
-7633.07 -2272.61 -5360.46
-7638.44 -2297.31 -5341.13
-7606.35 -2254.08 -5352.27
-7640.8 -2309.99 -5330.81
-7615.47 -2273.74 -5341.73
-7635.46 -2294.28 -5341.19
-7637.16 -2300.24 -5336.91
-7631.8 -2290.71 -5341.08
-7617.99 -2273.41 -5344.58
-7618.5 -2286.31 -5332.19
-7629.24 -2273.57 -5355.67
-7624.52 -2275.04 -5349.48
-7653.3 -2284.4 -5368.9
-7630.65 -2257.43 -5373.23
-7634.28 -2281.51 -5352.76
-7621.77 -2258.13 -5363.64
-7660.97 -2301.99 -5358.98
-7638.37 -2271.31 -5367.05
-7627.56 -2261.37 -5366.18
-7602.51 -2237.7 -5364.81
-7620.17 -2266.78 -5353.39
-7639.17 -2283.72 -5355.45
-7629.84 -2295.22 -5334.62
-7625.51 -2272.15 -5353.36
-7625.01 -2284.42 -5340.59
-7647.31 -2298.29 -5349.02
-7632.49 -2278.38 -5354.11
-7642.02 -2302.22 -5339.81
-7669.3 -2299.56 -5369.74
-7641.62 -2286.88 -5354.74
-7629.01 -2271.15 -5357.87
-7618.66 -2297.13 -5321.52
-7625.15 -2269.68 -5355.47
-7643.83 -2287.03 -5356.8
-7616.84 -2272.12 -5344.72
-7639.72 -2279.71 -5360.02
-7624.97 -2282.5 -5342.48
-7614 -2267.97 -5346.03
-7626.05 -2302.7 -5323.35
-7657.09 -2289.31 -5367.78
-7637.37 -2292.69 -5344.68
-7647.42 -2289.75 -5357.67
-7634.85 -2283.09 -5351.76
-7635.38 -2278.83 -5356.55
-7615.49 -2252.73 -5362.76
-7621.63 -2268.35 -5353.27
-7651.84 -2293.91 -5357.93
-7649.12 -2305.1 -5344.02
-7642.86 -2286.56 -5356.3
-7643.77 -2290.86 -5352.9
-7607.25 -2266.85 -5340.4
-7647.32 -2323.92 -5323.4
-7625.54 -2302.56 -5322.97
-7641.73 -2300.66 -5341.07
-7635.68 -2292.31 -5343.37
-7655.92 -2329.52 -5326.4
-7645.24 -2326.03 -5319.21
-7648.15 -2309.51 -5338.65
-7641.65 -2287.07 -5354.58
-7641.96 -2304.15 -5337.81
-7648.32 -2344.64 -5303.68
-7635.42 -2302.95 -5332.46
-7647.6 -2302.02 -5345.58
-7651.04 -2291.74 -5359.3
-7640.35 -2307.8 -5332.55
-7652.59 -2303.91 -5348.68
-7650.61 -2317.91 -5332.69
-7649.02 -2295.65 -5353.38
-7638.49 -2318.08 -5320.41
-7647.42 -2297.35 -5350.07
-7673.3 -2317.79 -5355.51
-7639.02 -2296.36 -5342.67
-7649.97 -2297.58 -5352.39
-7637.4 -2273.59 -5363.8
-7645.99 -2302.22 -5343.76
-7637.32 -2294.14 -5343.18
-7652.73 -2280.07 -5372.66
-7644.45 -2267.6 -5376.86
-7608.54 -2249.83 -5358.72
-7637.81 -2270.62 -5367.19
-7644.6 -2276.37 -5368.24
-7651.18 -2288.16 -5363.02
-7651.18 -2278.78 -5372.4
-7657.64 -2287.8 -5369.83
-7659.89 -2287.19 -5372.7
-7668.88 -2308.55 -5360.33
-7646.56 -2271.09 -5375.47
-7657.28 -2313.92 -5343.36
-7623.41 -2266.45 -5356.96
-7665.7 -2301.73 -5363.97
-7657.5 -2293.35 -5364.16
-7666 -2309.12 -5356.88
-7682.07 -2326.29 -5355.78
-7623.92 -2263.2 -5360.73
-7652.22 -2306.96 -5345.27
-7661.48 -2308.51 -5352.96
-7652.24 -2303.19 -5349.05
-7632.2 -2278.78 -5353.42
-7632.99 -2299.8 -5333.19
-7649.1 -2299.4 -5349.7
-7649.71 -2284.75 -5364.96
-7652.91 -2298.2 -5354.7
-7652.49 -2310.94 -5341.55
-7640.88 -2270.48 -5370.4
-7636.62 -2277.39 -5359.24
-7623.05 -2259.64 -5363.41
-7635.61 -2279.9 -5355.71
-7653.58 -2307.11 -5346.47
-7649.85 -2280.45 -5369.39
-7650.14 -2266.39 -5383.75
-7655.81 -2286.33 -5369.48
-7657.26 -2289.18 -5368.08
-7660.38 -2311.1 -5349.29
-7650.98 -2288.38 -5362.6
-7632.22 -2255.92 -5376.3
-7664.78 -2275.72 -5389.06
-7642.78 -2273.13 -5369.65
-7665.8 -2306.18 -5359.62
-7659.96 -2307.03 -5352.93
-7636.53 -2280.64 -5355.89
-7671.54 -2314.37 -5357.17
-7649.62 -2291.56 -5358.06
-7632.83 -2283.76 -5349.07
-7632.79 -2296.89 -5335.9
-7658.1 -2286.43 -5371.68
-7669.71 -2313.23 -5356.48
-7623.96 -2273.71 -5350.26
-7596.79 -2251.76 -5345.03
-7633.31 -2279.71 -5353.6
-7646.44 -2292.54 -5353.9
-7628.92 -2290.13 -5338.8
-7629.4 -2260.12 -5369.28
-7642.25 -2275.16 -5367.09
-7662.06 -2284.36 -5377.71
-7673.49 -2321.38 -5352.11
-7635.96 -2278.2 -5357.76
-7617.26 -2255.92 -5361.34
-7625.22 -2251.77 -5373.45
-7640.74 -2282.92 -5357.82
-7653.82 -2310.96 -5342.87
-7643.89 -2285.09 -5358.8
-7644.87 -2293.05 -5351.82
-7614.29 -2258.56 -5355.73
-7640.45 -2284.11 -5356.35
-7640.57 -2290.69 -5349.88
-7643.42 -2290.1 -5353.32
-7650.62 -2299.09 -5351.53
-7644.41 -2290.39 -5354.02
-7643.77 -2282.48 -5361.29
-7633.02 -2268.06 -5364.95
-7614.84 -2265.57 -5349.27
-7655.05 -2289.2 -5365.84
-7652.15 -2284.28 -5367.87
-7627.77 -2270.08 -5357.69
-7618.59 -2263.62 -5354.97
-7629.2 -2292.96 -5336.24
-7633.75 -2277.62 -5356.13
-7662.99 -2316.49 -5346.49
-7617.75 -2286.35 -5331.39
-7628.98 -2298.42 -5330.57
-7652.2 -2321.8 -5330.39
-7652.97 -2305.78 -5347.18
-7645.02 -2284.84 -5360.18
-7632.07 -2261.41 -5370.66
-7624.6 -2272.77 -5351.83
-7640.31 -2277.97 -5362.34
-7631.51 -2271.02 -5360.5
-7665.15 -2306.01 -5359.13
-7639.18 -2272.93 -5366.25
-7666.89 -2281.64 -5385.25
-7619.99 -2253.15 -5366.84
-7635.19 -2269.24 -5365.95
-7646.86 -2308.46 -5338.4
-7647.92 -2307.79 -5340.13
-7649.39 -2286.99 -5362.41
-7648.69 -2296.9 -5351.79
-7640.78 -2273.85 -5366.93
-7661.14 -2288.16 -5372.98
-7646.91 -2279.11 -5367.8
-7656.08 -2289.79 -5366.29
-7648.26 -2304.75 -5343.5
-7643.64 -2292.06 -5351.59
-7636.46 -2289.19 -5347.27
-7626.73 -2268.86 -5357.87
-7656.86 -2288.59 -5368.27
-7640.86 -2284.49 -5356.37
-7603.8 -2248.96 -5354.84
-7613.21 -2252.6 -5360.61
-7646.72 -2281.04 -5365.68
-7642.9 -2274.39 -5368.51
-7640.02 -2286.37 -5353.66
-7635.18 -2280.58 -5354.6
-7645.68 -2284.75 -5360.92
-7644.03 -2278.97 -5365.06
-7648.26 -2279.09 -5369.17
-7649.55 -2302.44 -5347.12
-7654.16 -2298.37 -5355.79
-7648.44 -2279.56 -5368.88
-7635.55 -2269.83 -5365.73
-7638.92 -2281.56 -5357.36
-7648.18 -2290.64 -5357.55
-7628.23 -2261.14 -5367.09
-7638.29 -2288.42 -5349.87
-7640.87 -2304.24 -5336.62
-7638.47 -2288.07 -5350.4
-7650.1 -2300.12 -5349.98
-7645.71 -2282.32 -5363.38
-7654.35 -2287.35 -5367
-7640.79 -2292.49 -5348.29
-7648.74 -2290.51 -5358.23
-7668.07 -2316.43 -5351.65
-7633.22 -2281.11 -5352.11
-7639.5 -2280.79 -5358.71
-7640.36 -2265.25 -5375.11
-7658.69 -2287.58 -5371.11
-7649.91 -2263.55 -5386.36
-7657.25 -2293.88 -5363.36
-7647.96 -2282.38 -5365.58
-7638.11 -2265.84 -5372.27
-7630.9 -2265.02 -5365.88
-7669.51 -2312.7 -5356.81
-7664.59 -2302.71 -5361.88
-7639.28 -2272.65 -5366.63
-7637.24 -2281.82 -5355.42
-7654.92 -2290 -5364.93
-7669.79 -2310.05 -5359.74
-7656.35 -2300.7 -5355.65
-7640.91 -2284.48 -5356.43
-7645.86 -2295.97 -5349.9
-7632.98 -2264.14 -5368.84
-7631.5 -2258.73 -5372.78
-7634.65 -2276.38 -5358.27
-7652.09 -2279.11 -5372.98
-7660.56 -2307.95 -5352.61
-7690.42 -2318 -5372.42
-7674.5 -2304.3 -5370.2
-7640.71 -2267.56 -5373.15
-7651.18 -2275.94 -5375.24
-7652.14 -2294.12 -5358.02
-7636.88 -2284.07 -5352.81
-7658.1 -2296.87 -5361.24
-7634.9 -2274.5 -5360.4
-7622.57 -2271.58 -5350.98
-7631.03 -2275.46 -5355.57
-7650.13 -2294.96 -5355.17
-7657.13 -2278.67 -5378.47
-7674.22 -2295.34 -5378.87
-7658.29 -2290.49 -5367.79
-7673.66 -2302.27 -5371.39
-7655.03 -2282.55 -5372.48
-7644.24 -2276.61 -5367.63
-7626.97 -2282.75 -5344.21
-7630.76 -2290.15 -5340.61
-7630.15 -2287.09 -5343.06
-7627.02 -2282.44 -5344.58
-7645.01 -2281.6 -5363.41
-7677.26 -2321.84 -5355.42
-7664.38 -2293.54 -5370.84
-7661.13 -2284.38 -5376.76
-7664.23 -2307.26 -5356.97
-7662.78 -2320.67 -5342.11
-7651.56 -2307.18 -5344.38
-7658.64 -2314.46 -5344.18
-7660.73 -2315.73 -5345
-7621.54 -2269.31 -5352.23
-7652.63 -2285.11 -5367.52
-7626.46 -2266.54 -5359.93
-7620.84 -2263.26 -5357.58
-7627.06 -2257.74 -5369.32
-7626.11 -2261.44 -5364.66
-7624.57 -2254.54 -5370.03
-7638.84 -2264.57 -5374.26
-7649.6 -2286.31 -5363.29
-7638.08 -2275.65 -5362.43
-7643.21 -2277.59 -5365.62
-7675.71 -2290.87 -5384.85
-7651.32 -2294.32 -5357
-7656.11 -2282.03 -5374.08
-7661.78 -2291.45 -5370.33
-7644.6 -2281.97 -5362.63
-7646.8 -2286.82 -5359.99
-7645.73 -2298.35 -5347.39
-7647.72 -2278.73 -5368.99
-7641.62 -2295.7 -5345.91
-7663 -2285.88 -5377.12
-7631.3 -2281.42 -5349.88
-7668.67 -2282.31 -5386.36
-7661.56 -2276.4 -5385.17
-7658.49 -2294.47 -5364.02
-7662.29 -2292.97 -5369.31
-7644.54 -2265.6 -5378.94
-7648.54 -2293.83 -5354.72
-7654.64 -2292.69 -5361.95
-7644.38 -2263.61 -5380.77
-7639.64 -2270.29 -5369.35
-7636.49 -2279.46 -5357.03
-7642.29 -2274.79 -5367.5
-7631.58 -2261.87 -5369.71
-7637.8 -2275.93 -5361.88
-7635.54 -2258.11 -5377.43
-7650.54 -2282.45 -5368.09
-7630.03 -2272.95 -5357.08
-7629.25 -2294.44 -5334.81
-7644.93 -2284.1 -5360.83
-7644.87 -2284.7 -5360.18
-7681.25 -2316.01 -5365.23
-7658.85 -2285.88 -5372.96
-7668.7 -2308.6 -5360.1
-7635.57 -2275.82 -5359.76
-7660.66 -2290.39 -5370.26
-7656.79 -2294.5 -5362.3
-7649.35 -2275.24 -5374.1
-7667.99 -2306.78 -5361.21
-7637.59 -2273.98 -5363.61
-7634.38 -2270.86 -5363.52
-7648.68 -2295.15 -5353.53
-7665.25 -2318.76 -5346.49
-7634.09 -2290.86 -5343.23
-7668.59 -2311 -5357.59
-7651.14 -2305.19 -5345.95
-7628.66 -2278.85 -5349.81
-7618.53 -2280.43 -5338.11
-7609.23 -2254.85 -5354.38
-7664.77 -2297.44 -5367.33
-7663.92 -2320.17 -5343.75
-7651.18 -2300.32 -5350.86
-7645.7 -2290.34 -5355.35
-7618.44 -2277.02 -5341.42
-7652.44 -2310.91 -5341.53
-7626.35 -2273.14 -5353.21
-7641.61 -2265.3 -5376.31
-7643.59 -2269.66 -5373.92
-7643.19 -2278.68 -5364.51
-7625.9 -2275.86 -5350.04
-7659.64 -2296.78 -5362.86
-7629.52 -2270.9 -5358.62
-7652.44 -2283.52 -5368.92
-7620.24 -2269.83 -5350.41
-7644.47 -2288.74 -5355.73
-7654.43 -2305.51 -5348.91
-7639.88 -2284.69 -5355.19
-7634.34 -2270.06 -5364.28
-7652.47 -2303.2 -5349.27
-7657.93 -2299.15 -5358.78
-7638.95 -2277.96 -5360.99
-7631.25 -2284.11 -5347.14
-7653.68 -2286.54 -5367.14
-7643.33 -2281.34 -5361.98
-7636.32 -2270.71 -5365.61
-7635.44 -2275.34 -5360.1
-7633.94 -2279.54 -5354.4
-7619.62 -2255.18 -5364.44
-7624.08 -2272.26 -5351.82
-7635.92 -2285.31 -5350.61
-7646.36 -2280.15 -5366.21
-7638.29 -2266.03 -5372.27
-7643.29 -2285.75 -5357.54
-7628.63 -2268.73 -5359.9
-7652.08 -2288.67 -5363.42
-7622.99 -2270.76 -5352.23
-7638.68 -2284.32 -5354.35
-7636.56 -2275.05 -5361.51
-7643.68 -2283.7 -5359.98
-7662.41 -2315.94 -5346.47
-7639.99 -2266.42 -5373.58
-7666.19 -2294.16 -5372.04
-7638.57 -2283.04 -5355.53
-7641.91 -2285.67 -5356.24
-7634.9 -2284.44 -5350.47
-7651.72 -2297.12 -5354.59
-7636.13 -2272.48 -5363.65
-7648.36 -2266.74 -5381.62
-7663.71 -2284.9 -5378.8
-7654.65 -2294.76 -5359.89
-7656.24 -2303.95 -5352.3
-7640.41 -2278.45 -5361.96
-7667.24 -2305.83 -5361.41
-7621.58 -2256.21 -5365.37
-7649.05 -2276.74 -5372.3
-7649.5 -2294.71 -5354.79
-7648.23 -2294.38 -5353.85
-7628.49 -2286.31 -5342.17
-7657.25 -2305.92 -5351.33
-7643.24 -2306.18 -5337.06
-7646.56 -2289.41 -5357.15
-7652.01 -2312.79 -5339.22
-7655.08 -2299.63 -5355.45
-7672.76 -2312.04 -5360.72
-7651.71 -2321.09 -5330.62
-7652.82 -2319.74 -5333.08
-7661.07 -2305.54 -5355.53
-7631.19 -2286.36 -5344.83
-7638.79 -2298.15 -5340.64
-7645.69 -2295.52 -5350.16
-7639.42 -2286.05 -5353.36
-7638.72 -2294.77 -5343.95
-7646.37 -2286.08 -5360.29
-7618.94 -2287.81 -5331.12
-7653.03 -2299.77 -5353.26
-7634.65 -2293.89 -5340.77
-7640.63 -2295.98 -5344.65
-7656.12 -2298.37 -5357.75
-7629.25 -2284.57 -5344.68
-7626.92 -2256.73 -5370.19
-7636.75 -2283.41 -5353.34
-7620.27 -2280.25 -5340.01
-7634.57 -2280.91 -5353.66
-7622.38 -2278.4 -5343.98
-7654.32 -2292.49 -5361.84
-7641.55 -2280.6 -5360.96
-7639.31 -2289.7 -5349.61
-7641.97 -2297.76 -5344.21
-7638.64 -2289.59 -5349.05
-7643.16 -2301.82 -5341.33
-7636.83 -2303.59 -5333.24
-7657.12 -2311.52 -5345.6
-7654.33 -2316 -5338.33
-7628.74 -2285.79 -5342.95
-7650.93 -2301.27 -5349.66
-7646.46 -2322.48 -5323.98
-7647.6 -2302.54 -5345.06
-7634.97 -2274.04 -5360.93
-7645.55 -2302.1 -5343.44
-7621.81 -2272.3 -5349.52
-7655.24 -2304.7 -5350.54
-7635.18 -2289.36 -5345.82
-7646.11 -2287.6 -5358.51
-7634.28 -2299.98 -5334.3
-7625.28 -2297.5 -5327.77
-7648.27 -2316.51 -5331.75
-7653.79 -2303.21 -5350.59
-7671.35 -2309.61 -5361.73
-7651.88 -2304.99 -5346.89
-7680.05 -2321.52 -5358.53
-7674.96 -2295.05 -5379.91
-7669.74 -2313.84 -5355.9
-7686.88 -2324.75 -5362.13
-7672.46 -2315.27 -5357.2
-7658.36 -2316.26 -5342.1
-7676.52 -2322.24 -5354.28
-7674.69 -2331.43 -5343.26
-7668.57 -2303.53 -5365.04
-7663.9 -2302.61 -5361.29
-7666.26 -2313.32 -5352.94
-7676.05 -2330.87 -5345.18
-7668.13 -2291.18 -5376.95
-7629.15 -2272.08 -5357.07
-7682.72 -2328.04 -5354.67
-7671.55 -2314.96 -5356.59
-7657.46 -2281.59 -5375.87
-7652.37 -2296.26 -5356.11
-7657.86 -2276.33 -5381.53
-7654.38 -2281.41 -5372.97
-7653.46 -2292.3 -5361.15
-7653.78 -2289.26 -5364.53
-7649.47 -2287.99 -5361.48
-7642.86 -2279.36 -5363.5
-7645.85 -2292.04 -5353.81
-7650.67 -2283.12 -5367.55
-7636.83 -2270.93 -5365.89
-7646.86 -2296.03 -5350.83
-7640.71 -2302.72 -5337.99
-7656.13 -2298.83 -5357.3
-7647.85 -2308.11 -5339.75
-7676.24 -2330 -5346.24
-7647.18 -2310.45 -5336.74
-7634.01 -2289.39 -5344.62
-7627.99 -2276.82 -5351.16
-7647.67 -2272.61 -5375.06
-7637.05 -2292.54 -5344.51
-7630.03 -2280.86 -5349.17
-7625.55 -2275.66 -5349.9
-7632.39 -2289.62 -5342.77
-7622.71 -2275.22 -5347.49
-7622.67 -2267.49 -5355.19
-7623.74 -2268.09 -5355.65
-7627.18 -2280.91 -5346.27
-7631.09 -2274.09 -5357
-7632.12 -2287.75 -5344.37
-7655.71 -2304.49 -5351.22
-7652.31 -2294.99 -5357.33
-7658.47 -2289.04 -5369.43
-7650.15 -2280.45 -5369.7
-7651.67 -2278.05 -5373.62
-7653.51 -2288.59 -5364.92
-7652.42 -2277.37 -5375.05
-7660.33 -2281.48 -5378.84
-7649.35 -2280.13 -5369.22
-7649.18 -2288.24 -5360.95
-7650.5 -2307.85 -5342.65
-7644.14 -2292.79 -5351.35
-7638.79 -2271.07 -5367.71
-7660.64 -2292.45 -5368.2
-7641.79 -2276.12 -5365.67
-7668.6 -2296.7 -5371.9
-7637.83 -2280.68 -5357.15
-7633.67 -2257.96 -5375.71
-7639.74 -2260.56 -5379.18
-7640.31 -2274.63 -5365.68
-7645.19 -2293.57 -5351.62
-7646.85 -2254.28 -5392.57
-7641.17 -2252.36 -5388.82
-7646.66 -2281.04 -5365.62
-7633.15 -2295.07 -5338.08
-7639.03 -2282.69 -5356.34
-7637.66 -2283.01 -5354.65
-7633.83 -2245.15 -5388.68
-7648.92 -2285.09 -5363.83
-7657.27 -2290.61 -5366.66
-7650.11 -2262.16 -5387.95
-7654.01 -2276 -5378.01
-7629.95 -2248.81 -5381.14
-7632.9 -2250.37 -5382.53
-7650.51 -2293.47 -5357.04
-7641.53 -2269.61 -5371.92
-7665.37 -2287.53 -5377.84
-7624.84 -2271.74 -5353.1
-7625.09 -2249.4 -5375.69
-7614.43 -2259.35 -5355.08
-7628.56 -2269.87 -5358.69
-7633.67 -2268.57 -5365.1
-7645.89 -2308.72 -5337.17
-7660.61 -2310.76 -5349.85
-7643.25 -2280.98 -5362.27
-7618.02 -2272.09 -5345.93
-7624.35 -2285.33 -5339.01
-7632.18 -2285.17 -5347.01
-7647.11 -2293.58 -5353.53
-7644.58 -2286.59 -5357.99
-7627.9 -2273.31 -5354.59
-7654.2 -2336.35 -5317.86
-7634.45 -2281.94 -5352.51
-7631.16 -2296.64 -5334.52
-7633.02 -2303.54 -5329.48
-7644.67 -2290.35 -5354.32
-7628.34 -2286.49 -5341.85
-7646.34 -2292.71 -5353.63
-7630.09 -2268.38 -5361.71
-7644.99 -2294.36 -5350.62
-7633.71 -2293.88 -5339.83
-7671.07 -2326.7 -5344.37
-7653.42 -2322.54 -5330.89
-7662.5 -2322.42 -5340.09
-7652.65 -2309 -5343.64
-7651.82 -2282.24 -5369.58
-7655.37 -2305.8 -5349.57
-7637.11 -2282.33 -5354.78
-7640.53 -2271.58 -5368.95
-7641.3 -2283.46 -5357.84
-7655.12 -2284.82 -5370.3
-7627.75 -2270.69 -5357.05
-7590.99 -2262.91 -5328.08
-7626.91 -2257.98 -5368.92
-7637.58 -2282.17 -5355.41
-7618.74 -2251.36 -5367.38
-7633.11 -2262.43 -5370.68
-7623.92 -2263.79 -5360.13
-7634.29 -2281.15 -5353.14
-7642.28 -2276.67 -5365.62
-7645.09 -2279.44 -5365.65
-7675.65 -2302.42 -5373.23
-7670.42 -2304.08 -5366.34
-7641.82 -2281.33 -5360.49
-7653.18 -2293.97 -5359.21
-7661.26 -2289.38 -5371.88
-7650.61 -2287.12 -5363.49
-7659.64 -2316.71 -5342.94
-7647.1 -2322.07 -5325.03
-7640.92 -2287.96 -5352.96
-7637.89 -2279.19 -5358.7
-7642.03 -2272.75 -5369.28
-7655.46 -2306.71 -5348.75
-7663.65 -2303.29 -5360.36
-7644.51 -2277.53 -5366.98
-7658.16 -2299.4 -5358.77
-7668.18 -2306.17 -5362
-7633.37 -2257.46 -5375.91
-7650.57 -2280.02 -5370.56
-7642.25 -2279.23 -5363.03
-7652.18 -2273.06 -5379.12
-7627.87 -2248.59 -5379.27
-7668.02 -2289.69 -5378.33
-7640.48 -2272.29 -5368.19
-7624.49 -2273.47 -5351.02
-7661.32 -2274.11 -5387.2
-7670.52 -2294.46 -5376.07
-7637.85 -2251.26 -5386.58
-7619.18 -2245.99 -5373.19
-7629.84 -2263.75 -5366.09
-7628.41 -2261.82 -5366.59
-7632.23 -2261.69 -5370.53
-7610.04 -2231.91 -5378.12
-7645.58 -2271.56 -5374.02
-7667.09 -2306.32 -5360.77
-7645.36 -2276.64 -5368.72
-7611.02 -2248.06 -5362.96
-7632.28 -2270.72 -5361.56
-7625.03 -2267.42 -5357.61
-7638.61 -2283.74 -5354.88
-7632.15 -2264.11 -5368.04
-7611.95 -2245.25 -5366.7
-7660.39 -2282.04 -5378.35
-7649.67 -2293.54 -5356.12
-7671.68 -2300.83 -5370.84
-7636.14 -2277.04 -5359.1
-7652.22 -2275.08 -5377.14
-7644.57 -2280.4 -5364.17
-7650.29 -2281.48 -5368.81
-7644.24 -2290.59 -5353.65
-7639.85 -2289.88 -5349.97
-7632.25 -2276.52 -5355.73
-7629.44 -2256.26 -5373.17
-7624.15 -2240.05 -5384.1
-7672.02 -2307.67 -5364.35
-7658.72 -2291.72 -5367
-7631.34 -2257.27 -5374.07
-7647.96 -2276.99 -5370.97
-7622.43 -2252.78 -5369.65
-7665.99 -2282.15 -5383.84
-7617.94 -2238.1 -5379.84
-7645.55 -2265.13 -5380.42
-7665.24 -2275.67 -5389.56
-7648.38 -2269.88 -5378.51
-7665.22 -2300.83 -5364.39
-7654.51 -2280.59 -5373.91
-7621.49 -2252.07 -5369.42
-7648.99 -2287.58 -5361.41
-7684.54 -2315.02 -5369.51
-7652.23 -2277.39 -5374.84
-7669.78 -2310.19 -5359.59
-7647.68 -2279.92 -5367.76
-7675.22 -2295 -5380.22
-7644.2 -2266.63 -5377.57
-7656.71 -2293.37 -5363.35
-7643.82 -2275.02 -5368.81
-7670.42 -2301.15 -5369.26
-7616.7 -2244.38 -5372.32
-7666 -2296.77 -5369.23
