0.349175 0.0519559
0.349226 0.0386974
0.349077 0.0281005
0.349104 0.0201603
0.349403 0.0333817
0.349478 0.028098
0.349727 0.0386555
0.349604 0.0254709
0.34995 0.0386433
0.349975 0.0360113
0.349926 0.0254928
0.350148 0.0333744
0.350197 0.0281248
0.350418 0.0333696
0.350369 0.0255097
0.35054 0.0255097
0.350637 0.0281249
0.350808 0.0333503
0.350758 0.0229089
0.351025 0.0281249
0.351171 0.033336
0.35134 0.0359393
0.351338 0.0307376
0.351555 0.0333361
0.351553 0.0307399
0.351721 0.0307399
0.351961 0.0411056
0.352031 0.0359275
0.352126 0.0385142
0.352098 0.0333454
0.352193 0.0307633
0.35231 0.0307633
0.352452 0.0333407
0.352616 0.0359159
0.352518 0.0256247
0.35273 0.0359066
0.352775 0.0282021
0.352795 0.0256362
0.353079 0.033327
0.352955 0.0230817
0.35319 0.0281998
0.353305 0.0307565
0.353349 0.0256476
0.353748 0.0358564
0.353697 0.0333065
0.353952 0.0409496
0.353853 0.0307678
0.35406 0.033311
0.354057 0.03077
0.354263 0.0333088
0.3544 0.0383817
0.354323 0.0282447
0.354554 0.0358408
0.354524 0.0257216
0.35452 0.023194
0.35463 0.0257194
0.354766 0.0257194
0.35483 0.0206775
0.355012 0.0282337
0.354981 0.0232006
0.35507 0.0206862
0.355504 0.0407837
0.355592 0.0382737
0.3557 0.0357659
0.355741 0.0357659
0.355848 0.0332624
0.355843 0.0307611
0.355996 0.0307611
0.356083 0.0332581
0.356144 0.0257735
0.356276 0.0332517
0.35629 0.0257799
0.356376 0.0282684
0.356619 0.0382136
0.356796 0.0406978
0.356581 0.0282875
0.356438 0.010928
0.356863 0.0307505
0.356948 0.0282748
0.357143 0.033222
0.357182 0.0307505
0.357149 0.0233423
0.357234 0.0233423
0.357699 0.0455292
0.357647 0.0356767
0.357885 0.0405988
0.357878 0.0381398
0.358115 0.0405967
0.358063 0.0381419
0.357985 0.0283309
0.358067 0.0283309
0.358124 0.0209851
0.358206 0.0258782
0.358576 0.0429898
0.358479 0.0307775
0.358534 0.028337
0.358438 0.0185835
0.358582 0.0234562
0.358797 0.0283248
0.358941 0.0307571
0.358978 0.0283269
0.35921 0.0307551
0.359202 0.0307551
0.359256 0.0283309
0.359381 0.0307531
0.359434 0.0307531
0.35947 0.0259167
0.359612 0.0283329
0.359824 0.0355756
0.359965 0.0355756
0.360044 0.0379858
0.359921 0.0259444
0.36 0.0259444
0.36014 0.0259444
0.360219 0.0283468
0.360402 0.0307472
0.360437 0.0307472
0.360576 0.0331437
0.360741 0.0379327
0.360792 0.0331476
0.360783 0.030757
0.360834 0.0331456
0.360781 0.0212119
0.361135 0.0307511
0.361039 0.0259854
0.361133 0.0283663
0.361123 0.0212293
0.36126 0.0236064
0.361379 0.0259816
0.361601 0.0307281
0.36172 0.0354708
0.361856 0.0425792
0.361888 0.0354765
0.36198 0.0331109
0.36197 0.0307471
0.362147 0.0307471
0.362179 0.0331071
0.362228 0.030749
0.362303 0.030749
0.362436 0.0331033
0.362468 0.0307509
0.362516 0.0307509
0.362463 0.021356
0.362595 0.0190092
0.362712 0.0260441
0.362675 0.0213579
0.362918 0.0283817
0.363007 0.0307211
0.36308 0.0283836
0.363127 0.0283836
0.363158 0.0237158
0.363583 0.0423723
0.363529 0.0353816
0.363701 0.0400384
0.363774 0.0400384
0.363861 0.0377136
0.363766 0.0307448
0.363728 0.0191393
0.364008 0.0353744
0.364137 0.0376919
0.364375 0.0469546
0.364253 0.0376991
0.364283 0.0330749
0.364369 0.0307646
0.364315 0.0261477
0.364277 0.0146142
0.364389 0.0215289
0.364723 0.0353477
0.364752 0.0330463
0.36492 0.039945
0.365113 0.0445406
0.365033 0.0376525
0.364938 0.0261813
0.365023 0.0238888
0.365257 0.0353424
0.365422 0.0376314
0.365492 0.0399186
0.36578 0.046775
0.365685 0.0422075
0.365645 0.0330797
0.365551 0.026239
0.365634 0.026239
0.365743 0.0285158
0.365867 0.0285158
0.365976 0.0330623
0.365895 0.0262477
0.366004 0.0262477
0.366126 0.0307839
0.366113 0.0239847
0.366316 0.0330434
0.366263 0.0239916
0.366586 0.0352978
0.366573 0.0330383
0.366573 0.0285226
0.36668 0.0307787
0.36676 0.0307787
0.366667 0.0217678
0.366747 0.0240188
0.366854 0.0240188
0.366974 0.0240188
0.367 0.0240188
0.367199 0.0285075
0.367305 0.0329927
0.367384 0.0329927
0.36745 0.0329927
0.367529 0.0285175
0.367594 0.0329894
0.367554 0.0240522
0.367579 0.0240522
0.367737 0.0218212
0.367921 0.0351972
0.367959 0.0329695
0.367984 0.0307435
0.36822 0.0374167
0.368284 0.0396394
0.368164 0.030755
0.368031 0.0174382
0.368384 0.0285273
0.368212 0.0196625
0.368485 0.0307354
0.368549 0.0307354
0.368586 0.0263127
0.368806 0.0373613
0.368765 0.0263208
0.36875 0.0263208
0.369021 0.0351403
0.368967 0.0307338
0.369081 0.0307338
0.369105 0.0307338
0.368986 0.02194
0.368893 0.0109557
0.36924 0.0241273
0.369535 0.0394829
0.369532 0.0350988
0.3694 0.0241463
0.369668 0.0350908
0.369691 0.0329035
0.369765 0.0350893
0.36975 0.0285368
0.369861 0.0307194
0.37 0.0350814
0.370111 0.0350814
0.370096 0.0329035
0.370054 0.0263745
0.370153 0.0285493
0.370034 0.0133369
0.37021 0.0241951
0.370321 0.0263652
0.370573 0.0372079
0.370606 0.030707
0.370629 0.0328724
0.370586 0.0242168
0.370646 0.0263791
0.370832 0.0307008
0.371082 0.0436566
0.370849 0.03071
0.370833 0.0220851
0.370904 0.0220851
0.37104 0.0263914
0.371186 0.0349981
0.371132 0.0242474
0.371278 0.0285446
0.371412 0.0328388
0.371482 0.0328388
0.371391 0.0242625
0.371311 0.0135496
0.37152 0.024255
0.371777 0.0349528
0.371873 0.0370909
0.371829 0.0306812
0.371813 0.026411
0.371845 0.0242774
0.37194 0.0264095
0.372083 0.0285401
0.372253 0.0370566
0.37221 0.0328013
0.372379 0.0370537
0.372373 0.0328043
0.372393 0.0306811
0.372572 0.0412897
0.372593 0.034929
0.372623 0.0306914
0.372606 0.028574
0.372489 0.0179947
0.372731 0.0285667
0.372798 0.0285667
0.372744 0.0222323
0.372958 0.0306724
0.373125 0.0369981
0.373118 0.0306768
0.373284 0.0390995
0.373277 0.034891
0.373333 0.034891
0.373363 0.034891
0.373236 0.0222915
0.373375 0.0264885
0.373358 0.0222944
0.373423 0.0222944
0.373698 0.0348595
0.373799 0.0327667
0.373964 0.0432234
0.373919 0.0390436
0.373829 0.0286011
0.374039 0.0369494
0.374022 0.0327781
0.374267 0.0390309
0.374177 0.0348652
0.374277 0.0369466
0.374224 0.0307065
0.374216 0.0286279
0.374234 0.0244735
0.374334 0.0265493
0.374353 0.0244749
0.374488 0.0265479
0.374578 0.0306912
0.37457 0.0286209
0.374588 0.0244832
0.374723 0.0286182
0.374812 0.0306842
0.374911 0.0327489
0.374857 0.026559
0.374884 0.0244971
0.375009 0.0286182
0.375036 0.026559
0.375302 0.0389059
0.375329 0.0368494
0.37524 0.0286291
0.375302 0.0265754
0.375426 0.0327325
0.375487 0.0286305
0.375575 0.0347794
0.375849 0.0450207
0.375689 0.0347861
0.37575 0.030695
0.375873 0.0388719
0.375758 0.0307004
0.375704 0.0225343
0.375976 0.0347754
0.375958 0.0306977
0.376088 0.0388477
0.376175 0.0368115
0.37613 0.0307071
0.376147 0.0286736
0.376557 0.0510272
0.376503 0.042904
0.376423 0.0368155
0.37637 0.0287028
0.37643 0.026676
0.376411 0.0246505
0.376471 0.0266747
0.376591 0.0286975
0.376755 0.0327407
0.376736 0.0307204
0.376899 0.0327394
0.376915 0.034757
0.376939 0.0327407
0.37699 0.0327407
0.377083 0.0327407
0.377168 0.0367655
0.377226 0.0387766
0.377345 0.0407864
0.377506 0.0448034
0.377659 0.0528323
0.377648 0.0508264
0.377595 0.0428078
0.377515 0.0367978
0.377599 0.0367978
0.377553 0.0307955
0.377534 0.0267965
0.377728 0.0347893
0.377778 0.0347893
0.377732 0.0268067
0.37785 0.0327898
0.377907 0.034783
0.377922 0.0307993
0.377978 0.0307993
0.378027 0.0307993
0.378118 0.0307993
0.378132 0.0307993
0.378053 0.0228572
0.378068 0.020873
0.378259 0.026822
0.378308 0.0288037
0.378431 0.0327647
0.378378 0.026827
0.3784 0.026827
0.37855 0.0307804
0.378639 0.0268295
0.378586 0.0268295
0.378607 0.0268295
0.378622 0.022886
0.378946 0.034709
0.37906 0.0425861
0.379014 0.036682
0.378995 0.0327484
0.379116 0.0366796
0.379231 0.0406082
0.379218 0.0347189
0.379299 0.0386427
0.379153 0.0268787
0.3792 0.0268787
