0.36032 0.0275854
0.360459 0.0355405
0.360449 0.0275928
0.360458 0.024946
0.360448 0.0170132
0.360755 0.0249387
0.361042 0.0381356
0.361199 0.0434094
0.36104 0.0276025
0.3609 0.0144422
0.361136 0.0223311
0.361243 0.0170767
0.36133 0.0223263
0.361535 0.027571
0.361818 0.0380507
0.361825 0.0275806
0.361912 0.0328109
0.36187 0.0249726
0.361956 0.0249726
0.362207 0.0301886
0.362098 0.0223718
0.362202 0.0171654
0.362336 0.0249679
0.362536 0.0301649
0.362427 0.0197804
0.36253 0.0197804
0.362567 0.017189
0.362959 0.0275453
0.36285 0.0223718
0.363049 0.0249562
0.363133 0.0275383
0.363186 0.0249585
0.363173 0.0198037
0.363274 0.0223788
0.363357 0.019806
0.363554 0.0275174
0.363541 0.0198129
0.363784 0.0300765
0.363723 0.019822
0.363775 0.0146994
0.364095 0.0300536
0.364004 0.0223833
0.363943 0.0121654
0.364137 0.0198221
0.364171 0.0147222
0.3646 0.032556
0.364492 0.0223743
0.364636 0.0223743
0.364764 0.0274562
0.364673 0.01984
0.364706 0.0147671
0.365038 0.0325068
0.36507 0.0249107
0.365213 0.0299703
0.365199 0.0223876
0.365295 0.0274383
0.365234 0.0148225
0.365422 0.0223854
0.365408 0.0148291
0.365549 0.0173457
0.365721 0.0223744
0.365954 0.0324232
0.366079 0.0324232
0.36608 0.0274075
0.366204 0.0299132
0.366204 0.0249062
0.366328 0.0274075
0.366513 0.0274075
0.366636 0.0348986
0.366866 0.0423831
0.366851 0.0373977
0.367034 0.0423789
0.366972 0.0349135
0.366789 0.0199957
0.366728 0.0125432
0.367185 0.0299176
0.367215 0.0299176
0.367487 0.0348732
0.367517 0.0373489
0.367379 0.0299281
0.367182 0.0101562
0.367544 0.0299113
0.367302 0.00770566
0.367889 0.0372881
0.367783 0.0249725
0.367917 0.0298946
0.36781 0.0175998
0.368034 0.0249704
0.368153 0.0274253
0.368196 0.020067
0.368135 0.0176164
0.368312 0.0249622
0.368296 0.0176225
0.368339 0.015178
0.368546 0.0225054
0.36899 0.0420288
0.368929 0.0347137
0.368792 0.0225319
0.369042 0.0322692
0.369039 0.0274046
0.369022 0.022544
0.369197 0.0249723
0.369313 0.0298248
0.369265 0.0225521
0.369425 0.0273965
0.369598 0.0298167
0.369713 0.0346532
0.369577 0.0225721
0.369736 0.0274005
0.369864 0.0274005
0.36989 0.0274005
0.369886 0.0201757
0.369912 0.0201757
0.370039 0.0177714
0.370328 0.0345879
0.370367 0.0321875
0.370437 0.0321875
0.370301 0.0202051
0.370414 0.0225996
0.370496 0.0273848
0.370522 0.0202129
0.370734 0.0249903
0.370716 0.0226035
0.370711 0.0154491
0.370909 0.0249806
0.371163 0.0345044
0.371102 0.0273673
0.371311 0.0321215
0.37125 0.0273712
0.371244 0.0178781
0.371312 0.0226208
0.371349 0.0202513
0.371459 0.0226189
0.371539 0.0226189
0.37152 0.0178914
0.371899 0.0297007
0.371838 0.0273407
0.37166 0.0108341
0.371855 0.0202589
0.372189 0.0343849
0.372255 0.0343849
0.372248 0.0296837
0.372272 0.027335
0.372392 0.027335
0.372415 0.027335
0.372366 0.0179625
0.372516 0.0249863
0.372677 0.0273258
0.372743 0.0296633
0.372524 0.0156489
0.372547 0.0109811
0.372708 0.0179773
0.372815 0.0179773
0.373017 0.0272909
0.373082 0.0249643
0.373283 0.0296138
0.373347 0.0319367
0.373422 0.0342579
0.373319 0.0226614
0.373436 0.0296138
0.373375 0.0180354
0.373575 0.0203493
0.373638 0.0249735
0.373671 0.0249735
0.373734 0.022665
0.373809 0.0203583
0.373747 0.0157485
0.373945 0.0226578
0.374008 0.0226578
0.374123 0.027257
0.374186 0.0249592
0.374135 0.0226632
0.374033 0.00889765
0.374312 0.0203601
0.374415 0.0226508
0.374487 0.0226508
0.37459 0.024938
0.374703 0.0203671
0.374765 0.0272182
0.374755 0.0226543
0.374694 0.0158136
0.374847 0.0226491
0.374949 0.0226491
0.375183 0.0294741
0.375244 0.0317474
0.375274 0.0317474
0.375254 0.0249379
0.375162 0.0158655
0.375425 0.0271974
0.375374 0.0226681
0.375354 0.0158792
0.375666 0.0226629
0.375806 0.0339606
0.375715 0.0271871
0.375654 0.0181626
0.375804 0.0181626
0.375783 0.0181626
0.376093 0.0316689
0.375992 0.0226714
0.376101 0.0226714
0.37628 0.0316554
0.376189 0.0226782
0.376208 0.0204355
0.376236 0.0159536
0.376494 0.0293894
0.376323 0.013726
0.376223 0.00701809
0.376767 0.0293611
0.376746 0.0293611
0.376813 0.0293611
0.37695 0.0338198
0.376938 0.0293644
0.37668 0.0115561
0.376984 0.0249025
0.377081 0.0271252
0.377187 0.0293463
0.377244 0.0293463
0.377507 0.0359998
0.377407 0.0315674
0.377355 0.0249237
0.377333 0.0204978
0.377399 0.0182864
0.377573 0.0271253
0.377678 0.0293334
0.377617 0.0227139
0.377682 0.0183042
0.377661 0.0183042
0.37796 0.0315141
0.377938 0.027114
0.377925 0.0227171
0.377942 0.0205203
0.378161 0.0293013
0.37814 0.024914
0.378049 0.0161457
0.378182 0.0205267
0.378323 0.0205267
0.378263 0.0183393
0.378365 0.0183393
0.37842 0.0205235
0.378445 0.0183409
0.378615 0.024884
0.378832 0.0314223
0.378772 0.0270665
0.378719 0.0183613
0.378889 0.0270603
0.378837 0.0205407
0.378929 0.0227123
0.378953 0.0183722
0.379046 0.0227092
0.379032 0.0162083
0.37939 0.0356973
0.379414 0.0313695
0.379468 0.0335319
0.379567 0.0400143
0.379507 0.0292179
0.379454 0.0270601
0.379545 0.0249039
0.379531 0.0249039
0.379546 0.0184443
0.379721 0.027051
0.379774 0.0249008
0.379872 0.0270495
0.379887 0.0249023
0.379834 0.0206112
0.379962 0.0227552
0.379947 0.0206127
0.379887 0.0120484
0.380135 0.0206067
0.38015 0.0206067
0.380172 0.0163335
0.380449 0.0312791
0.380433 0.0312791
0.38041 0.0227507
0.380544 0.0227507
0.380596 0.0270089
0.380543 0.0227536
0.380446 0.0121228
0.380616 0.0184969
0.380668 0.0184969
0.380801 0.0227403
0.380704 0.0142593
0.380688 0.0121405
0.380887 0.0184925
0.380982 0.0227242
0.380959 0.016381
0.38098 0.0142681
0.381215 0.0248255
0.38131 0.0269355
0.38136 0.0269355
0.381271 0.0227213
0.381211 0.0121929
0.381488 0.0248183
0.381465 0.0206127
0.381559 0.022714
0.381682 0.0269139
0.381702 0.0227169
0.381715 0.0227169
0.381735 0.0206213
0.381894 0.0269039
0.381951 0.0269039
0.382036 0.0289952
0.382129 0.0310851
0.382033 0.0227311
0.381943 0.0143828
0.382138 0.0227255
0.382157 0.0227255
0.382278 0.0248083
0.382334 0.0248083
0.382274 0.0185682
0.382618 0.03104
0.382595 0.03104
0.382541 0.0268883
0.382338 0.010293
0.382645 0.0248041
0.382621 0.0206609
0.382819 0.0227311
0.382903 0.0310065
0.38285 0.0248041
0.382755 0.0165398
0.382845 0.0186045
0.382821 0.0144779
0.382911 0.0165398
0.383102 0.0247821
0.383155 0.0268412
0.383096 0.01861
0.383256 0.0227229
0.38341 0.0309432
0.383357 0.0247821
0.38344 0.0268344
0.383351 0.0206814
0.383257 0.0104333
0.383663 0.0268195
0.383746 0.0329602
0.383692 0.0288691
0.383633 0.0206922
0.383721 0.024778
0.383662 0.0166119
0.38382 0.0227324
0.383972 0.0288489
0.384024 0.0288489
0.384 0.0247766
0.383982 0.0227418
0.383888 0.0125744
0.384255 0.0267994
0.384441 0.0389843
0.384387 0.0268074
0.384293 0.0247792
0.38424 0.0186987
0.38439 0.0247753
0.384476 0.0288237
0.384417 0.0207321
0.384573 0.0267968
0.384653 0.0288171
0.384634 0.0247792
0.384714 0.0267968
0.384695 0.0207479
0.38474 0.0227629
0.384929 0.0267903
0.384974 0.0308151
0.385162 0.0368485
0.385207 0.0388583
0.38505 0.0308242
0.384991 0.0207881
0.385041 0.0187822
0.385052 0.0187822
0.385067 0.0187822
0.385111 0.0167801
0.385332 0.0247832
0.385479 0.0327812
0.385494 0.0287848
0.385368 0.020797
0.385451 0.0188014
0.385563 0.0267789
0.385544 0.0227927
0.38569 0.0287682
0.385807 0.0327494
0.385782 0.0287707
0.385899 0.0347349
0.385976 0.0347349
0.385889 0.0208363
0.385797 0.018852
0.385913 0.022818
0.386058 0.0287632
0.386072 0.0267827
0.386149 0.028762
0.386095 0.024806
0.386138 0.0228293
0.386388 0.0307312
0.386397 0.0327055
0.386243 0.0169215
0.386353 0.0248085
0.386434 0.026779
0.386342 0.0189019
0.386524 0.024806
0.386499 0.0228392
0.386546 0.0267704
0.386589 0.0228417
0.386535 0.0169523
0.386578 0.0169523
0.386724 0.0228343
0.386667 0.016956
