0.44088 1.19274
0.440739 1.18743
0.440798 1.18478
0.440687 1.17949
0.440746 1.18213
0.440785 1.18478
0.440546 1.17158
0.440287 1.15839
0.440396 1.16366
0.440386 1.1663
0.440494 1.16893
0.440483 1.1663
0.440443 1.1663
0.440728 1.18203
0.440835 1.18727
0.440628 1.18204
0.440686 1.17942
0.440675 1.17681
0.440636 1.17681
0.44043 1.16899
0.44039 1.16377
0.440331 1.16377
0.440292 1.15857
0.44033 1.16117
0.440437 1.16636
0.440427 1.16636
0.440387 1.16377
0.440426 1.17154
0.440145 1.15085
0.440087 1.14826
0.440048 1.14568
0.440135 1.14568
0.440192 1.15341
0.440278 1.15856
0.440192 1.15342
0.440134 1.15085
0.44 1.14314
0.439943 1.14314
0.44 1.14314
0.440229 1.15339
0.440333 1.16106
0.440323 1.16362
0.440333 1.16107
0.440465 1.16617
0.440427 1.16617
0.440274 1.16362
0.440236 1.15599
0.440321 1.16362
0.440377 1.16362
0.440556 1.17123
0.440471 1.16869
0.440695 1.17883
0.440704 1.18136
0.440506 1.17377
0.440468 1.16872
0.440552 1.17124
0.44028 1.15863
0.440177 1.15107
0.440186 1.15358
0.44013 1.15107
0.440047 1.14604
0.440037 1.14855
0.440093 1.14855
0.440315 1.16109
0.440278 1.15858
0.440546 1.1711
0.440416 1.1661
0.440544 1.1661
0.440553 1.17359
0.440819 1.18856
0.440874 1.19105
0.440725 1.18358
0.440642 1.1786
0.440724 1.18358
0.440595 1.17612
0.440722 1.17861
0.440776 1.18605
0.44072 1.18357
0.440683 1.18109
0.440719 1.18604
0.440682 1.1811
0.440853 1.18357
0.440952 1.1959
0.440897 1.19097
0.440905 1.19344
0.440714 1.18605
0.440722 1.18359
0.440487 1.17377
0.440541 1.17377
0.440576 1.17377
0.440539 1.17377
0.440664 1.18356
0.440628 1.17867
0.440439 1.17133
0.440537 1.17378
0.440661 1.1811
0.440714 1.18354
0.440749 1.18354
0.440846 1.19084
0.440792 1.18841
0.440622 1.17869
0.440391 1.16897
0.440399 1.16655
0.440567 1.17624
0.440398 1.16655
0.440389 1.16897
0.440486 1.17139
0.4403 1.16173
0.440352 1.16414
0.440343 1.16173
0.440396 1.16655
0.440474 1.17377
0.440482 1.17137
0.440561 1.17618
0.440525 1.17377
0.440516 1.17137
0.44048 1.17137
0.440645 1.18096
0.440566 1.17617
0.440688 1.17856
0.44087 1.19291
0.440947 1.19769
0.440954 1.19769
0.441031 1.20484
0.440996 1.20007
0.440942 1.20007
0.440734 1.1858
0.440725 1.18342
0.440647 1.18105
0.440422 1.16443
0.440387 1.16681
0.440464 1.16918
0.440644 1.18101
0.440506 1.17155
0.440557 1.17628
0.44059 1.17392
0.440556 1.17628
0.440461 1.17156
0.440426 1.1692
0.440375 1.16685
0.440255 1.15979
0.440416 1.16684
0.440425 1.16919
0.440416 1.16685
0.440339 1.1645
0.44033 1.1645
0.440338 1.1645
0.440287 1.15982
0.440506 1.17385
0.440539 1.17151
0.440674 1.18318
0.440749 1.18551
0.44084 1.1925
0.440915 1.19483
0.440922 1.19716
0.44108 1.20646
0.441088 1.20646
0.441287 1.2111
0.441086 1.20646
0.441118 1.20183
0.441042 1.20414
0.440907 1.19489
0.440832 1.19257
0.440947 1.19488
0.441037 1.20412
0.441194 1.21335
0.441242 1.21565
0.441356 1.22486
0.441405 1.22486
0.441354 1.22486
0.441361 1.22257
0.441227 1.21338
0.441029 1.2042
0.441266 1.21567
0.441273 1.21796
0.441304 1.22025
0.441189 1.21338
0.441179 1.21338
0.441309 1.22024
0.441422 1.22708
0.441551 1.23392
0.441623 1.2362
0.441711 1.24303
0.441741 1.24531
0.441626 1.23849
0.44186 1.24984
0.441826 1.24984
0.441613 1.24304
0.441538 1.23397
0.441407 1.22718
0.441293 1.22039
0.441243 1.21813
0.441169 1.21361
0.4412 1.21587
0.441247 1.21812
0.441158 1.21362
0.441205 1.21587
0.441235 1.22037
0.441162 1.21362
0.441153 1.21587
0.44116 1.21362
0.44151 1.22933
0.441437 1.22933
0.441388 1.22709
0.441315 1.22261
0.441305 1.21814
0.441312 1.22261
0.441342 1.22485
0.44127 1.22038
0.441181 1.21815
0.441109 1.21146
0.4411 1.21146
0.441107 1.21146
0.440979 1.20701
0.440947 1.20257
0.440859 1.19813
0.440945 1.20256
0.440936 1.20478
0.440786 1.1937
0.440856 1.1937
0.440824 1.19591
0.440658 1.18928
0.440705 1.18928
0.440696 1.18707
0.440742 1.19148
0.440734 1.18707
0.440663 1.18707
0.440537 1.18047
0.440506 1.17827
0.44042 1.17167
0.440388 1.17167
0.440574 1.18265
0.440504 1.17826
0.440496 1.17607
0.440503 1.17826
0.440456 1.17388
0.440309 1.16732
0.440339 1.16951
0.440347 1.16951
0.4403 1.16951
0.440231 1.16296
0.440184 1.16079
0.440115 1.15643
0.440222 1.16078
0.440268 1.16513
0.440222 1.16296
0.440306 1.1673
0.440298 1.16947
0.440229 1.16297
0.440145 1.1608
0.44019 1.1608
0.440145 1.15647
0.440304 1.16728
0.440258 1.16296
0.440417 1.17376
0.440371 1.16944
0.44053 1.18022
0.440371 1.17376
0.440265 1.16515
0.440446 1.1716
0.440453 1.1759
0.440332 1.17161
0.440301 1.16731
0.440218 1.16302
0.440188 1.16088
0.44018 1.15873
0.440038 1.15231
0.43988 1.14375
0.439963 1.14803
0.439993 1.14803
0.439963 1.14803
0.440105 1.15443
0.440187 1.16082
0.440291 1.16722
0.440298 1.16722
0.440141 1.15871
0.440074 1.15445
0.439955 1.14808
0.439963 1.14808
0.440067 1.1502
0.440148 1.15868
0.440326 1.1714
0.440481 1.17775
0.440547 1.17986
0.440406 1.17352
0.440472 1.17563
0.440552 1.18197
0.440508 1.18197
0.440588 1.18408
0.440544 1.18618
0.440404 1.17355
0.440433 1.17565
0.440366 1.17145
0.440432 1.17145
0.440512 1.17985
0.440541 1.18404
0.44073 1.19243
0.440868 1.19872
0.44102 1.20919
0.440866 1.205
0.440945 1.205
0.440973 1.20918
0.441053 1.21127
0.441008 1.20919
0.441087 1.21336
0.441042 1.21127
0.441121 1.21544
0.441004 1.20919
0.440939 1.20503
0.441147 1.21127
0.441081 1.21335
0.441037 1.21127
0.441079 1.21335
0.441179 1.21956
0.441041 1.21128
0.441033 1.21128
0.441004 1.20921
0.44096 1.20507
0.440716 1.19268
0.440815 1.20094
0.440929 1.20506
0.440992 1.20919
0.441034 1.21125
0.440919 1.20507
0.440996 1.20919
0.440917 1.20713
0.44103 1.21124
0.440951 1.20713
0.441028 1.21124
0.441126 1.21329
0.441168 1.21944
0.44116 1.21739
0.441025 1.21125
0.441122 1.21738
0.441023 1.21125
0.440909 1.20717
0.441092 1.21533
0.441119 1.21329
0.441054 1.21329
0.441011 1.20922
0.440842 1.20107
0.440904 1.20514
0.440841 1.20108
0.440833 1.20311
0.440769 1.19701
0.440657 1.19296
0.440663 1.19093
0.44069 1.19093
0.440801 1.19903
0.440828 1.19903
0.44073 1.19498
0.440827 1.20105
0.440868 1.20307
0.440999 1.20711
0.44104 1.21316
0.441101 1.21921
0.441073 1.21518
0.44103 1.21518
0.441071 1.21518
0.441132 1.21518
0.441207 1.22322
0.441337 1.23125
0.441446 1.23727
0.441265 1.22724
0.441237 1.22524
0.441332 1.22925
0.441407 1.23525
0.44133 1.22925
0.441336 1.23125
0.44143 1.23325
0.441504 1.24124
0.44153 1.24124
0.441468 1.23924
0.441698 1.24921
0.441806 1.25917
0.441763 1.25917
0.441701 1.2532
0.441726 1.25717
0.441766 1.25717
0.441791 1.25519
0.441898 1.26511
0.441991 1.27106
0.44203 1.27304
0.441853 1.26116
0.441858 1.26314
0.441816 1.26116
0.441788 1.25918
0.441846 1.26313
0.441818 1.26116
0.441675 1.25524
0.441714 1.25524
0.441639 1.2513
0.441711 1.25524
0.441602 1.24737
0.441608 1.24933
0.441399 1.24147
0.441338 1.23361
0.44143 1.23754
0.441369 1.23558
0.441294 1.23558
0.4414 1.23754
