1.38569
1.74319
1.26505
1.82475
1.68649
1.06697
1.90973
1.83435
1.18135
1.12811
2.03304
0.995441
1.44872
0.813992
1.41971
0.755698
1.36158
0.947193
2.46662
1.19955
1.8107
0.731784
1.10054
0.962905
1.76892
0.858827
1.45634
0.886853
1.25792
1.0329
1.508
1.01841
2.59208
1.0773
0.894779
0.930342
0.765585
1.69142
1.08581
1.23635
1.39669
1.68327
0.818554
1.40554
0.893286
0.923545
1.5675
1.47083
1.47221
1.04991
0.829337
0.843467
1.35213
1.48988
1.6709
1.29181
0.982797
1.67012
1.16599
1.21688
1.80464
1.04493
1.48733
0.982826
1.05083
1.2533
1.70417
1.03705
1.60646
1.22728
0.999159
1.60026
1.17229
0.833629
2.1131
2.37716
1.85307
1.70586
0.768766
1.81819
1.73925
0.869839
1.10836
0.751613
1.0193
0.733904
1.20209
0.855648
0.763541
1.06747
0.81025
1.01585
1.42696
0.889512
0.898561
2.07236
1.97202
1.26653
1.1844
1.24503
2.00987
0.924177
1.4259
1.2853
1.27864
1.47258
0.524507
1.18255
0.805603
0.793347
1.03498
1.60751
0.908309
0.732695
1.73626
1.67444
1.78199
0.795827
1.37953
1.88543
1.1145
1.52631
0.920311
1.32564
0.757808
1.07157
0.820919
0.549598
1.71164
1.30769
1.5579
1.51349
1.65418
1.44836
1.35731
0.9257
0.567979
1.57162
1.34398
1.19742
0.689444
1.28715
1.24753
1.46712
0.932497
1.2773
1.3048
0.767552
0.939285
1.22058
1.05627
1.59316
0.976083
1.21592
0.883688
1.8196
1.44324
0.918317
2.16721
1.28959
1.43121
1.01894
1.14091
1.26999
1.59346
1.36331
1.09165
1.09991
2.06426
1.55586
0.661409
1.24385
1.06123
2.05023
0.98326
1.16978
0.760174
1.47377
2.03852
1.12386
1.27172
0.883724
1.07255
0.792906
1.88036
1.63339
1.34429
2.27267
0.959309
1.25295
1.13565
1.02859
1.62782
1.08191
2.836
1.885
0.682302
0.752232
1.28792
1.22015
1.0952
1.3344
1.70803
1.609
0.760734
0.803446
1.62532
1.21229
1.75567
0.611555
0.616814
1.1829
0.59274
1.31358
1.00287
1.19768
1.04147
1.8314
0.796407
2.04385
2.12696
0.915072
0.918749
1.50416
1.74014
1.6617
1.70809
0.909048
1.43339
1.70325
1.1242
0.790035
1.29653
0.73197
1.11501
1.10581
1.47054
1.43886
0.783007
1.39774
0.741726
1.42289
0.778712
1.21454
1.26619
1.06191
1.28978
1.61176
0.770665
0.822027
2.29844
1.16244
0.753398
1.19488
0.99355
1.09082
1.37001
1.96374
1.68423
0.955236
1.29326
1.14208
0.835824
1.15552
0.819471
1.20171
1.17332
1.95712
1.16423
1.07317
0.968825
0.814529
1.05304
1.52444
1.09795
1.57501
1.25284
1.19343
0.734605
1.84793
0.860805
1.07652
1.94956
0.704958
1.00267
1.13285
1.43699
1.4338
1.15704
1.19102
1.03418
0.991093
0.904698
0.961106
0.90951
1.22872
1.08027
0.969903
0.626941
0.685991
1.46546
0.905634
1.32216
0.618707
1.56026
1.52921
0.593894
0.599205
1.39598
1.10323
1.34184
2.83608
1.66774
1.42484
1.31493
1.02181
0.579477
1.23568
1.08519
1.19822
0.813685
1.31405
0.729843
1.05917
1.85255
0.622117
0.767244
1.24508
1.30424
1.04612
0.93581
1.0754
0.983217
0.713354
1.82749
0.757367
0.736406
1.14936
1.61896
1.69587
1.45158
2.08913
0.927599
1.00558
0.623346
0.783831
1.03874
1.53477
1.60261
0.998692
1.53559
0.710662
1.86782
1.14689
1.13789
1.33551
1.386
2.20443
1.53245
1.36695
1.37831
0.786226
0.993249
0.945391
1.23076
0.867408
1.06209
1.94247
0.977123
2.02322
2.16724
0.756142
1.81835
1.35711
1.66724
0.920075
1.15024
1.63989
1.16818
0.790988
1.50104
1.894
0.766188
1.35117
1.15698
1.27087
0.587693
1.22651
1.26001
0.754013
0.468827
0.57303
1.00632
1.54176
1.9085
1.35306
1.0609
1.09682
1.0863
0.983292
1.64744
1.22573
0.708155
0.65688
0.839097
1.67968
0.85897
0.775094
0.64566
1.12076
1.5655
0.938646
0.871993
1.24792
1.81112
1.04918
0.808022
1.09944
1.1114
0.998114
1.29362
0.638405
1.46422
0.986927
1.74771
1.41385
1.70319
1.71995
0.960652
1.50499
1.29203
1.26516
1.52168
1.43732
0.837345
2.01991
0.860671
1.63514
1.33706
0.842055
1.41555
0.804222
0.736359
0.674625
1.43783
0.874695
1.22431
1.39169
0.863329
1.16586
0.727944
1.21763
1.23845
1.76513
1.68533
1.34104
1.30525
1.01311
1.25703
1.56419
1.84774
0.963915
1.49717
1.43831
1.78499
1.31852
1.28379
1.20412
1.17347
1.71788
1.18687
1.21101
1.25815
2.31703
1.58381
1.29612
1.58954
1.06281
1.15423
0.645063
0.923407
1.57443
1.37542
1.33001
0.614633
0.973565
1.42945
0.916173
1.01602
1.21377
1.13372
1.16645
1.64423
1.72767
1.04205
1.78471
1.47883
1.35859
1.27982
0.69576
1.39436
0.780955
1.59409
1.85622
0.978519
1.68926
1.62247
1.49012
0.835735
0.926401
0.622058
1.28224
0.846034
1.83874
1.3689
0.610514
1.45447
0.557233
1.28849
1.27248
1.54867
1.60082
1.75145
1.18463
1.0247
0.70426
1.56114
1.32704
1.29685
1.31426
0.74573
0.609181
0.915919
1.29372
1.17967
1.0854
1.1328
1.02976
0.818179
1.52557
0.818943
2.53255
1.09398
0.911101
0.791758
1.14691
1.59369
1.84745
1.41497
1.15434
1.42577
1.10957
1.38903
1.54544
0.960927
1.2521
1.55958
1.05093
0.916913
1.16524
1.15551
0.455656
0.576435
1.12532
1.14787
1.36333
0.986583
0.948122
1.36461
0.846261
1.47533
0.977733
0.607493
1.06344
0.572091
1.15762
1.41193
1.90352
1.02083
1.42844
1.37905
0.924392
1.55774
1.41419
1.0804
2.06644
1.30173
1.22666
1.42273
0.943125
1.0468
0.885089
1.826
1.87031
1.09657
1.04483
0.797241
1.11228
1.39182
1.08507
0.971615
0.891903
1.13654
1.206
0.898319
1.23073
0.456268
1.08591
0.937462
1.27905
0.923422
1.49311
1.07218
0.723942
1.1353
1.05114
1.04853
1.20185
0.855926
1.96948
1.14411
1.3663
1.8313
1.80675
0.920249
3.01551
0.738571
1.54255
0.97211
1.59102
1.1305
1.2964
1.0491
1.14613
1.46451
0.76975
1.10848
0.733653
1.13823
1.03377
1.12643
1.48641
1.05087
0.405103
1.18853
1.34699
1.06556
1.90804
1.9364
1.25313
1.39431
1.96453
0.992861
1.11885
0.888081
1.00613
1.18214
1.5369
0.942701
1.30291
0.672887
1.00816
0.88667
1.01168
1.50603
1.957
1.73114
1.37228
1.29093
1.38904
1.41087
1.07417
1.2288
0.680159
1.14547
0.697342
0.65867
1.15121
0.884745
1.50251
0.779938
1.11983
1.49224
1.39251
1.4022
1.08392
1.06668
1.0218
1.21003
1.24845
0.971259
1.18435
0.811375
0.838719
0.838719
1.32075
1.54566
1.27216
1.3071
2.14692
0.917094
1.45091
1.06042
1.50794
1.41054
0.826035
1.32754
1.07278
1.57287
1.31678
1.71848
1.10229
0.87631
1.9718
1.7194
1.27781
1.22851
1.20578
1.6935
1.09756
1.73854
1.7131
1.11988
0.565935
0.931868
1.01689
1.19342
1.68782
1.55322
0.9837
1.35798
1.05898
2.14768
1.08456
1.02181
0.926332
1.43516
1.17336
1.37303
1.03462
1.33236
1.8863
0.452309
1.02975
1.38845
1.32935
1.46393
1.00865
1.08155
1.75565
2.29546
0.646409
1.51001
1.10541
1.78278
1.19407
1.77194
1.0735
0.957212
2.32299
1.01871
0.803287
1.27306
1.05301
0.760161
0.779204
1.30154
0.731582
1.43303
2.07921
0.630304
1.01165
1.83239
1.20305
1.52909
1.08357
1.04852
2.29393
1.99273
0.772292
0.866157
1.5039
1.57643
0.866915
1.74259
0.885189
0.841629
1.06764
1.31923
1.16765
1.6187
1.98883
1.70741
0.625949
0.995072
2.33426
1.58364
1.15503
1.00708
1.32915
1.00633
0.937047
1.00653
0.519031
1.22636
1.10457
0.884207
0.960165
1.93854
1.13741
1.18874
0.673664
2.02813
1.23265
0.931747
1.04982
0.620675
1.20591
1.23491
1.19478
0.826787
1.39382
1.08349
1.03883
1.6828
0.886022
1.10453
1.33246
1.42725
2.21298
0.853512
1.10869
1.21324
0.504071
1.97636
1.07825
1.67211
1.08675
1.47475
0.737562
0.887233
1.51238
1.57883
1.25958
1.73079
1.00936
0.969849
1.62025
1.8148
0.701247
1.04947
1.65214
1.49346
1.06995
1.70631
1.15377
1.40851
1.4617
1.28947
1.75778
1.0014
0.89546
2.08665
1.32136
0.946211
0.753694
1.10033
0.747712
0.873806
0.873806
0.873806
0.942505
0.757237
1.61832
1.41782
1.82659
1.25801
1.33497
0.802061
0.909151
1.14081
1.56012
1.31079
1.3931
1.62903
0.530247
1.29219
1.44915
0.906439
1.73006
0.312675
1.69869
2.14992
1.29277
1.25769
1.01097
1.83973
1.20172
1.2442
0.923997
0.685425
1.12522
1.23744
1.31383
0.927992
0.927992
0.812931
1.28471
1.06292
0.806365
0.999152
0.905237
1.70249
1.09049
0.66088
2.05429
1.05779
1.10117
0.905726
1.19522
1.08351
1.84771
1.50674
1.54758
1.76763
1.1038
0.772431
1.35353
0.600691
1.73477
0.907801
0.562551
1.43467
1.33697
0.934587
1.0416
1.05516
1.19025
2.34065
1.70365
1.46585
1.74516
0.82745
1.3506
1.20634
1.35264
1.4915
1.53708
0.81919
1.5353
1.5995
1.21057
0.638906
1.25964
1.43911
1.62873
0.52583
1.63204
1.50695
1.35665
0.994514
0.951954
0.907451
0.93832
0.84773
0.84773
1.29305
1.00062
1.53061
1.13892
1.07478
1.43605
1.38109
0.558642
1.11583
1.92663
0.749587
0.716317
0.981445
0.923422
0.923422
0.706809
1.078
1.22331
1.64204
0.852151
0.937764
1.36911
1.60563
1.08444
1.75532
1.52731
1.55142
2.07276
0.929852
0.820988
1.23034
2.09528
0.89891
1.61648
