-11352.4 -574.986 -10777.4
-11357 -568.748 -10788.3
-11423.6 -634.301 -10789.3
-11465.5 -663.963 -10801.5
-11436.6 -644.761 -10791.9
-11376.7 -591.696 -10785
-11402.6 -617.432 -10785.1
-11400.5 -633.888 -10766.6
-11388.1 -600.532 -10787.5
-11379.3 -604.287 -10775
-11436.8 -669.576 -10767.2
-11448.6 -687.591 -10761
-11434.2 -680.983 -10753.2
-11406.8 -634.351 -10772.4
-11476.5 -696.854 -10779.6
-11408 -636.235 -10771.8
-11422.3 -642.627 -10779.6
-11413.1 -631.031 -10782.1
-11430.4 -644.945 -10785.5
-11430.3 -647.816 -10782.5
-11418.5 -615.858 -10802.6
-11410.3 -647.038 -10763.3
-11393 -619.833 -10773.2
-11431.5 -641.42 -10790.1
-11445.5 -663.123 -10782.4
-11459.1 -671.516 -10787.6
-11381.1 -603.716 -10777.4
-11377.2 -611.491 -10765.7
-11428.5 -662.804 -10765.6
-11394.4 -631.116 -10763.2
-11403.7 -629.397 -10774.4
-11409.7 -636.669 -10773.1
-11351.7 -604.645 -10747.1
-11418.8 -651.416 -10767.3
-11433.1 -652.836 -10780.3
-11407.8 -632.816 -10775
-11401 -624.059 -10776.9
-11404.9 -602.065 -10802.8
-11455.4 -665.365 -10790.1
-11392.6 -597.927 -10794.6
-11392 -609.64 -10782.3
-11421.4 -637.61 -10783.8
-11347 -578.055 -10769
-11416.9 -646.261 -10770.6
-11422.6 -642.073 -10780.5
-11388.7 -611.549 -10777.1
-11454 -657.883 -10796.1
-11442.7 -634.422 -10808.3
-11363.5 -578.323 -10785.2
-11394.6 -613.194 -10781.4
-11374.6 -586.488 -10788.1
-11486 -681.972 -10804
-11426.3 -626.659 -10799.7
-11418.3 -624.972 -10793.4
-11424.5 -652.154 -10772.3
-11342 -590.053 -10751.9
-11396.6 -640.241 -10756.3
-11393.9 -644.484 -10749.5
-11403.4 -632.354 -10771
-11429.9 -655.744 -10774.1
-11363.9 -580.034 -10783.9
-11434.9 -657.606 -10777.3
-11424.2 -652.184 -10772
-11412.8 -653.519 -10759.3
-11388.3 -642.132 -10746.1
-11440.6 -682.83 -10757.7
-11392.1 -612.713 -10779.4
-11455.2 -660.466 -10794.7
-11373.4 -596.322 -10777.1
-11473 -704.885 -10768.1
-11347.9 -588.927 -10759
-11428.6 -661.826 -10766.8
-11398.5 -625.788 -10772.7
-11402.8 -601.193 -10801.6
-11436.5 -648.597 -10787.9
-11434 -655.775 -10778.2
-11390.7 -612.118 -10778.6
-11366.7 -584.543 -10782.2
-11404.4 -635.132 -10769.3
-11401.2 -619.834 -10781.4
-11452.3 -651.976 -10800.3
-11372.7 -594.982 -10777.8
-11420.4 -646.557 -10773.9
-11405.4 -623.071 -10782.3
-11432.4 -649.066 -10783.3
-11434 -651.744 -10782.3
-11400.7 -616.401 -10784.3
-11379.3 -611.922 -10767.4
-11461.8 -681.346 -10780.5
-11421.7 -630.396 -10791.3
-11401.7 -594.176 -10807.5
-11428.8 -631.064 -10797.7
-11388.7 -601.062 -10787.6
-11399.1 -613.432 -10785.6
-11428.2 -638.04 -10790.1
-11434.9 -683.348 -10751.6
-11368.4 -595.221 -10773.2
-11421.3 -644.721 -10776.6
-11412 -633.765 -10778.2
-11394.5 -600.933 -10793.6
-11389.8 -595.022 -10794.7
-11409.1 -617.844 -10791.3
-11479 -671.112 -10807.8
-11406.4 -596.296 -10810.2
-11444.4 -646.324 -10798
-11402.4 -582.039 -10820.4
-11437.5 -658.155 -10779.4
-11373 -588.099 -10784.9
-11451.9 -671.581 -10780.3
-11416 -639.212 -10776.8
-11409.1 -615.618 -10793.5
-11405.2 -621.771 -10783.4
-11409.9 -626.616 -10783.3
-11370 -597.123 -10772.9
-11426.3 -653.154 -10773.2
-11371.1 -563.086 -10808
-11405.9 -608.907 -10797
-11353.9 -572.339 -10781.6
-11397 -627.445 -10769.5
-11436.5 -674.531 -10762
-11393.4 -623.956 -10769.5
-11367.3 -590.335 -10777
-11449.4 -653.638 -10795.7
-11435.8 -646.946 -10788.8
-11423 -641.155 -10781.8
-11391.6 -590.459 -10801.2
-11328.8 -533.093 -10795.7
-11426.3 -627.512 -10798.8
-11391.8 -595.321 -10796.5
-11380.8 -590.564 -10790.2
-11390.1 -592.755 -10797.4
-11390.9 -624.096 -10766.8
-11430.7 -641.511 -10789.2
-11439.5 -641.971 -10797.5
-11453.3 -659.913 -10793.4
-11466.6 -671.192 -10795.4
-11420 -624.807 -10795.2
-11403.9 -602.984 -10800.9
-11414 -611.706 -10802.3
-11365.7 -574.061 -10791.6
-11406 -616.336 -10789.7
-11394.9 -592.12 -10802.8
-11345.3 -571.735 -10773.5
-11432.7 -667.217 -10765.4
-11451.1 -664.836 -10786.3
-11409.5 -623.298 -10786.2
-11463.6 -679.12 -10784.5
-11387 -595.724 -10791.2
-11457.3 -663.192 -10794.1
-11413.5 -612.943 -10800.6
-11407.1 -615.256 -10791.9
-11411.6 -614.99 -10796.6
-11465.3 -682.133 -10783.1
-11432.8 -641.766 -10791
-11391.6 -609.301 -10782.3
-11404.3 -632.886 -10771.4
-11396.9 -612.729 -10784.2
-11418.2 -619.106 -10799.1
-11349.5 -564.496 -10785
-11372.4 -598.18 -10774.2
-11408.8 -608.877 -10799.9
-11378.4 -591.32 -10787.1
-11424.3 -667.899 -10756.4
-11359.2 -583.605 -10775.6
-11360.6 -590.494 -10770.1
-11473.4 -689.207 -10784.2
-11428 -635.213 -10792.8
-11413.6 -637.706 -10775.9
-11441.6 -652.222 -10789.4
-11387.1 -610.373 -10776.8
-11405.7 -603.337 -10802.4
-11423.7 -639.439 -10784.3
-11390.9 -631.262 -10759.7
-11442.8 -661.529 -10781.3
-11484.8 -685.579 -10799.2
-11457.8 -681.226 -10776.5
-11502.3 -705.741 -10796.6
-11467 -682.634 -10784.3
-11471.1 -666.17 -10805
-11487.4 -692.094 -10795.3
-11397.6 -619.225 -10778.4
-11418.6 -632.353 -10786.3
-11408.7 -615.691 -10793
-11428.5 -612.399 -10816.1
-11430.8 -639.08 -10791.7
-11486.3 -716.889 -10769.4
-11391.6 -611.218 -10780.3
-11391.4 -601.486 -10789.9
-11435.3 -636.289 -10799
-11405.8 -611.903 -10793.9
-11370.5 -580.71 -10789.8
-11426 -646.856 -10779.1
-11436.3 -634.054 -10802.3
-11475.9 -667.135 -10808.7
-11470.8 -684.191 -10786.6
-11444.1 -662.148 -10782
-11403 -636.385 -10766.6
-11371.8 -618.074 -10753.8
-11377.2 -590.123 -10787.1
-11415.5 -633.352 -10782.1
-11386.2 -600.315 -10785.9
-11418.3 -638.018 -10780.3
-11420 -618.297 -10801.7
-11428.9 -639.911 -10789
-11406.5 -610.993 -10795.5
-11362.1 -585.082 -10777.1
-11416.1 -635.826 -10780.3
-11390.1 -611.643 -10778.4
-11463 -669.145 -10793.8
-11442.3 -660.892 -10781.4
-11321.4 -523.405 -10798
-11389.1 -606.554 -10782.6
-11384.5 -593.442 -10791.1
-11373.7 -590.473 -10783.2
-11418.4 -619.296 -10799.1
-11422.7 -632.924 -10789.7
-11399.6 -604.957 -10794.6
-11493.8 -704.379 -10789.4
-11410.1 -622.197 -10787.9
-11328.3 -541.925 -10786.4
-11401.2 -618.675 -10782.5
-11368.6 -586.866 -10781.8
-11385.9 -597.861 -10788
-11432.9 -641.196 -10791.7
-11399.1 -601.459 -10797.7
-11392.4 -594.057 -10798.4
-11383.2 -601.996 -10781.2
-11427.5 -646.673 -10780.9
-11371.8 -590.568 -10781.2
-11380.8 -598.216 -10782.6
-11372.6 -604.057 -10768.6
-11378.4 -593 -10785.4
-11415.8 -634.276 -10781.6
-11367.5 -596.088 -10771.4
-11377.9 -615.003 -10762.9
-11376 -609.734 -10766.3
-11421.2 -655.725 -10765.5
-11399.7 -631.622 -10768.1
-11439.6 -675.622 -10764
-11380.6 -612.397 -10768.2
-11376.5 -611.243 -10765.2
-11356.6 -598.449 -10758.2
-11324.9 -554.034 -10770.9
-11425.3 -657.016 -10768.3
-11429.6 -641.073 -10788.5
-11410 -619.349 -10790.7
-11371.7 -600.985 -10770.7
-11338.3 -559.759 -10778.5
-11410.7 -644.855 -10765.9
-11360.1 -581.349 -10778.7
-11390.2 -619.812 -10770.4
-11430.4 -635.535 -10794.8
-11395.4 -594.587 -10800.8
-11380 -599.197 -10780.8
-11366.5 -590.519 -10776
-11503.3 -731.632 -10771.7
-11440.1 -683.645 -10756.5
-11415.5 -640.122 -10775.4
-11381 -589.356 -10791.7
-11434 -629.704 -10804.3
-11407.6 -634.075 -10773.5
-11433.3 -632.407 -10800.9
-11433.4 -653.413 -10780
-11444.7 -653.21 -10791.5
-11376.6 -588.773 -10787.9
-11436.9 -666.252 -10770.6
-11403.3 -621.129 -10782.2
-11331.5 -549.914 -10781.6
-11355.8 -570.058 -10785.7
-11361.6 -588.934 -10772.7
-11328.7 -544.246 -10784.4
-11395.4 -595.073 -10800.4
-11359.7 -587.717 -10772
-11401.5 -632.05 -10769.5
-11479.9 -689.062 -10790.8
-11389.9 -612.907 -10776.9
-11425.4 -636.743 -10788.7
-11444.7 -662.315 -10782.4
-11444.8 -652.107 -10792.7
-11401.5 -626.051 -10775.4
-11488.4 -718.382 -10770
-11420.1 -653.269 -10766.8
-11357.4 -586.286 -10771.1
-11461.8 -679.822 -10781.9
-11431.6 -643.881 -10787.7
-11358.6 -583.287 -10775.3
-11399.9 -630.009 -10769.9
-11330.8 -567.412 -10763.4
-11411.5 -681.082 -10730.4
-11391.1 -665.026 -10726.1
-11396.4 -655.948 -10740.4
-11382.7 -640.6 -10742.1
-11343.9 -598.856 -10745
-11306.6 -546.562 -10760
-11349.1 -574.907 -10774.2
-11361.6 -572.852 -10788.8
-11406.4 -623.121 -10783.3
-11351 -559.158 -10791.8
-11359.7 -581.451 -10778.3
-11342.2 -580.342 -10761.8
-11383 -611.033 -10771.9
-11410 -619.607 -10790.4
-11416.3 -632.37 -10783.9
-11394 -631.413 -10762.6
-11384.9 -632.756 -10752.1
-11389.2 -617.153 -10772.1
-11435.2 -661.975 -10773.2
-11414.1 -621.224 -10792.9
-11431.8 -629.451 -10802.4
-11399.7 -604.05 -10795.7
-11358.2 -592.516 -10765.7
-11332.7 -554.426 -10778.3
-11399.5 -638.079 -10761.4
-11372.8 -587.573 -10785.2
-11380.2 -574.619 -10805.5
-11390.3 -600.165 -10790.1
-11351.4 -560.011 -10791.3
-11388.4 -600.805 -10787.6
-11390.6 -590.513 -10800.1
-11444.2 -663.091 -10781.1
-11364.4 -573.621 -10790.7
-11411.8 -609.151 -10802.6
-11417.8 -625.231 -10792.5
-11432.9 -633.59 -10799.3
-11439.2 -658.556 -10780.6
-11426 -649.215 -10776.8
-11468.1 -685.969 -10782.2
-11428.7 -658.387 -10770.3
-11406.7 -621.824 -10784.9
-11441.2 -659.974 -10781.2
-11412.3 -618.183 -10794.1
-11399.9 -606.725 -10793.2
-11367.7 -574.57 -10793.2
-11426.2 -639.829 -10786.4
-11403.7 -606.478 -10797.2
-11459.6 -661.961 -10797.6
-11442 -666.112 -10775.9
-11401.8 -658.432 -10743.4
-11327.4 -574.338 -10753.1
-11408.8 -653.689 -10755.1
-11384.3 -618.932 -10765.4
-11381.2 -597.397 -10783.8
-11378.8 -609.664 -10769.1
-11417.9 -646.124 -10771.7
-11455.6 -686.015 -10769.6
-11397.7 -638.025 -10759.6
-11409.5 -611.587 -10797.9
-11454.6 -674.343 -10780.3
-11374.5 -585.666 -10788.8
-11311 -521.16 -10789.8
-11419.5 -638.212 -10781.2
-11364.1 -582.053 -10782
-11419.9 -631.745 -10788.1
-11419.2 -676.51 -10742.7
-11435.6 -679.149 -10756.5
-11480.4 -704.179 -10776.3
-11345.7 -588.005 -10757.7
-11409.3 -622.875 -10786.5
-11395.9 -629.205 -10766.7
-11441.5 -666.089 -10775.4
-11378.4 -600.969 -10777.5
-11436 -665.741 -10770.2
-11426.2 -645.881 -10780.3
-11484 -704.374 -10779.6
-11395.7 -628.763 -10766.9
-11361.5 -585.884 -10775.7
-11397.6 -611.779 -10785.8
-11404.7 -615.34 -10789.4
-11429.2 -648.489 -10780.8
-11361.2 -593.48 -10767.7
-11409.8 -642.783 -10767
-11426 -667.193 -10758.8
-11426.4 -655.98 -10770.4
-11499.6 -698.488 -10801.1
-11416.8 -639.467 -10777.4
-11390.8 -610.539 -10780.2
-11414.6 -637.757 -10776.8
-11452.4 -679.267 -10773.1
-11383.7 -599.265 -10784.4
-11382.9 -625.8 -10757.1
-11442.8 -664.461 -10778.3
-11378.6 -603.524 -10775.1
-11449.4 -666.496 -10782.9
-11436.2 -647.143 -10789
-11433.4 -651.238 -10782.1
-11409.2 -628.598 -10780.6
-11404.4 -621.971 -10782.4
-11516.7 -705.491 -10811.2
-11437.3 -638.128 -10799.2
-11502.6 -694.433 -10808.2
-11483.2 -691.966 -10791.2
-11362.7 -551.394 -10811.3
-11406.2 -629.077 -10777.1
-11439.6 -653.341 -10786.3
-11427.9 -633.632 -10794.3
-11448.2 -646.469 -10801.8
-11445 -646.971 -10798
-11393.9 -595.507 -10798.4
-11388.5 -625.866 -10762.6
-11392.4 -609.219 -10783.2
-11376.3 -604.018 -10772.2
-11397 -618.059 -10779
-11369 -590.032 -10778.9
-11472.8 -693.622 -10779.2
-11391.5 -623.811 -10767.7
-11403.5 -636.763 -10766.7
-11393.7 -623.113 -10770.6
-11439.5 -657.461 -10782.1
-11416.6 -627.833 -10788.7
-11409.6 -632.169 -10777.4
-11392.4 -625.686 -10766.7
-11406 -608.536 -10797.4
-11393.5 -613.343 -10780.2
-11356.3 -576.296 -10780
-11421.5 -641.404 -10780.1
-11417.4 -640.401 -10777
-11395.6 -622.883 -10772.7
-11425.1 -638.974 -10786.1
-11435 -654.448 -10780.5
-11339 -552.04 -10787
-11383.9 -615.796 -10768.1
-11357.3 -593.097 -10764.3
-11377.4 -599.433 -10777.9
-11380.7 -610.023 -10770.6
-11448 -635.621 -10812.3
-11449 -665.198 -10783.8
-11419.6 -635.876 -10783.7
-11374.8 -586.561 -10788.3
-11404.5 -630.351 -10774.1
-11423.7 -665.41 -10758.2
-11357.1 -591.894 -10765.2
-11402.9 -648.675 -10754.3
-11382 -621.75 -10760.3
-11335.7 -574.201 -10761.5
-11392.8 -611.775 -10781
-11422.4 -638.727 -10783.7
-11354.9 -573.446 -10781.4
-11360 -584.983 -10775
-11332.9 -570.567 -10762.3
-11414.6 -623.696 -10790.9
-11422.2 -643.915 -10778.2
-11347 -565.594 -10781.4
-11442.4 -669.116 -10773.3
-11377.2 -599.018 -10778.2
-11381.7 -596.185 -10785.5
-11421.5 -633.758 -10787.7
-11443.9 -652.513 -10791.3
-11370.4 -576.954 -10793.5
-11445.5 -640.471 -10805.1
-11445.7 -653.945 -10791.8
-11453.6 -659.953 -10793.6
-11428.3 -639.467 -10788.8
-11373.6 -600.261 -10773.3
-11433.1 -654.162 -10778.9
-11451.8 -669.706 -10782.1
-11373.8 -587.708 -10786.1
-11411.2 -616.963 -10794.2
-11409.4 -611.748 -10797.7
-11385.6 -597.984 -10787.7
-11412.5 -625.095 -10787.4
-11418.9 -648.41 -10770.5
-11462.8 -685.486 -10777.3
-11436.7 -634.86 -10801.9
-11409.7 -598.579 -10811.1
-11432.4 -651.645 -10780.8
-11372.2 -592.02 -10780.2
-11433.5 -646.704 -10786.8
-11446.3 -654.877 -10791.5
-11403.5 -626.639 -10776.9
-11399.5 -616.338 -10783.2
-11384.9 -619.717 -10765.2
-11439.8 -665.572 -10774.3
-11432.7 -648.746 -10784
-11386.3 -604.626 -10781.7
-11406.8 -607.217 -10799.6
-11471.4 -669.825 -10801.5
-11413.8 -625.165 -10788.6
-11394.2 -610.837 -10783.4
-11398.4 -615.571 -10782.9
-11440.3 -655.129 -10785.2
-11403 -609.472 -10793.5
-11405.1 -643.019 -10762.1
-11437 -659.217 -10777.8
-11410.2 -636.794 -10773.4
-11396 -627.368 -10768.6
-11389 -632.038 -10757
-11398.7 -630.717 -10768
-11375.3 -599.241 -10776.1
-11410.2 -645.474 -10764.7
-11366.1 -590.864 -10775.3
-11430.2 -671.3 -10758.9
-11393 -613.829 -10779.1
-11436.8 -661.393 -10775.4
-11376.1 -607.454 -10768.7
-11437.5 -654.672 -10782.8
-11433.5 -649.309 -10784.1
-11406.5 -635.333 -10771.2
-11380.6 -609.116 -10771.5
-11413.7 -621.146 -10792.6
-11440.1 -638.402 -10801.7
-11438.3 -645.234 -10793.1
-11440.5 -640.713 -10799.8
-11441.7 -647.199 -10794.5
-11418.8 -631.813 -10787
-11406.5 -613.103 -10793.4
-11393.5 -614.53 -10779
-11461.6 -672.474 -10789.1
-11415.7 -628.224 -10787.5
-11453.6 -665.322 -10788.2
-11407 -614.121 -10792.9
-11406.6 -631.884 -10774.7
-11412.8 -617.936 -10794.9
-11380.6 -580.638 -10799.9
-11432.4 -645.781 -10786.6
-11406.6 -601.116 -10805.5
-11438.2 -649.42 -10788.8
-11442.9 -666.99 -10775.9
-11407.7 -628.32 -10779.4
-11359.1 -587.855 -10771.3
-11414.6 -669.776 -10744.8
-11475.5 -700.208 -10775.3
-11412.9 -624.707 -10788.1
-11458.4 -667.419 -10791
-11373.7 -582.46 -10791.3
-11398.9 -597.515 -10801.4
-11432.6 -654.525 -10778.1
-11456.1 -655.773 -10800.4
-11365.9 -602.831 -10763.1
-11415.9 -623.427 -10792.5
-11390.2 -631.107 -10759.1
-11443 -660.385 -10782.6
-11412.4 -629.872 -10782.6
-11399.6 -638.575 -10761
-11399.5 -618.989 -10780.5
-11437.2 -630.952 -10806.3
-11378.8 -584.454 -10794.4
-11414.1 -624.75 -10789.3
-11414 -635.952 -10778
-11380.2 -603.038 -10777.1
-11468.8 -682.005 -10786.8
-11425.9 -630.839 -10795.1
-11377.1 -606.291 -10770.8
-11457 -670.989 -10786
-11435.6 -650.791 -10784.8
-11407.4 -612.866 -10794.6
-11398.6 -620.454 -10778.2
-11486.4 -695.921 -10790.5
-11402.5 -615.926 -10786.5
-11420.2 -644.342 -10775.8
-11370.2 -622.619 -10747.6
-11411.3 -647.926 -10763.3
-11397.9 -630.21 -10767.7
-11445.1 -672.457 -10772.6
-11429.6 -657.82 -10771.8
-11440 -651.301 -10788.7
-11386.8 -617.69 -10769.1
-11447.7 -680.85 -10766.9
-11433.4 -639.632 -10793.8
-11427.1 -625.241 -10801.9
-11405 -614.228 -10790.7
-11402.5 -625.664 -10776.9
-11419.8 -663.289 -10756.5
-11393.8 -634.692 -10759.1
-11449.3 -671.383 -10777.9
-11466 -686.368 -10779.6
-11429.5 -630.474 -10799
-11479.1 -692.471 -10786.6
-11475.3 -677.682 -10797.6
-11449.8 -658.514 -10791.3
-11462 -680.002 -10782
-11407 -621.95 -10785.1
-11445 -668.387 -10776.6
-11484.3 -694.774 -10789.6
-11487.5 -681.515 -10806
-11436.2 -648.509 -10787.7
-11435.6 -652.107 -10783.5
-11474.5 -706.949 -10767.6
-11461 -699.823 -10761.2
-11451.7 -680.612 -10771.1
-11397.6 -621.184 -10776.4
-11410.3 -633.469 -10776.8
-11420.8 -641.735 -10779.1
-11424.7 -646.581 -10778.1
-11444.6 -671.952 -10772.6
-11456.3 -679.21 -10777.1
-11380.9 -605.55 -10775.4
-11429.6 -638.697 -10790.9
-11369.6 -578.632 -10791
-11437.9 -653.979 -10783.9
-11444.4 -644.742 -10799.6
-11456.3 -666.742 -10789.5
-11430.6 -618.514 -10812.1
-11381.3 -605.85 -10775.4
-11439.7 -646.938 -10792.7
-11450.4 -666.025 -10784.4
-11426.3 -647.575 -10778.7
-11359.3 -564.199 -10795.1
-11429.5 -643.565 -10786
-11473.4 -671.6 -10801.8
-11394.7 -616.479 -10778.2
-11452.1 -653.301 -10798.8
-11477.4 -688.549 -10788.9
-11411.9 -593.829 -10818
-11451.2 -640.303 -10810.9
-11458.1 -666.595 -10791.5
-11457.5 -658.397 -10799.1
-11418.1 -645.331 -10772.7
-11395 -620.746 -10774.2
-11458.9 -671.24 -10787.7
-11412.1 -624.933 -10787.2
-11372.5 -584.918 -10787.6
-11452.7 -653.951 -10798.7
-11468.7 -676.433 -10792.2
-11389.6 -577.705 -10811.9
-11431.7 -636.819 -10794.9
-11431 -647.204 -10783.8
-11441.2 -667.222 -10774
-11418.3 -650.068 -10768.2
-11392.3 -628.673 -10763.6
-11399.5 -634.753 -10764.8
-11408.8 -643.492 -10765.3
-11482 -691.168 -10790.8
-11487.9 -711.385 -10776.5
-11418.5 -636.304 -10782.2
-11418.4 -640.888 -10777.5
-11414.7 -614.475 -10800.2
-11388.7 -599.22 -10789.5
-11410.3 -642.427 -10767.9
-11385.7 -604.99 -10780.7
-11409.5 -639.13 -10770.4
-11390.1 -618.761 -10771.3
-11404.9 -637.103 -10767.8
-11409.1 -651.346 -10757.7
-11453.7 -710.394 -10743.3
-11447.5 -680.367 -10767.2
-11407.3 -638.005 -10769.3
-11418.6 -641.186 -10777.5
-11414.1 -624.19 -10789.9
-11389.3 -598.045 -10791.3
-11389.4 -597.682 -10791.7
-11356.8 -586.896 -10769.9
-11411.3 -650.144 -10761.2
-11426.4 -664.408 -10762
-11390.9 -649.416 -10741.5
-11431 -660.905 -10770.1
-11431.6 -658.002 -10773.6
-11412.8 -655.283 -10757.5
-11399.3 -623.678 -10775.7
-11432.3 -667.875 -10764.4
-11398.7 -623.388 -10775.3
-11442.5 -691.885 -10750.6
-11376.4 -621.123 -10755.2
-11460.4 -670.736 -10789.6
-11356.4 -577.63 -10778.8
-11442.5 -650.947 -10791.5
-11483 -680.798 -10802.2
-11431.9 -609.325 -10822.6
-11493.9 -671.666 -10822.3
-11387.2 -604.232 -10782.9
-11422.7 -642.621 -10780.1
-11381.2 -603.921 -10777.3
-11349.1 -563.291 -10785.8
-11418.4 -638.336 -10780
-11420.6 -645.467 -10775.2
-11393.9 -623.779 -10770.1
-11416.4 -643.189 -10773.2
-11491.9 -696.686 -10795.2
-11431 -645.791 -10785.2
-11363.7 -566.751 -10797
-11392.8 -618.427 -10774.4
-11429.8 -655.558 -10774.2
-11378.6 -622.649 -10755.9
-11443 -647.714 -10795.3
-11447.4 -678.336 -10769.1
-11363.7 -599.756 -10764
-11406.4 -638.624 -10767.8
-11414.4 -654.971 -10759.4
-11397.7 -624.662 -10773
-11405.9 -626.879 -10779
-11399.7 -622.903 -10776.8
-11468.7 -678.207 -10790.5
-11419.5 -619.821 -10799.7
-11491.3 -697.046 -10794.3
-11399.4 -594.929 -10804.4
-11381.8 -583.021 -10798.8
-11485.1 -692.836 -10792.2
-11391.4 -602.978 -10788.4
-11426.1 -654.092 -10772
-11455.9 -667.696 -10788.2
-11433.6 -668.85 -10764.8
-11404.1 -627.193 -10776.9
-11389.2 -615.421 -10773.8
-11404.5 -636.496 -10768
-11365.9 -582.63 -10783.3
-11453.8 -669.595 -10784.2
-11371.9 -579.116 -10792.8
-11419 -642.191 -10776.8
-11370.4 -594.707 -10775.7
-11440.5 -672.688 -10767.9
-11388.2 -612.64 -10775.6
-11386 -603.731 -10782.2
-11450.9 -664.189 -10786.7
-11417.1 -637.845 -10779.3
-11444.2 -656.576 -10787.6
-11428.1 -642.938 -10785.2
-11389.3 -594.323 -10794.9
-11432.6 -644.434 -10788.1
-11389.1 -594.374 -10794.7
-11415.6 -599.253 -10816.4
-11430.3 -630.308 -10800
-11405.8 -615.028 -10790.8
-11447.2 -644.301 -10802.9
-11435.9 -649.406 -10786.5
-11438.3 -657.386 -10780.9
-11397.7 -599.1 -10798.6
-11403.6 -624.666 -10778.9
-11424.6 -625.644 -10799
-11417.9 -624.58 -10793.4
-11403.8 -620.537 -10783.2
-11380.2 -587.398 -10792.8
-11376.5 -609.731 -10766.8
-11372.5 -597.79 -10774.7
-11400.9 -610.899 -10790
-11340.8 -568.407 -10772.4
-11431.4 -650.222 -10781.2
-11394.5 -603.11 -10791.4
-11414.4 -623.646 -10790.7
-11395.7 -601.833 -10793.9
-11425.5 -660.325 -10765.2
-11387.4 -641.411 -10746
-11405.6 -621.89 -10783.7
-11418.8 -636.67 -10782.1
-11420.5 -635.045 -10785.5
-11449.7 -663.148 -10786.5
-11468 -685.012 -10783
-11428 -644.442 -10783.5
-11432.5 -652.549 -10779.9
-11385.4 -609.24 -10776.2
-11441.4 -685.954 -10755.4
-11411.7 -642.882 -10768.8
-11392.2 -622.123 -10770.1
-11439.2 -685.047 -10754.2
-11437.8 -653.825 -10784
-11413.9 -629.716 -10784.2
-11423.5 -642.054 -10781.4
-11416.9 -629.801 -10787.1
-11439.6 -660.86 -10778.8
-11405.6 -610.648 -10794.9
-11389.1 -610.209 -10778.9
-11356.3 -579.794 -10776.5
-11435.5 -671.729 -10763.8
-11350.7 -578.653 -10772.1
-11415.6 -647.114 -10768.5
-11385.4 -622.295 -10763.1
-11375.7 -597.514 -10778.2
-11359.7 -594.897 -10764.8
-11319 -557.621 -10761.4
-11327.2 -562.729 -10764.5
-11388.7 -616.212 -10772.5
-11381.6 -619.203 -10762.4
-11400 -632.492 -10767.5
-11395.1 -620.893 -10774.2
-11353.3 -571.087 -10782.3
-11365.2 -600.259 -10765
-11355.5 -572.479 -10783
-11510.1 -732.313 -10777.8
-11423.8 -640.935 -10782.8
-11414.6 -622.922 -10791.7
-11442.6 -663.759 -10778.8
-11432.5 -641.09 -10791.4
-11441.6 -670.395 -10771.2
-11408.9 -631.321 -10777.6
-11352.7 -570.334 -10782.4
-11456 -674.253 -10781.8
-11416.4 -636.27 -10780.1
-11445.4 -661.195 -10784.2
-11378.7 -586.524 -10792.2
-11438.8 -662.41 -10776.4
-11432.4 -664.881 -10767.5
-11466.9 -660.362 -10806.5
-11500.4 -693.498 -10806.9
-11417.6 -617.099 -10800.5
-11394.1 -598.593 -10795.5
-11451.7 -668.549 -10783.1
-11397.9 -623.012 -10774.9
-11378.6 -617.518 -10761
-11371.6 -618.202 -10753.4
-11436.7 -680.058 -10756.6
-11386.8 -596.288 -10790.5
-11404.4 -633.015 -10771.4
-11401.4 -624.243 -10777.2
-11396.8 -620.037 -10776.7
-11425.4 -637.098 -10788.3
-11437.5 -673.564 -10764
-11454.8 -683.429 -10771.3
-11450 -661.965 -10788.1
-11390.6 -597.934 -10792.6
-11403.8 -632.77 -10771.1
-11421.5 -641.628 -10779.9
-11392.4 -610.093 -10782.3
-11410.1 -633.18 -10776.9
-11475.3 -691.24 -10784.1
-11419 -624.134 -10794.8
-11404.4 -612.36 -10792.1
-11446.8 -647.957 -10798.9
-11429.7 -641.149 -10788.6
-11442 -656.514 -10785.5
-11408.7 -645.163 -10763.5
-11334.9 -563.346 -10771.5
-11423.3 -651.525 -10771.7
-11428.5 -658.585 -10770
-11391.3 -633.871 -10757.4
-11389.5 -628.401 -10761.1
-11375.5 -602.514 -10773
-11394.4 -645.936 -10748.5
-11345.5 -592.513 -10753
-11373.7 -626.879 -10746.9
-11514.5 -726.35 -10788.2
-11377.4 -604.413 -10773
-11431.7 -650.937 -10780.8
-11413.9 -637.016 -10776.9
-11441.2 -656.611 -10784.6
-11373.9 -590.629 -10783.3
-11410.4 -632.298 -10778.1
-11352 -576.521 -10775.5
-11342.4 -566.168 -10776.2
-11390.2 -614.32 -10775.9
-11358.5 -588.143 -10770.4
-11403.2 -610.852 -10792.4
-11423.9 -640.309 -10783.6
-11439.5 -659.349 -10780.2
-11414 -637.446 -10776.5
-11352.5 -576.26 -10776.2
-11414.4 -647.863 -10766.6
-11412.1 -618.19 -10793.9
-11441.8 -645.191 -10796.6
-11442.1 -667.607 -10774.5
-11434 -639.922 -10794.1
-11456.9 -655.782 -10801.1
-11417.3 -632.842 -10784.4
-11375.7 -588.382 -10787.3
-11407.7 -615.975 -10791.8
-11355.6 -582.106 -10773.5
-11429.8 -644.473 -10785.4
-11393.6 -616.225 -10777.4
-11451.8 -685.627 -10766.2
-11420.3 -649.101 -10771.2
-11442.1 -660.399 -10781.7
-11383.9 -600.228 -10783.7
-11436 -662.913 -10773.1
-11406.3 -626.341 -10780
-11445.3 -663.332 -10782
-11469.4 -705.213 -10764.2
-11411.3 -637.798 -10773.5
-11405.8 -642.491 -10763.4
-11415.5 -634.205 -10781.3
-11409.2 -629.212 -10780
-11441.8 -668.799 -10773
-11368.3 -603.554 -10764.7
-11406.8 -648.609 -10758.2
-11392.8 -635.314 -10757.5
-11458.6 -667.695 -10790.9
-11420.3 -639.984 -10780.3
-11408.6 -626.288 -10782.3
-11462.4 -684.612 -10777.8
-11485.4 -703.375 -10782
-11408.2 -626.139 -10782
-11424.2 -646.602 -10777.6
-11462.3 -689.824 -10772.4
-11426.2 -650.456 -10775.7
-11453.7 -660.805 -10792.9
-11484.9 -687.852 -10797
-11434 -646.947 -10787.1
-11433.1 -654.055 -10779.1
-11392 -596.22 -10795.8
-11417.6 -632.159 -10785.4
-11385.1 -595.676 -10789.4
-11358.9 -589.625 -10769.3
-11405.3 -631.512 -10773.8
-11396.1 -623.097 -10773
-11388.7 -630.588 -10758.1
-11395.5 -619.191 -10776.3
-11381 -610.001 -10771
-11448 -677.803 -10770.2
-11408.5 -628.573 -10780
-11390.7 -596.219 -10794.5
-11460.2 -672.07 -10788.1
-11332.4 -574.194 -10758.2
-11401.6 -621.812 -10779.8
-11368.6 -578.713 -10789.8
-11384.6 -598.05 -10786.5
-11403.5 -608.182 -10795.4
-11385.2 -586.607 -10798.6
-11468 -665.216 -10802.8
-11438.3 -636.418 -10801.9
-11406.6 -618.76 -10787.8
-11416.3 -616.651 -10799.6
-11394.7 -604.007 -10790.7
-11478.5 -692.832 -10785.7
-11382.8 -620.027 -10762.8
-11399.9 -633.505 -10766.4
-11396.7 -636.023 -10760.6
-11387.4 -625.641 -10761.8
-11374.1 -594.011 -10780.1
-11400.4 -607.89 -10792.5
-11445.6 -663.114 -10782.5
-11452.1 -676.005 -10776.1
-11406.9 -612.727 -10794.2
-11463.4 -679.016 -10784.4
-11426.6 -632.162 -10794.4
-11382.1 -599.489 -10782.6
-11422.6 -634.211 -10788.4
-11402.9 -613.4 -10789.5
-11378.2 -606.216 -10772
-11444.3 -644.789 -10799.5
-11373.9 -592.474 -10781.5
-11421.6 -639.025 -10782.6
-11387.6 -624.668 -10763
-11398.6 -633.53 -10765.1
-11397.2 -608.222 -10789
-11385 -607.943 -10777
-11397.3 -611.741 -10785.5
-11367.1 -583.673 -10783.4
-11425.4 -656.362 -10769.1
-11395.6 -638.466 -10757.2
-11397.4 -632.752 -10764.7
-11445.6 -661.913 -10783.7
-11412.2 -621.593 -10790.6
-11405.2 -624.89 -10780.3
-11413 -625.128 -10787.8
-11455.2 -673.433 -10781.8
-11367.5 -601.579 -10765.9
-11360.4 -581.8 -10778.6
-11417.3 -624.023 -10793.3
-11407.1 -622.356 -10784.7
-11431.9 -660.529 -10771.4
-11422.3 -651.44 -10770.8
-11358.2 -594.185 -10764
-11396.7 -630.615 -10766.1
-11405.9 -641.018 -10764.8
-11447.6 -677.33 -10770.3
-11450 -688.202 -10761.8
-11473.7 -700.971 -10772.8
-11422.2 -637.255 -10785
-11413.9 -634.405 -10779.4
-11423.4 -651.618 -10771.8
-11426.1 -642.079 -10784
-11415.4 -651.108 -10764.2
-11451.3 -656.84 -10794.4
-11476.6 -707.14 -10769.4
-11333.7 -567.811 -10765.9
-11389.3 -628.183 -10761.2
-11403 -627.159 -10775.8
-11429.3 -632.588 -10796.7
-11447.4 -665.48 -10781.9
-11406.6 -634.078 -10772.6
-11419.7 -660.187 -10759.5
-11401.3 -627.705 -10773.6
-11395.2 -632.699 -10762.5
-11383.7 -612.87 -10770.9
-11414.9 -627.58 -10787.3
-11412.7 -654.943 -10757.7
-11411.2 -648.955 -10762.3
-11398.7 -662.868 -10735.8
-11392.7 -634.333 -10758.3
-11397.4 -637.532 -10759.9
-11391.7 -624.044 -10767.7
-11362.8 -595.728 -10767.1
-11434.5 -657.646 -10776.8
-11501.2 -724.13 -10777.1
-11433.1 -656.357 -10776.7
-11411.2 -629.16 -10782
-11404.4 -625.19 -10779.2
-11394.9 -623.496 -10771.4
-11428.5 -640.982 -10787.5
-11445.8 -674.551 -10771.3
-11421.7 -631.331 -10790.4
-11444.6 -666.189 -10778.4
-11416.2 -655.839 -10760.3
-11457.8 -684.711 -10773.1
-11454.1 -669.05 -10785
-11477.2 -694.909 -10782.3
-11460.4 -667.622 -10792.8
-11517 -719.834 -10797.2
-11422.4 -634.025 -10788.4
-11500.3 -708.505 -10791.8
-11393.1 -601.417 -10791.6
-11474.8 -697.494 -10777.3
-11458.7 -676.063 -10782.6
-11385.1 -605.718 -10779.3
-11433.1 -651.22 -10781.9
-11445.6 -678.117 -10767.4
-11465.2 -690.004 -10775.2
-11465.8 -694.185 -10771.6
-11412.7 -627.975 -10784.7
-11437.5 -663.917 -10773.6
-11477.2 -708.285 -10768.9
-11472 -673.808 -10798.2
-11420.1 -629.556 -10790.6
-11447.3 -652.134 -10795.2
