133 177 150 156 104 67 163 46 40 1 0 0 0 1037
174 137 148 161 62 162 102 46 44 1 0 0 0 0 0 0 0 0 0 0 0 0 1037
130 177 166 151 61 104 162 39 46 1 0 0 1037
160 151 179 109 127 165 58 46 41 1 0 0 0 0 0 0 0 0 0 0 1037
160 151 174 157 135 116 46 57 40 1 0 1037
159 137 155 172 154 46 111 61 41 1 0 0 1037
174 132 163 155 107 62 46 157 40 1 0 0 0 0 0 0 0 1037
174 112 164 137 149 58 46 160 36 1 0 0 0 0 0 0 1037
160 140 167 111 155 59 159 39 46 1 1037
136 171 155 156 62 109 165 36 46 1 0 0 0 0 0 1037
154 132 162 176 97 157 74 38 46 1 0 0 1037
132 151 165 97 179 158 70 38 46 1 0 0 1037
159 134 152 163 174 101 70 46 37 1 0 0 0 0 0 0 0 0 1037
157 165 148 133 100 181 71 46 35 1 0 0 0 0 0 0 0 0 0 0 0 1037
151 164 156 139 173 76 94 37 46 1 0 0 0 0 0 1037
150 133 160 163 175 83 41 85 46 1 0 0 1037
156 131 159 172 161 97 73 46 41 1 0 0 0 0 0 0 0 0 1037
156 157 135 161 69 168 101 43 46 1 0 0 0 0 1037
177 148 73 134 163 100 155 46 40 1 0 0 1037
136 172 70 156 157 155 104 40 46 1 0 0 0 0 0 0 0 0 1037
158 133 64 173 156 110 162 46 34 1 0 1037
130 178 157 61 164 151 116 46 33 1 0 0 0 0 0 0 0 1037
132 58 179 162 162 150 115 46 32 1 1037
55 131 177 163 151 161 46 110 42 1 0 1037
130 63 152 164 178 162 103 38 46 1 0 0 1037
133 159 65 148 102 181 46 165 37 1 0 0 1037
162 138 180 63 147 101 157 42 46 1 0 0 0 1037
62 169 175 139 152 157 93 43 46 1 0 0 1037
158 66 176 163 137 152 97 46 41 1 0 1037
58 172 157 136 161 157 108 41 46 1 0 0 0 0 0 0 0 0 1037
60 176 134 158 165 109 152 36 46 1 0 0 0 0 1037
66 177 160 136 103 148 162 46 38 1 0 0 0 0 0 0 0 0 0 0 1037
158 132 68 177 102 166 150 46 37 1 0 0 0 0 0 0 1037
162 175 149 64 163 107 135 46 35 1 1037
160 178 164 151 108 130 60 46 39 1 0 0 0 1037
176 157 160 149 110 135 63 46 40 1 0 0 1037
157 161 174 149 137 112 60 46 40 1 0 0 0 0 0 0 0 0 0 1037
154 153 164 174 133 109 45 58 46 1 1037
174 150 163 152 136 114 46 58 43 1 0 0 0 0 0 0 0 0 0 0 0 0 1037
154 158 173 111 160 135 59 46 40 1 0 0 0 1037
162 168 158 105 156 135 66 46 40 1 0 0 0 0 0 0 0 0 0 0 1037
160 106 163 137 71 164 155 46 34 1 0 0 0 1037
166 113 155 132 171 64 151 46 38 1 0 0 0 1037
168 158 111 170 63 129 150 41 46 1 0 1037
161 164 167 107 65 131 157 38 46 1 0 1037
153 159 166 114 159 141 58 46 40 1 0 1037
158 110 160 168 151 137 61 45 46 1 0 0 0 0 1037
162 149 160 117 164 138 57 43 46 1 0 1037
166 151 109 159 163 136 48 46 58 1 0 0 0 0 0 0 1037
157 163 109 132 162 167 41 46 59 1 1037
110 154 173 163 135 162 34 46 59 1 0 0 0 0 1037
101 155 165 172 135 162 46 67 33 1 0 0 0 1037
160 136 167 158 164 109 39 46 57 1 0 0 0 0 0 0 0 0 0 1037
152 136 158 173 163 108 59 46 41 1 1037
163 162 154 137 172 56 109 46 37 1 0 0 0 1037
160 161 155 168 141 46 60 107 38 1 0 0 0 0 0 0 0 1037
165 167 160 163 135 46 102 59 39 1 0 0 1037
163 160 156 173 134 109 46 57 38 1 0 0 0 0 0 0 1037
153 161 176 158 138 58 110 36 46 1 0 1037
156 151 176 168 62 105 131 41 46 1 0 0 0 0 0 0 0 1037
153 175 158 101 163 70 132 38 46 1 0 0 0 0 1037
160 103 145 181 166 69 134 32 46 1 1037
164 178 95 150 66 170 40 127 46 1 0 0 0 0 0 0 0 0 1037
161 162 102 156 69 173 134 46 33 1 0 0 0 0 0 0 0 1037
162 159 105 153 71 135 174 46 31 1 0 0 0 0 0 0 0 0 1037
161 162 105 176 151 71 134 46 30 1 0 0 1037
161 152 73 159 102 174 137 32 46 1 0 0 0 0 0 1037
151 163 71 163 134 99 174 35 46 1 0 0 1037
151 163 160 74 101 177 46 131 33 1 0 0 0 0 0 0 0 0 0 0 0 0 1037
132 160 157 105 173 63 160 1 46 40 0 0 0 0 0 0 0 0 0 0 0 0 1037
136 162 153 101 174 66 157 46 41 1 0 0 0 0 0 0 0 1037
139 156 149 110 177 158 46 63 1 38 0 1037
133 153 115 149 161 179 46 56 44 1 0 0 0 0 1037
154 156 134 108 173 160 45 46 60 1 0 0 0 0 0 0 0 0 0 0 1037
153 161 113 129 171 163 46 43 57 1 0 0 0 0 0 0 0 0 1037
157 99 134 159 157 171 46 73 40 1 0 0 0 0 0 0 0 0 0 0 0 0 0 1037
136 101 152 159 174 159 46 72 37 1 0 0 0 0 0 0 0 0 0 0 0 0 1037
137 158 100 151 161 173 71 39 46 1 0 0 0 0 0 0 0 0 1037
157 136 106 155 170 160 70 46 36 1 0 0 0 1037
150 177 135 109 161 154 68 46 36 1 0 0 0 0 0 1037
132 153 164 175 159 104 65 46 38 1 0 0 0 0 0 0 0 1037
135 157 162 157 171 98 40 46 70 1 0 0 0 0 1037
153 175 157 132 96 162 39 46 76 1 0 0 0 0 1037
155 151 175 106 134 34 164 46 71 1 0 0 0 0 0 0 0 0 0 1037
158 136 151 109 177 38 158 63 46 1 0 0 1037
158 152 113 159 133 176 62 46 37 1 0 1037
156 107 170 162 164 129 64 46 38 1 1037
164 106 154 155 175 70 129 37 46 1 0 0 0 1037
160 149 102 131 72 179 161 36 46 1 0 0 0 1037
161 106 153 171 68 157 40 134 46 1 0 0 0 0 0 0 0 0 0 0 0 0 0 1037
106 161 161 65 164 160 46 135 38 1 0 0 0 1037
71 103 162 46 164 163 154 134 39 1 0 1037
107 65 159 46 166 161 160 132 40 1 0 0 0 0 0 0 0 0 1037
106 69 165 46 159 155 169 129 38 1 0 1037
161 114 138 64 46 158 156 165 34 1 1037
167 63 107 158 46 135 157 164 39 1 0 1037
159 46 161 70 102 158 138 161 41 1 0 0 0 0 0 0 0 0 0 0 0 0 1037
155 46 160 63 134 109 167 159 43 1 0 0 0 0 1037
159 158 135 46 60 157 107 168 46 1 1037
153 169 132 158 60 46 164 110 44 1 0 1037
138 163 152 164 75 159 46 93 46 1 0 0 1037
150 138 162 167 68 157 46 43 105 1 0 0 1037
167 150 140 160 156 70 46 105 42 1 0 0 0 0 0 0 0 1037
169 134 157 153 164 74 94 46 45 1 1037
130 166 164 164 72 151 98 45 46 1 0 0 0 0 0 0 0 0 0 0 1037
134 175 152 163 68 152 102 46 44 1 0 0 0 0 0 0 1037
150 171 135 165 65 154 102 48 46 1 0 0 0 0 0 0 0 0 1037
169 151 152 172 95 131 79 46 41 1 0 0 0 0 1037
172 169 152 155 99 130 46 68 45 1 0 0 1037
174 150 170 131 148 111 46 62 44 1 0 0 0 0 0 0 0 0 0 0 0 0 0 0 1037
169 169 149 62 134 152 114 46 41 1 0 1037
167 145 175 151 64 130 46 107 51 1 0 0 0 0 0 0 0 1037
147 154 172 165 116 59 131 46 46 1 0 1037
164 172 149 154 105 61 134 51 46 1 0 0 0 1037
163 153 174 137 104 148 63 48 46 1 0 0 0 0 0 1037
154 163 133 170 157 105 43 65 46 1 0 0 0 0 0 0 0 0 0 0 0 0 0 0 0 0 1037
158 155 138 174 97 150 52 66 46 1 0 0 0 0 1037
175 157 160 95 135 152 47 69 46 1 0 0 1037
182 160 100 154 145 48 133 68 46 1 0 0 0 0 0 1037
161 94 152 173 157 52 130 71 46 1 0 0 0 0 0 0 0 0 0 0 0 0 0 0 0 0 0 0 0 0 0 0 0 0 0 0 0 0 0 0 0 0 0 0 0 0 1037
160 157 88 170 41 132 157 85 46 1 0 0 0 0 0 1037
155 162 102 169 151 39 140 72 46 1 0 0 1037
159 160 106 166 158 137 46 63 41 1 0 1037
153 162 157 106 174 132 46 62 44 1 0 0 0 0 1037
163 153 173 157 132 114 46 45 53 1 0 0 0 0 1037
154 172 162 157 114 131 46 45 55 1 0 0 1037
152 166 174 157 109 41 132 46 59 1 0 0 0 0 0 0 1037
160 169 156 112 165 132 42 54 46 1 0 0 0 0 0 0 0 0 0 1037
175 159 148 106 135 161 46 61 45 1 0 0 0 0 0 0 1037
153 175 115 160 153 132 55 46 47 1 0 0 0 1037
155 180 111 160 128 152 59 45 46 1 0 0 0 0 0 0 0 0 0 0 0 0 0 0 0 0 0 0 1037
179 109 157 148 159 132 65 46 41 1 0 0 0 1037
145 181 132 106 159 159 46 69 39 1 0 0 0 0 0 1037
102 152 136 172 159 46 65 164 40 1 0 0 1037
111 136 151 163 173 46 54 159 43 1 0 1037
111 135 172 155 163 46 157 44 53 1 0 1037
109 157 137 158 163 167 46 57 42 1 0 1037
112 163 157 163 168 131 46 57 39 1 0 0 0 1037
160 157 162 109 168 64 132 46 38 1 0 0 1037
169 162 160 155 110 130 69 46 35 1 1037
167 161 162 158 104 71 133 34 46 1 0 0 0 0 0 0 0 0 0 0 0 0 1037
133 163 163 154 108 163 39 67 46 1 0 0 0 0 0 0 1037
167 158 157 161 134 112 64 46 37 1 0 0 1037
158 170 160 157 130 63 114 46 38 1 0 0 0 1037
163 158 161 164 134 112 46 55 43 1 0 0 0 0 0 0 0 0 0 0 1037
165 164 154 163 119 132 53 46 40 1 0 0 0 1037
163 166 153 114 131 164 57 46 42 1 0 0 0 0 0 1037
158 148 167 120 137 56 163 41 46 1 0 0 0 1037
150 159 119 135 164 166 54 43 46 1 0 0 0 1037
164 160 137 163 113 152 58 46 43 1 0 0 0 0 0 0 0 1037
135 165 150 164 160 111 63 46 42 1 1037
129 157 158 169 166 104 65 46 42 1 0 0 0 0 0 0 0 1037
134 166 161 160 156 103 65 45 46 1 0 0 0 0 0 0 0 0 0 0 0 1037
162 136 154 167 158 69 99 46 45 1 0 0 0 1037
134 163 163 153 162 68 104 43 46 1 1037
137 169 161 154 155 100 68 46 46 1 0 0 1037
133 164 165 158 161 100 68 46 41 1 0 0 0 0 0 0 0 0 1037
164 137 159 156 162 97 69 46 46 1 0 0 0 0 1037
137 157 161 108 162 163 63 39 46 1 0 0 0 1037
165 157 110 136 163 160 59 46 40 1 0 1037
163 162 110 139 153 160 67 46 36 1 0 0 0 0 0 0 1037
164 158 102 170 132 156 71 37 46 1 0 0 0 0 1037
111 163 155 134 149 171 38 69 46 1 1037
140 105 154 162 151 168 38 72 46 1 0 0 0 0 0 0 1037
96 136 169 164 151 153 39 82 46 1 0 0 0 1037
168 89 162 134 155 158 38 86 46 1 0 0 0 0 1037
101 158 170 138 159 152 39 73 46 1 0 0 0 0 0 0 0 0 0 1037
157 172 107 137 161 151 69 46 36 1 0 0 0 0 1037
161 96 160 130 159 170 74 46 40 1 0 0 1037
137 93 158 156 161 166 80 46 39 1 0 1037
134 106 160 165 162 152 71 46 40 1 0 0 0 0 1037
159 133 162 153 103 166 46 74 40 1 0 0 0 1037
162 159 136 161 156 111 46 61 44 1 0 0 0 0 0 1037
163 139 150 156 161 112 64 45 46 1 0 0 0 0 0 1037
134 172 156 153 160 113 61 46 41 1 0 1037
164 160 136 162 158 107 46 61 42 1 0 0 0 0 1037
161 160 136 163 156 111 61 46 42 1 0 0 0 0 0 0 0 0 1037
156 159 162 136 115 164 59 46 39 1 0 0 0 1037
164 159 162 158 139 110 64 34 46 1 0 0 0 0 1037
157 163 166 133 161 107 68 46 35 1 0 0 0 0 1037
166 166 159 102 157 65 46 137 38 1 0 0 0 0 1037
159 165 117 159 137 55 42 156 46 1 0 0 1037
164 163 160 114 134 46 53 156 46 1 0 1037
111 164 170 158 131 158 50 48 46 1 0 0 0 0 0 0 1037
116 164 159 171 152 130 48 50 46 1 1037
105 156 172 161 161 133 58 44 46 1 0 0 0 1037
164 109 167 158 129 164 59 40 46 1 0 0 0 0 0 0 0 0 0 0 1037
134 114 162 163 164 157 46 42 54 1 0 0 0 0 0 1037
139 114 168 158 42 157 155 57 46 1 0 0 0 0 0 1037
159 157 111 139 167 39 156 62 46 1 1037
161 167 106 158 158 136 44 60 46 1 0 0 0 0 1037
111 163 168 157 155 40 134 62 46 1 0 0 0 0 0 1037
163 156 104 161 166 64 44 132 46 1 0 0 1037
162 106 162 165 157 62 43 133 46 1 0 0 0 1037
103 165 161 162 158 66 133 42 46 1 0 0 1037
106 152 161 159 169 61 132 46 50 1 0 0 0 0 0 0 0 0 1037
155 109 158 169 162 47 132 58 46 1 0 0 0 0 0 0 1037
106 155 161 169 46 137 157 46 59 1 0 0 0 0 1037
177 112 150 150 136 159 46 61 45 1 0 0 0 0 0 0 0 0 0 0 0 0 1037
174 150 111 153 139 159 55 49 46 1 0 0 0 0 0 0 0 0 0 1037
172 160 150 108 143 156 53 48 46 1 0 0 0 0 0 1037
176 105 152 160 130 58 164 46 45 1 0 0 0 0 1037
152 109 169 162 139 160 54 46 45 1 0 0 0 0 0 0 0 0 0 0 0 0 1037
138 168 117 156 161 155 56 46 39 1 1037
138 110 173 149 157 162 62 39 46 1 0 0 0 0 0 0 1037
133 176 104 150 162 157 37 71 46 1 0 0 1037
172 111 127 157 35 168 151 69 46 1 0 0 0 0 1037
134 107 164 153 156 172 65 39 46 1 1037
118 150 164 157 168 136 60 46 37 1 0 0 1037
112 150 156 133 164 171 57 47 46 1 0 0 0 0 0 0 0 0 1037
166 157 117 151 172 129 46 45 53 1 0 0 0 1037
154 174 163 155 116 131 56 46 41 1 0 0 0 0 0 0 0 0 1037
176 169 152 149 119 131 55 46 39 1 0 0 0 1037
165 174 151 112 151 134 59 44 46 1 0 0 0 0 0 1037
172 167 111 150 133 153 44 60 46 1 0 0 0 0 0 0 0 1037
110 171 165 157 155 132 55 45 46 1 0 0 1037
172 166 154 115 155 131 45 46 52 1 0 0 1037
165 169 157 157 103 133 46 47 59 1 0 0 0 0 0 1037
164 165 161 134 101 158 67 46 40 1 0 0 0 1037
167 170 129 157 108 155 39 65 46 1 0 0 0 0 0 0 0 0 0 1037
174 132 160 154 111 156 60 46 43 1 0 0 0 1037
162 152 174 160 107 134 59 42 46 1 0 0 0 0 1037
158 157 168 162 111 135 60 46 39 1 0 0 0 0 1037
160 167 156 133 160 112 46 62 40 1 0 1037
154 171 158 161 135 109 46 61 41 1 0 0 0 0 0 1037
154 161 171 160 136 113 46 58 37 1 0 0 1037
155 171 164 131 46 161 111 60 37 1 0 0 0 1037
173 160 161 154 133 108 46 40 61 1 0 0 1037
154 162 176 112 137 46 148 35 66 1 0 0 0 0 0 0 1037
156 158 178 117 147 137 46 58 39 1 0 0 0 0 1037
163 155 180 130 148 114 64 46 36 1 0 1037
164 177 155 151 130 46 117 58 38 1 0 0 0 1037
166 173 155 148 46 130 61 117 40 1 0 0 1037
170 159 165 152 46 129 61 112 42 1 0 0 0 1037
178 164 152 153 130 46 66 107 40 1 0 0 1037
173 163 156 154 131 48 104 61 46 1 0 0 0 0 0 0 0 0 0 0 0 0 0 0 0 0 1037
160 163 154 173 132 59 108 46 41 1 0 0 0 1037
154 152 172 164 135 55 113 46 45 1 1037
164 151 156 179 114 130 41 55 46 1 0 0 0 0 0 0 1037
149 158 161 179 114 61 132 36 46 1 0 0 1037
161 158 146 180 136 113 46 55 41 1 0 0 0 0 0 0 0 0 1037
160 157 149 136 177 113 53 45 46 1 0 0 1037
152 173 159 105 161 136 46 50 54 1 1037
176 163 153 129 160 106 49 46 54 1 0 0 1037
160 175 156 129 162 111 38 59 46 1 0 0 0 1037
171 156 156 134 108 172 37 56 46 1 0 0 0 0 0 0 0 1037
155 162 157 108 173 134 61 46 40 1 1037
152 176 159 100 134 162 70 46 37 1 1037
151 177 163 103 131 46 69 155 41 1 0 0 0 0 0 0 1037
153 160 173 107 46 132 64 166 35 1 0 0 0 0 0 0 0 0 0 0 1037
168 160 110 137 161 155 46 41 58 1 0 0 0 0 0 0 0 0 1037
106 162 174 149 135 159 60 45 46 1 0 0 0 0 0 0 0 0 0 1037
108 158 175 162 151 133 43 60 46 1 0 0 0 0 0 0 0 0 0 0 1037
106 172 162 153 161 135 38 63 46 1 0 0 0 0 0 1037
172 105 134 162 158 154 46 64 41 1 0 0 0 0 0 1037
104 133 168 162 160 158 46 42 63 1 0 0 0 0 0 0 0 0 0 0 0 0 0 1037
105 171 134 155 156 163 63 43 46 1 0 0 0 0 1037
104 131 158 165 152 171 39 70 46 1 0 0 0 0 0 0 0 0 0 0 0 1037
130 109 150 169 157 169 68 38 46 1 0 0 0 0 1037
168 132 103 151 146 174 72 46 44 1 0 0 0 0 0 0 1037
130 166 101 150 178 150 73 46 42 1 0 0 0 1037
136 150 165 98 148 174 76 46 43 1 0 0 0 0 1037
177 128 155 149 107 165 65 44 46 1 0 0 0 1037
130 166 152 149 177 103 43 70 46 1 0 0 0 0 0 0 0 0 0 0 1037
163 130 153 153 175 95 46 77 44 1 0 0 0 1037
150 141 149 169 162 98 46 71 50 1 0 0 0 0 0 0 0 0 0 0 0 0 0 0 0 0 1037
171 162 155 137 152 46 72 93 48 1 0 1037
170 154 164 154 46 71 136 90 1 51 0 0 0 0 1037
135 160 46 156 153 76 94 171 1 45 0 0 1037
135 163 46 77 171 153 150 103 38 1 0 0 0 0 0 0 1037
133 162 46 157 73 172 154 101 38 1 0 0 0 0 0 0 0 0 0 0 0 0 1037
157 139 46 172 158 65 152 98 49 1 0 0 0 0 1037
157 136 46 159 155 170 73 97 43 1 0 0 1037
157 137 160 175 46 75 150 93 43 1 0 0 0 0 1037
146 136 157 179 85 158 86 46 43 1 0 0 0 1037
151 157 132 179 80 89 159 46 43 1 0 0 0 0 1037
161 149 132 72 87 160 180 46 49 1 0 0 0 0 0 1037
149 153 136 87 178 83 159 45 46 1 0 0 0 0 0 0 0 1037
160 151 135 77 93 177 153 44 46 1 0 1037
132 163 178 151 85 83 153 46 45 1 0 0 0 0 0 0 0 1037
131 166 152 79 175 153 94 40 46 1 0 0 0 1037
151 128 169 177 73 149 102 41 46 1 0 0 0 1037
152 132 163 72 103 149 177 42 46 1 0 0 0 0 0 0 0 1037
130 163 68 152 180 151 105 46 41 1 0 1037
163 129 72 153 157 176 103 37 46 1 0 0 0 0 1037
133 153 160 64 158 107 176 39 46 1 0 0 0 0 0 0 0 1037
165 155 134 153 59 171 114 46 39 1 0 0 1037
164 54 152 148 135 119 178 46 40 1 1037
175 155 151 59 163 135 116 46 36 1 0 0 0 0 0 1037
172 156 156 162 106 66 134 46 38 1 0 0 0 0 0 0 0 0 0 0 1037
178 158 162 109 133 151 59 46 40 1 0 0 0 1037
179 158 160 147 113 137 59 37 46 1 0 0 0 0 0 0 1037
181 134 151 163 147 122 46 55 37 1 0 0 1037
178 135 164 156 147 49 122 46 39 1 0 0 0 0 0 0 1037
163 173 153 150 138 120 53 40 46 1 0 0 1037
174 163 155 149 114 58 139 46 38 1 0 1037
177 159 155 148 138 114 67 32 46 1 0 0 0 0 0 0 1037
159 174 157 154 108 135 63 40 46 1 0 0 0 0 0 0 1037
172 155 154 161 135 111 64 46 38 1 0 0 0 0 0 1037
156 161 172 153 136 107 46 64 41 1 0 0 0 0 0 0 1037
176 159 158 150 136 73 102 46 36 1 0 0 0 0 1037
158 174 155 132 160 75 100 46 36 1 0 1037
156 175 135 152 158 97 46 77 40 1 0 0 1037
160 149 134 177 163 98 73 46 36 1 0 0 1037
157 162 133 158 172 79 96 46 33 1 0 0 0 0 0 1037
162 154 137 154 172 68 102 46 41 1 0 0 0 0 0 1037
163 154 160 131 69 173 94 46 46 1 0 0 0 0 0 0 0 0 0 1037
162 156 169 134 68 158 46 101 42 1 0 0 0 0 0 0 1037
159 167 156 160 138 76 46 96 38 1 0 0 0 1037
173 150 161 138 159 71 97 46 41 1 0 0 0 0 0 0 0 0 0 0 0 0 0 1037
176 151 157 161 103 133 66 46 43 1 0 0 0 1037
158 135 175 163 151 66 103 39 46 1 0 0 0 1037
137 158 154 171 65 157 109 39 46 1 0 0 0 0 0 0 1037
139 154 161 63 169 153 113 38 46 1 1037
156 136 69 171 155 103 160 46 40 1 0 0 0 1037
171 150 160 159 70 135 104 46 41 1 0 0 0 1037
67 171 158 159 137 154 107 46 37 1 0 0 0 0 0 0 0 0 0 0 0 0 1037
153 177 66 163 154 110 131 36 46 1 1037
158 174 151 46 164 109 135 37 62 1 1037
169 162 154 46 157 137 110 60 41 1 0 0 0 0 0 0 0 0 0 1037
168 165 46 135 157 154 116 56 39 1 0 0 0 0 0 0 0 0 0 0 0 0 0 0 0 0 1037
154 162 172 46 142 111 148 59 42 1 0 0 0 0 0 0 0 1037
151 173 161 145 115 62 145 38 46 1 0 0 0 0 0 1037
148 172 147 123 143 163 56 38 46 1 0 0 0 0 1037
151 169 152 139 164 118 38 59 46 1 0 0 0 1037
168 137 159 153 46 157 120 56 40 1 0 0 0 0 0 0 0 0 0 1037
168 139 161 155 41 156 117 46 53 1 0 0 0 0 0 0 0 0 0 1037
138 171 164 150 156 39 113 59 46 1 0 0 1037
141 153 161 148 172 45 111 59 46 1 0 0 0 1037
156 138 160 172 154 110 41 46 59 1 0 0 0 0 0 0 0 0 0 0 0 0 0 1037
155 161 159 111 165 138 46 39 62 1 0 0 0 0 0 0 0 1037
157 163 157 102 162 139 72 46 38 1 0 0 0 0 1037
168 108 156 132 161 160 46 62 43 1 0 1037
110 167 138 160 157 158 39 61 46 1 1037
164 107 156 138 160 158 64 43 46 1 0 0 0 0 0 1037
170 138 156 98 164 156 65 43 46 1 0 0 0 0 0 0 0 1037
137 97 170 154 161 158 46 71 42 1 0 1037
137 104 160 46 156 160 166 37 70 1 0 0 1037
162 156 137 99 46 158 167 71 40 1 0 0 0 0 0 0 0 0 0 0 0 1037
161 166 160 134 107 46 157 67 38 1 0 0 0 0 0 0 1037
172 153 135 159 46 106 162 68 35 1 0 0 1037
161 157 46 108 132 169 159 62 42 1 0 0 0 0 1037
160 132 105 46 161 168 157 43 64 1 0 0 1037
134 156 107 158 160 46 50 170 55 1 0 0 1037
160 172 159 108 135 154 43 46 59 1 0 1037
165 159 161 111 135 160 38 61 46 1 1037
157 106 171 161 156 46 135 42 62 1 0 0 0 0 1037
104 166 158 169 155 46 136 41 61 1 0 1037
107 158 157 161 169 46 133 64 41 1 0 0 0 0 1037
161 159 155 172 105 133 46 63 42 1 0 0 0 0 1037
162 106 163 169 159 128 46 49 54 1 0 0 1037
111 163 157 131 171 156 59 46 42 1 0 1037
158 159 110 137 165 162 57 42 46 1 0 0 0 0 0 0 0 0 0 0 1037
161 158 104 166 136 158 44 63 46 1 0 0 1037
152 167 163 135 103 158 67 45 46 1 0 0 1037
152 174 162 133 156 42 110 61 46 1 1037
162 163 149 176 134 103 41 62 46 1 0 1037
148 161 179 161 101 43 134 63 46 1 0 0 1037
160 152 160 177 98 71 131 41 46 1 0 0 0 0 0 0 0 0 0 0 0 1037
154 98 177 160 129 71 162 39 46 1 0 0 0 0 0 0 0 0 0 0 1037
160 100 129 163 175 156 66 46 41 1 0 0 0 0 0 0 0 0 0 0 1037
129 159 160 104 174 161 62 41 46 1 0 0 0 1037
159 160 125 104 176 158 63 46 45 1 0 0 0 1037
173 162 130 88 153 157 86 46 41 1 0 0 0 0 1037
159 170 80 137 159 155 87 43 46 1 0 0 0 1037
153 173 163 156 131 69 108 46 37 1 0 0 0 0 0 0 1037
157 167 155 158 139 57 115 46 42 1 0 0 0 0 0 1037
172 153 159 157 61 108 137 43 46 1 0 0 0 0 0 0 0 1037
154 169 157 161 54 136 46 111 48 1 0 0 0 0 1037
155 154 163 169 62 106 137 44 46 1 0 0 0 0 0 0 0 0 0 0 0 1037
164 144 153 176 139 71 102 41 46 1 0 0 1037
173 152 103 148 166 69 138 46 41 1 0 0 0 0 0 0 1037
111 170 155 151 162 64 141 36 46 1 0 0 0 0 0 0 0 1037
115 149 162 172 56 155 140 41 46 1 0 0 1037
180 117 145 52 162 152 137 45 46 1 0 0 1037
110 180 164 145 156 59 41 135 46 1 0 0 0 1037
176 160 149 158 114 46 59 137 37 1 1037
174 158 154 158 61 38 111 136 46 1 0 0 0 0 0 0 0 0 0 1037
157 173 152 163 112 62 35 136 46 1 0 0 0 0 0 1037
153 155 173 156 140 109 64 40 46 1 1037
157 149 157 53 138 171 120 46 45 1 0 0 0 0 0 0 0 0 0 0 1037
161 149 158 59 131 180 109 46 43 1 0 0 0 0 0 0 0 0 0 0 1037
161 132 149 159 179 54 114 42 46 1 0 0 0 0 1037
131 160 160 151 179 68 98 46 43 1 0 1037
155 134 158 175 153 66 44 105 46 1 0 0 0 0 0 0 0 0 1037
134 172 155 160 154 60 40 115 46 1 0 0 0 0 0 0 0 0 0 1037
135 150 175 151 163 46 108 46 62 1 0 0 0 1037
139 152 161 170 42 154 105 46 67 1 0 1037
158 147 157 141 97 38 174 78 46 1 0 0 1037
166 150 38 155 103 139 173 66 46 1 0 0 1037
164 97 148 41 174 142 156 68 46 1 0 1037
158 109 41 177 156 152 135 62 46 1 0 0 0 0 1037
40 109 157 160 172 65 152 135 46 1 0 1037
42 114 156 59 154 174 155 136 46 1 0 0 1037
40 109 67 153 152 177 133 159 46 1 0 0 1037
43 105 156 155 65 156 171 139 46 1 0 0 0 0 0 0 0 0 1037
46 177 100 64 155 157 159 132 46 1 0 0 0 0 0 0 0 0 0 1037
46 103 162 150 69 179 135 158 34 1 0 0 0 1037
103 46 150 159 71 180 162 132 33 1 0 0 0 0 0 0 0 0 0 0 0 0 1037
99 150 161 71 46 157 134 181 37 1 0 0 0 0 0 0 0 0 0 0 0 1037
160 153 46 99 160 72 176 133 37 1 0 0 0 0 0 0 0 0 1037
157 153 159 46 67 176 106 134 38 1 1037
159 46 155 158 66 175 134 102 41 1 1037
176 46 154 156 160 70 103 134 37 1 0 1037
144 171 171 159 46 107 59 42 137 1 0 0 0 0 1037
153 153 165 178 46 111 37 60 133 1 0 0 0 0 1037
157 180 151 159 39 117 56 131 46 1 0 0 0 0 1037
176 157 155 35 161 132 112 62 46 1 0 1037
158 174 41 161 63 162 102 129 46 1 0 0 0 1037
44 155 156 61 170 158 140 106 46 1 0 0 0 0 0 1037
159 160 44 170 64 101 159 46 133 1 0 0 0 0 0 0 0 0 1037
158 43 137 171 106 61 156 158 46 1 0 0 0 0 0 0 0 1037
155 176 47 102 140 61 160 149 46 1 0 0 0 0 1037
115 153 178 42 140 147 54 161 46 1 1037
110 46 174 163 149 159 139 50 46 1 0 0 0 1037
40 177 149 107 137 159 59 162 46 1 0 0 0 0 0 1037
152 42 105 176 134 158 166 57 46 1 1037
110 151 177 162 136 45 153 56 46 1 0 1037
149 178 157 112 136 43 57 158 46 1 0 0 0 1037
149 178 134 152 114 161 36 66 46 1 0 0 1037
146 179 108 153 162 134 50 58 46 1 0 0 0 1037
156 110 179 146 163 134 60 42 46 1 0 0 1037
178 106 162 156 148 135 40 65 46 1 0 0 0 1037
151 176 110 159 161 133 46 39 61 1 0 0 1037
147 114 158 181 154 136 46 57 43 1 0 0 0 1037
142 181 108 161 136 162 46 46 54 1 0 0 0 0 0 0 0 0 0 0 0 1037
182 144 105 159 160 135 46 59 46 1 0 0 0 0 1037
109 134 180 162 157 147 43 46 58 1 0 0 0 0 0 0 1037
108 134 150 177 156 163 46 46 56 1 0 0 0 0 0 0 1037
100 138 144 158 46 167 178 43 62 1 0 0 0 0 0 0 0 0 0 1037
110 143 147 172 46 158 163 55 42 1 0 0 0 0 0 0 0 0 0 0 1037
113 154 167 160 139 46 158 44 55 1 0 0 0 0 0 0 1037
115 160 166 136 158 159 46 43 53 1 0 1037
138 118 160 167 157 155 51 46 44 1 1037
119 164 159 137 160 160 47 44 46 1 0 0 0 1037
114 153 144 158 166 161 42 52 46 1 0 1037
138 116 157 162 169 154 46 43 51 1 0 0 0 1037
110 146 140 174 166 160 48 46 46 1 1037
107 175 144 143 168 159 56 38 46 1 0 0 0 0 1037
151 176 135 98 167 159 43 46 61 1 0 0 0 0 0 0 0 0 1037
179 151 116 159 135 158 46 48 44 1 0 0 0 0 0 0 0 0 0 1037
174 160 154 132 108 58 160 44 46 1 0 1037
159 104 176 132 153 159 43 64 46 1 0 0 0 0 0 0 0 1037
109 176 135 160 148 161 42 59 46 1 1037
108 133 177 149 165 63 160 35 46 1 0 0 0 0 0 0 0 0 0 0 1037
174 97 139 71 149 161 159 40 46 1 0 0 1037
151 108 165 59 175 135 156 46 41 1 0 0 0 0 0 0 0 1037
150 113 59 155 160 138 171 46 44 1 0 0 1037
149 104 158 62 143 159 168 46 47 1 0 0 0 0 1037
157 110 170 141 59 160 44 149 46 1 0 0 1037
172 114 156 149 40 161 60 138 46 1 0 0 0 1037
175 109 158 145 162 37 64 140 46 1 0 0 0 0 0 0 0 0 0 1037
172 105 161 40 140 161 62 149 46 1 0 0 1037
142 91 162 173 41 164 145 72 46 1 0 0 0 1037
100 163 142 145 175 37 162 66 46 1 0 1037
175 109 137 150 161 158 61 46 39 1 0 0 0 1037
146 104 135 163 163 178 61 40 46 1 0 0 0 0 1037
141 166 175 96 160 58 147 46 47 1 0 0 0 0 0 0 0 0 0 1037
150 166 175 105 163 134 54 46 43 1 0 1037
172 154 164 111 133 163 46 56 37 1 1037
164 154 136 172 161 111 46 53 39 1 1037
140 154 166 172 158 106 46 37 57 1 0 0 0 1037
161 134 155 175 160 46 116 39 50 1 0 0 0 0 0 1037
157 134 161 149 180 46 119 46 44 1 0 0 0 1037
150 157 164 132 112 179 46 41 55 1 0 0 1037
158 159 150 46 111 137 175 41 59 1 0 0 0 1037
153 161 157 46 131 113 172 63 40 1 0 0 0 0 0 0 0 1037
158 174 103 131 46 154 163 69 38 1 0 1037
160 172 101 130 164 157 46 38 68 1 0 1037
167 106 174 130 155 160 46 32 66 1 0 0 0 0 0 1037
175 161 106 162 133 152 46 66 35 1 0 0 0 0 0 0 0 1037
154 171 162 135 68 111 156 46 33 1 0 0 1037
138 155 161 169 158 74 102 46 33 1 1037
136 159 160 154 170 107 46 66 38 1 0 0 0 0 0 1037
133 161 163 156 171 101 65 40 46 1 0 0 0 0 0 1037
163 137 162 156 106 167 60 46 39 1 0 0 0 1037
164 106 172 133 154 157 62 42 46 1 0 0 0 0 0 0 0 1037
161 174 94 154 132 161 40 74 46 1 0 0 1037
164 96 176 155 129 76 155 46 39 1 0 0 0 0 1037
161 151 134 176 98 159 67 46 44 1 0 0 1037
163 160 131 107 156 170 61 46 42 1 0 0 0 0 0 1037
161 155 137 157 105 171 44 60 46 1 0 0 1037
159 159 137 103 159 49 166 58 46 1 0 0 0 0 0 0 0 1037
160 100 134 155 43 157 173 68 46 1 0 0 0 0 0 0 1037
106 163 153 135 171 36 71 155 46 1 0 0 0 1037
153 35 103 160 135 174 155 75 46 1 0 0 0 0 0 0 0 0 0 0 0 0 0 1037
105 154 133 46 158 162 175 68 35 1 0 0 0 0 1037
155 106 133 46 161 154 66 173 42 1 0 0 0 1037
95 46 135 154 160 157 171 80 38 1 0 0 0 0 0 1037
46 96 157 164 131 154 174 78 36 1 0 0 0 1037
162 46 94 155 136 170 81 155 37 1 0 0 0 1037
157 169 46 91 175 75 136 151 36 1 0 0 0 0 0 0 0 0 0 0 0 0 0 1037
105 46 165 175 156 151 72 136 30 1 0 0 0 0 0 0 0 0 0 0 1037
167 97 46 174 157 152 79 136 28 1 0 0 0 1037
46 98 176 171 149 152 138 76 30 1 0 0 0 1037
178 46 99 146 139 166 155 72 35 1 0 0 0 0 0 1037
178 46 105 162 135 148 158 70 34 1 0 1037
179 164 103 46 137 149 72 154 32 1 0 0 0 0 0 0 0 0 0 0 0 0 0 1037
149 181 163 79 46 133 93 158 34 1 0 1037
181 149 164 46 93 131 81 160 31 1 0 0 0 0 0 1037
150 177 163 102 134 46 157 74 33 1 0 1037
174 152 93 156 138 46 160 82 35 1 1037
148 178 92 137 166 46 154 85 30 1 0 0 0 0 0 1037
149 176 137 155 165 90 46 85 33 1 0 0 0 0 0 0 1037
162 137 147 156 92 177 83 46 36 1 0 0 0 1037
162 157 150 83 92 175 135 46 36 1 0 0 0 0 1037
158 151 162 82 133 91 178 46 35 1 0 0 0 0 0 0 0 0 1037
152 159 163 139 83 172 94 46 28 1 0 0 0 0 0 0 0 0 0 0 0 1037
170 156 135 156 99 86 163 46 25 1 0 0 0 0 0 0 1037
161 164 156 163 137 78 104 46 27 1 0 0 0 0 0 0 0 0 0 0 0 0 0 0 0 0 0 1037
163 158 137 163 162 76 105 46 26 1 0 0 0 0 0 1037
163 143 156 158 158 77 100 46 35 1 0 0 0 0 0 0 0 0 1037
145 169 153 154 155 86 98 46 30 1 0 0 1037
138 174 153 152 161 89 95 28 46 1 0 1037
137 155 154 90 180 149 46 97 28 1 1037
153 135 160 172 154 88 98 30 46 1 0 1037
136 98 177 159 156 149 35 80 46 1 0 0 0 0 1037
137 171 106 156 160 156 71 46 33 1 0 1037
142 175 101 153 148 166 74 46 31 1 1037
177 146 98 165 156 141 76 46 31 1 0 0 0 0 0 1037
102 177 161 145 138 161 78 46 28 1 0 0 0 0 1037
79 161 176 150 137 159 46 103 25 1 0 0 1037
83 160 178 150 161 95 135 46 28 1 0 0 0 0 1037
81 151 179 100 162 160 132 46 25 1 0 0 1037
152 177 86 160 97 134 160 46 24 1 0 0 0 0 1037
157 174 136 160 100 83 154 46 26 1 0 0 1037
168 159 74 141 162 104 153 46 29 1 0 0 0 0 1037
135 169 159 157 82 100 162 46 26 1 0 0 0 1037
162 138 172 76 160 151 102 29 46 1 0 0 0 0 0 1037
159 161 173 153 76 137 27 104 46 1 0 0 0 0 0 0 0 0 1037
164 160 172 155 136 103 73 46 27 1 0 0 0 1037
157 160 166 141 161 105 73 46 27 1 0 0 0 0 0 0 0 1037
158 158 142 158 108 166 77 23 46 1 0 0 0 0 0 0 0 0 0 0 1037
156 140 160 171 108 154 74 46 27 1 0 0 0 0 1037
139 155 161 174 150 108 78 25 46 1 0 0 0 0 0 0 0 0 0 0 1037
162 133 147 159 180 104 79 26 46 1 0 0 0 0 1037
135 163 158 149 107 178 69 46 31 1 0 0 0 0 0 0 1037
149 135 156 158 71 180 111 30 46 1 0 0 0 0 0 1037
153 134 153 67 164 107 176 46 36 1 0 0 0 0 0 1037
178 134 148 109 69 163 156 33 46 1 0 0 0 1037
177 147 138 111 158 158 70 46 31 1 0 1037
147 141 175 113 158 156 64 46 36 1 0 0 0 0 1037
139 157 169 115 156 58 156 40 46 1 1037
137 158 173 155 112 152 66 46 37 1 1037
154 140 164 175 148 108 46 66 35 1 0 0 0 0 0 0 1037
150 167 172 149 108 142 63 39 46 1 0 0 0 0 0 0 1037
166 147 148 144 111 46 174 60 40 1 0 0 0 0 0 0 0 0 1037
151 155 164 135 46 176 104 68 37 1 0 0 0 0 0 1037
150 176 155 138 154 46 107 71 39 1 0 1037
155 181 148 134 158 46 102 40 72 1 0 0 0 1037
158 145 181 157 137 104 39 69 46 1 0 0 0 0 1037
161 150 174 157 67 98 141 42 46 1 0 0 0 0 0 0 1037
149 155 105 182 160 66 132 46 41 1 0 0 0 0 0 0 0 0 0 1037
154 144 101 158 182 46 139 68 44 1 0 0 0 1037
178 149 162 105 134 153 46 62 47 1 1037
157 177 147 108 158 139 59 46 45 1 0 0 0 0 0 0 1037
104 175 163 147 156 139 61 45 46 1 0 0 0 0 0 0 1037
103 175 151 159 156 47 137 62 46 1 0 0 0 0 0 1037
107 181 148 160 153 49 135 46 57 1 0 0 0 0 0 1037
111 181 154 160 146 47 46 136 55 1 0 0 0 0 1037
106 181 152 143 59 138 49 162 46 1 0 0 0 0 1037
107 182 143 164 136 42 65 151 46 1 0 0 1037
105 146 179 46 156 50 137 162 55 1 1037
46 114 149 179 153 161 43 134 57 1 0 0 0 0 0 0 0 0 0 1037
116 46 182 44 135 152 144 160 57 1 1037
115 60 44 182 145 149 135 160 46 1 0 0 0 0 0 0 0 1037
181 133 63 39 148 151 160 115 46 1 0 0 0 0 0 1037
181 42 135 60 149 157 156 110 46 1 0 0 0 1037
46 158 154 144 182 138 56 118 40 1 0 1037
159 137 46 181 155 110 145 64 39 1 0 0 0 0 0 0 0 1037
131 157 179 160 152 46 107 64 40 1 0 0 0 1037
147 134 161 180 159 45 110 54 46 1 0 0 0 0 0 1037
149 134 176 155 164 40 105 67 46 1 0 0 0 0 1037
149 175 136 153 162 69 40 106 46 1 0 0 0 0 0 0 0 0 0 0 0 0 1037
150 178 155 135 160 58 110 46 44 1 0 0 0 1037
152 178 131 163 104 153 46 64 45 1 0 0 1037
150 180 133 160 156 101 46 67 43 1 0 0 0 0 1037
148 154 178 136 162 95 39 78 46 1 0 0 0 0 0 0 0 0 0 1037
134 153 175 159 162 100 72 46 35 1 0 0 0 0 0 0 1037
175 139 153 153 157 101 38 74 46 1 0 0 1037
138 151 151 160 175 40 102 73 46 1 0 0 0 0 0 0 0 1037
156 137 149 177 36 159 106 70 46 1 0 0 0 1037
144 140 179 159 146 119 46 69 34 1 0 0 0 0 0 0 0 1037
161 152 176 143 109 143 46 73 33 1 0 0 0 0 0 0 1037
149 178 138 106 145 162 46 69 43 1 0 0 0 0 0 0 0 1037
155 175 140 109 150 157 46 64 40 1 0 0 0 1037
174 157 137 104 151 160 68 39 46 1 0 0 0 0 1037
137 156 103 164 160 162 72 46 36 1 0 0 1037
136 105 156 160 174 153 46 72 34 1 0 0 1037
133 109 173 159 157 159 63 46 37 1 0 0 0 1037
137 102 155 171 157 159 68 46 41 1 0 1037
106 136 154 157 173 158 66 40 46 1 0 0 0 0 0 0 0 0 1037
132 110 151 179 159 157 63 46 39 1 1037
111 150 135 160 177 155 59 43 46 1 0 0 0 0 0 0 0 0 0 1037
100 134 178 157 149 161 70 46 41 1 0 1037
100 180 132 160 148 157 46 68 45 1 0 0 0 0 0 0 0 0 0 1037
104 181 148 163 155 46 129 46 64 1 0 0 0 0 0 1037
172 161 152 136 113 153 42 61 46 1 0 0 0 0 0 1037
166 159 138 156 153 114 41 46 63 1 1037
159 153 141 167 105 158 64 46 43 1 0 0 1037
153 171 160 152 107 135 65 46 47 1 0 0 0 0 0 0 1037
152 174 159 134 115 155 58 43 46 1 0 0 0 0 1037
152 159 175 133 110 155 46 36 70 1 0 0 0 0 0 0 0 0 0 0 0 1037
150 171 155 162 102 138 46 70 42 1 0 0 0 0 0 1037
145 176 162 139 155 109 61 43 46 1 0 0 0 0 0 0 1037
139 176 144 162 103 158 61 46 47 1 0 0 0 0 0 1037
160 178 145 105 138 157 63 46 44 1 0 0 1037
172 163 152 99 133 157 74 46 40 1 0 0 0 1037
176 161 137 66 104 156 150 46 40 1 0 0 1037
165 142 177 69 151 103 147 36 46 1 0 1037
140 166 173 74 154 151 90 42 46 1 0 0 0 1037
139 174 69 165 149 156 100 46 38 1 0 0 0 0 0 0 0 0 1037
177 153 163 74 147 143 97 36 46 1 0 0 0 1037
153 181 168 87 143 143 83 32 46 1 0 0 0 0 0 0 0 0 0 1037
177 95 149 169 142 148 36 74 46 1 0 0 0 1037
146 179 100 141 164 153 39 46 68 1 0 0 0 1037
151 111 176 160 155 46 135 39 63 1 0 1037
106 150 157 176 165 46 135 39 62 1 0 0 0 0 1037
161 102 182 132 145 164 46 44 60 1 0 0 1037
109 181 159 146 133 161 46 63 38 1 0 0 0 0 0 0 0 0 0 1037
103 178 147 160 135 162 68 46 37 1 1037
155 107 160 151 69 136 174 46 38 1 0 0 0 0 0 0 1037
106 73 159 154 148 178 134 46 38 1 0 0 0 1037
157 147 103 157 71 177 137 46 41 1 0 0 0 1037
157 148 99 177 159 136 73 41 46 1 0 0 1037
155 149 110 153 179 133 70 46 41 1 0 0 0 0 0 0 0 0 0 1037
105 155 157 173 147 141 66 46 46 1 0 0 0 0 0 0 1037
104 159 154 147 139 66 177 44 46 1 0 0 1037
110 157 153 159 134 174 47 46 56 1 0 0 0 0 0 0 0 0 0 0 1037
160 104 159 135 151 175 46 64 42 1 0 0 0 0 0 0 0 0 0 0 1037
176 105 157 135 46 150 163 67 37 1 0 0 0 0 1037
156 118 133 175 46 161 151 60 36 1 0 0 0 1037
159 178 109 135 160 147 46 65 37 1 0 0 1037
175 158 107 138 148 46 39 164 61 1 0 0 0 0 0 1037
177 136 157 102 148 165 46 42 63 1 0 0 0 0 0 0 0 0 0 0 1037
178 157 155 139 111 147 45 58 46 1 0 1037
157 178 146 160 46 136 113 40 60 1 0 1037
176 157 145 159 140 46 39 109 65 1 1037
177 160 155 137 146 36 109 70 46 1 0 1037
161 159 181 135 146 104 68 36 46 1 0 0 0 1037
159 160 135 112 181 60 145 46 38 1 0 0 0 0 0 0 1037
162 156 181 144 137 105 64 46 41 1 0 0 1037
168 153 136 58 181 145 46 109 40 1 0 0 0 0 1037
168 177 154 149 66 137 103 36 46 1 0 0 0 0 0 0 1037
155 180 160 149 113 130 46 62 41 1 1037
154 179 117 158 64 134 148 46 36 1 1037
176 153 119 147 138 157 57 46 43 1 0 0 0 0 0 1037
157 176 146 110 158 46 138 61 44 1 0 0 0 0 0 0 0 0 0 0 0 1037
163 176 155 147 109 138 46 63 39 1 0 0 0 1037
162 158 149 174 139 109 46 42 57 1 0 0 0 1037
142 140 161 109 159 177 46 58 44 1 0 0 0 1037
147 160 134 179 113 160 46 56 41 1 0 0 0 1037
143 157 134 160 185 110 46 65 36 1 0 0 0 0 0 1037
144 158 155 181 137 117 41 57 46 1 0 0 1037
152 163 109 177 157 132 58 46 42 1 0 0 0 0 0 0 0 0 0 1037
152 161 175 158 112 132 41 59 46 1 0 1037
161 173 153 156 133 107 46 66 41 1 0 0 0 1037
171 159 134 158 115 156 59 46 38 1 1037
140 154 159 114 170 63 152 38 46 1 0 0 0 0 1037
160 141 154 169 157 107 34 68 46 1 0 0 0 0 0 1037
172 162 150 141 109 37 157 46 62 1 0 0 0 0 0 0 0 1037
173 160 156 106 138 43 148 46 66 1 0 0 0 0 0 0 0 1037
156 178 102 149 136 48 154 46 67 1 0 0 1037
159 46 180 135 145 99 160 66 46 1 0 0 0 0 0 1037
45 160 183 159 130 146 97 70 46 1 1037
43 185 100 159 160 131 144 68 46 1 0 0 0 1037
185 107 156 40 69 157 142 134 46 1 0 0 0 0 0 0 0 0 0 1037
161 173 103 66 41 158 135 153 46 1 0 0 1037
168 158 110 156 141 46 152 66 39 1 0 0 0 0 0 0 0 0 0 1037
155 175 159 139 149 107 46 61 45 1 0 1037
164 176 148 154 103 137 73 46 35 1 1037
173 150 157 154 103 139 67 47 46 1 0 0 0 0 0 0 0 1037
154 161 156 168 139 106 41 46 65 1 0 0 0 0 1037
158 154 152 174 134 114 42 46 62 1 0 0 0 0 0 1037
158 153 151 168 145 44 103 68 46 1 0 0 0 1037
156 158 151 168 111 143 46 58 45 1 0 0 0 1037
161 155 168 137 155 109 63 42 46 1 0 0 0 0 1037
161 158 151 136 66 172 39 107 46 1 0 0 0 0 0 1037
166 155 151 174 57 134 43 110 46 1 1037
171 164 150 138 155 46 40 108 64 1 0 0 0 0 1037
171 152 140 166 157 46 41 103 60 1 0 0 0 0 0 1037
177 147 162 157 139 106 41 46 61 1 0 0 0 0 0 0 1037
171 158 150 142 157 111 38 63 46 1 0 0 0 1037
152 162 168 143 156 104 65 40 46 1 0 0 0 0 0 1037
159 171 158 141 110 151 59 46 41 1 0 0 0 0 1037
155 174 113 157 149 141 61 40 46 1 0 1037
155 152 171 113 143 155 60 46 41 1 1037
154 143 167 155 59 106 166 40 46 1 0 0 0 0 0 0 0 0 0 0 1037
139 151 158 172 55 112 157 46 46 1 0 1037
137 173 151 158 116 60 156 39 46 1 0 0 0 0 0 0 0 0 0 0 0 0 1037
135 155 172 159 112 59 158 1 46 40 0 0 0 0 0 0 0 1037
155 134 172 162 116 160 57 46 34 1 0 0 1037
156 138 162 171 106 63 154 46 40 1 0 0 0 0 0 0 0 0 0 0 0 1037
157 137 160 172 63 105 152 44 46 1 0 1037
171 105 143 164 149 151 42 65 46 1 0 0 0 1037
136 181 107 163 146 156 63 38 46 1 0 0 0 0 0 0 0 0 1037
135 102 180 148 158 162 46 66 39 1 0 0 0 0 0 0 0 0 0 1037
141 107 161 153 150 46 176 64 38 1 0 0 0 0 0 0 1037
141 157 108 150 156 174 70 46 34 1 0 1037
142 106 151 157 157 171 46 71 35 1 0 0 0 0 1037
133 109 177 160 151 157 46 68 35 1 0 0 0 0 1037
135 106 170 158 65 155 170 46 31 1 0 0 0 0 1037
108 158 163 64 138 157 166 46 36 1 0 0 0 0 1037
158 110 61 162 132 158 170 46 39 1 0 0 0 1037
159 58 151 135 163 106 176 46 42 1 0 0 0 1037
158 157 53 161 136 170 112 43 46 1 0 0 0 1037
158 56 158 165 131 173 103 46 46 1 0 0 1037
159 64 159 134 154 175 46 102 43 1 0 0 0 0 1037
159 64 158 160 133 170 46 105 41 1 0 1037
63 158 154 160 132 36 111 176 46 1 0 0 0 0 0 0 0 0 0 0 0 0 1037
56 162 156 150 134 37 118 177 46 1 0 0 0 0 0 1037
134 163 60 157 154 36 177 46 109 1 0 0 0 0 0 1037
141 71 165 175 34 154 100 150 46 1 0 0 0 0 0 0 0 0 1037
68 141 159 151 174 40 155 102 46 1 0 0 1037
136 64 161 175 154 157 46 101 42 1 0 0 0 0 0 0 0 0 0 1037
63 177 134 156 154 158 107 41 46 1 0 0 0 0 0 0 0 1037
68 174 157 135 155 156 104 46 41 1 1037
158 66 169 139 153 155 108 46 42 1 0 1037
160 172 136 61 155 154 46 112 40 1 0 0 0 0 0 0 0 1037
156 135 153 177 66 160 46 103 40 1 0 1037
136 157 158 170 157 65 105 42 46 1 0 0 0 1037
155 134 175 158 151 48 108 61 46 1 0 1037
177 133 152 107 159 155 64 46 43 1 0 0 1037
160 133 175 115 52 154 158 46 43 1 0 0 0 0 1037
162 111 135 174 58 157 46 154 39 1 0 1037
155 132 112 56 171 159 159 46 46 1 0 0 0 0 1037
159 65 137 155 104 170 160 40 46 1 1037
164 61 132 171 160 109 153 40 46 1 0 0 0 0 0 0 0 1037
155 77 136 157 93 175 155 46 42 1 1037
136 68 157 96 172 157 46 156 1 48 0 0 0 0 1037
69 161 100 132 172 157 46 154 45 1 0 0 0 0 1037
163 62 132 108 152 179 150 46 44 1 0 0 1037
60 178 161 132 117 151 153 46 38 1 0 1037
63 135 156 162 153 110 171 40 46 1 0 0 0 0 1037
133 161 46 152 176 46 101 154 67 1 0 0 0 0 0 1037
156 132 161 174 46 152 52 99 64 1 1037
175 160 134 155 46 158 49 102 57 1 0 0 0 1037
155 164 172 46 132 158 105 47 57 1 0 0 0 1037
47 156 162 155 131 174 112 53 46 1 1037
161 54 161 153 134 106 174 47 46 1 0 0 0 0 0 0 0 1037
49 160 158 109 133 170 161 46 50 1 0 0 1037
133 111 58 173 158 158 157 42 46 1 0 0 0 1037
131 172 63 104 157 158 162 43 46 1 0 0 0 1037
172 135 71 102 157 157 158 46 38 1 0 0 1037
77 171 134 158 97 159 46 156 38 1 0 1037
82 170 46 153 137 94 156 159 39 1 0 0 0 0 0 0 0 0 1037
174 85 141 46 89 149 159 154 39 1 0 0 0 0 1037
158 72 172 107 155 46 136 156 34 1 0 0 0 0 0 0 0 0 1037
73 160 102 172 139 151 46 157 36 1 0 0 0 0 1037
163 75 94 157 173 152 46 137 39 1 0 0 0 0 0 0 0 1037
167 77 92 175 153 154 46 135 37 1 0 0 0 0 0 0 0 0 0 1037
178 162 93 79 156 150 135 37 46 1 0 0 1037
178 158 72 156 154 101 131 40 46 1 0 0 0 0 0 0 0 1037
176 163 69 152 155 132 101 42 46 1 0 0 0 0 0 0 0 1037
179 161 153 76 96 156 129 40 46 1 0 0 0 0 1037
159 159 172 92 154 76 136 42 46 1 0 0 0 0 0 0 0 0 0 1037
161 155 168 139 99 159 69 40 46 1 0 0 0 0 0 0 1037
160 167 135 159 157 68 102 42 46 1 0 0 0 0 0 0 0 1037
160 155 163 168 135 104 61 44 46 1 0 0 0 0 0 0 0 0 1037
156 159 155 132 178 48 91 46 71 1 0 0 0 0 0 0 0 0 0 0 0 0 0 0 0 0 0 0 0 0 0 1037
160 156 155 132 45 94 176 72 46 1 0 0 0 0 1037
160 152 176 136 39 71 101 155 46 1 0 0 1037
163 174 157 132 66 40 156 102 46 1 1037
158 171 46 138 159 41 157 95 71 1 0 0 1037
162 134 46 179 153 149 46 76 91 1 0 0 0 0 0 1037
135 160 176 46 150 160 44 83 82 1 1037
175 155 46 137 156 152 43 90 82 1 0 0 1037
157 171 43 161 137 153 46 85 83 1 0 0 0 0 0 1037
163 40 154 46 131 176 150 84 92 1 0 0 0 0 0 0 0 0 0 0 0 1037
46 158 46 178 158 147 135 75 93 1 0 0 0 0 0 1037
173 46 161 156 152 42 69 134 103 1 0 0 0 0 0 0 0 0 1037
46 173 152 161 135 43 155 76 95 1 0 0 0 0 1037
182 46 160 145 47 135 151 96 74 1 0 0 0 0 0 0 0 0 0 0 0 1037
41 178 157 46 147 158 137 95 77 1 0 0 1037
46 148 175 154 159 140 43 98 73 1 0 0 0 0 0 0 0 1037
46 149 141 172 162 148 49 99 70 1 0 0 1037
46 138 175 160 150 48 151 66 102 1 0 0 0 0 0 0 1037
167 146 46 46 152 153 158 102 66 1 0 0 0 0 0 0 0 0 0 0 0 0 1037
160 46 170 42 154 102 156 140 66 1 0 1037
152 164 46 156 137 104 43 168 66 1 0 0 0 0 0 0 0 1037
137 155 46 97 157 159 41 171 73 1 0 0 0 1037
128 46 170 154 100 157 172 66 43 1 0 0 0 0 0 1037
137 156 98 173 45 149 165 67 46 1 0 1037
101 156 137 159 39 153 174 71 46 1 0 0 0 0 1037
102 139 153 171 152 162 41 70 46 1 0 0 0 0 0 0 0 1037
111 151 172 135 153 164 36 68 46 1 0 0 0 1037
103 173 154 140 161 150 72 1 37 46 1037
98 169 136 160 158 157 71 46 41 1 0 0 0 0 0 0 0 1037
102 158 154 136 159 173 46 64 44 1 0 0 0 1037
154 153 100 138 158 172 70 45 46 1 0 0 0 0 0 0 0 0 1037
152 171 153 156 103 142 71 46 42 1 0 0 0 0 0 0 0 0 0 1037
157 155 167 139 158 101 46 73 40 1 0 0 0 0 0 1037
158 166 160 149 109 139 66 43 46 1 0 0 0 0 0 0 1037
172 151 101 148 164 140 74 46 40 1 0 0 1037
111 149 174 162 150 138 60 46 46 1 0 0 0 0 0 0 0 0 0 0 0 0 0 1037
151 172 137 97 162 152 72 46 47 1 0 1037
153 162 173 136 99 151 65 46 51 1 0 0 0 0 0 1037
147 155 159 101 135 46 173 66 54 1 0 0 0 0 0 0 1037
150 156 159 105 136 46 64 171 49 1 0 0 0 0 0 1037
154 156 159 133 107 46 54 173 54 1 0 0 0 0 0 0 0 0 1037
156 154 153 134 107 177 64 46 45 1 0 0 0 0 1037
153 157 138 147 179 110 63 46 43 1 0 0 0 0 0 0 0 1037
174 157 155 133 80 157 99 46 35 1 0 0 0 0 1037
156 177 132 80 162 153 94 36 46 1 0 0 0 0 0 1037
156 157 172 134 75 96 159 41 46 1 0 0 0 0 0 0 0 1037
157 156 133 173 82 158 36 95 46 1 0 0 0 0 1037
169 162 161 156 130 89 81 42 46 1 0 0 0 1037
137 173 157 154 153 106 70 46 40 1 0 1037
132 163 151 176 154 72 97 46 45 1 0 0 1037
160 131 179 149 70 156 100 46 45 1 1037
161 175 131 154 154 72 46 98 45 1 0 0 0 0 0 1037
161 173 156 154 134 93 78 46 41 1 0 0 0 0 0 0 0 1037
149 182 161 155 80 132 91 46 40 1 0 0 0 0 0 0 0 1037
146 181 134 162 157 94 77 39 46 1 0 0 0 0 0 0 0 1037
150 133 179 157 159 66 101 45 46 1 0 0 0 1037
132 155 173 161 156 112 56 45 46 1 0 0 0 0 0 0 0 0 1037
136 177 148 158 110 154 46 64 43 1 1037
135 178 149 104 158 158 64 44 46 1 0 0 0 0 0 1037
138 157 153 171 103 158 64 46 46 1 0 0 0 0 0 0 0 0 0 1037
134 151 177 160 156 45 103 64 46 1 0 0 0 0 0 0 1037
136 151 158 174 158 38 71 104 46 1 0 0 1037
155 132 159 181 45 107 149 62 46 1 0 0 0 0 0 0 1037
158 178 157 135 105 149 43 46 65 1 0 0 1037
160 110 157 172 155 136 38 46 62 1 0 0 0 0 0 1037
160 154 110 175 133 155 42 61 46 1 1037
135 161 152 174 105 151 48 64 46 1 0 0 0 0 0 0 0 0 0 1037
139 161 147 176 111 156 61 39 46 1 0 0 0 0 0 1037
159 151 151 178 114 136 46 62 39 1 0 0 0 0 1037
146 160 159 179 140 59 108 46 39 1 0 0 0 0 0 1037
144 159 182 138 112 158 46 59 38 1 0 0 0 0 1037
162 133 146 182 111 157 55 44 46 1 0 0 0 1037
145 158 110 159 183 135 60 40 46 1 0 0 0 1037
157 134 111 179 159 60 149 46 41 1 0 0 0 1037
180 158 136 158 110 64 148 46 36 1 0 0 0 0 0 0 1037
159 156 183 136 103 41 143 69 46 1 0 0 0 1037
152 150 180 137 155 100 42 74 46 1 0 1037
156 150 96 132 180 160 62 46 54 1 0 0 0 1037
180 129 151 111 151 163 60 46 45 1 0 0 0 0 1037
151 179 131 148 107 165 63 46 46 1 0 0 1037
153 134 179 148 109 162 63 42 46 1 0 1037
154 144 173 149 111 156 64 39 46 1 0 0 0 1037
138 179 152 112 159 147 58 46 45 1 0 0 0 0 0 0 1037
175 137 159 162 106 63 149 46 39 1 0 0 0 0 1037
173 158 133 163 108 154 63 46 38 1 0 0 1037
177 135 152 156 157 103 63 46 47 1 0 0 0 1037
158 175 132 154 160 90 44 46 77 1 0 1037
179 162 134 157 151 90 77 46 40 1 0 0 1037
178 161 153 112 156 130 57 46 43 1 0 0 0 0 0 0 0 0 0 1037
159 152 175 155 135 110 59 46 45 1 0 0 0 0 0 1037
161 159 174 138 151 106 59 46 42 1 0 0 0 0 0 0 1037
159 135 172 154 161 106 46 59 44 1 0 0 0 0 0 1037
132 158 155 171 159 104 46 73 38 1 0 0 0 0 0 0 0 0 0 1037
172 132 156 156 160 97 46 73 44 1 0 0 0 0 0 1037
159 133 168 160 157 46 109 64 40 1 0 0 0 1037
156 132 162 158 110 167 46 43 62 1 0 0 1037
163 129 158 170 156 108 38 46 68 1 0 1037
166 124 169 158 109 163 60 41 46 1 0 0 0 0 0 0 0 1037
162 171 125 116 155 165 39 57 46 1 0 0 0 1037
155 130 155 163 117 174 59 37 46 1 1037
157 131 154 164 58 172 111 43 46 1 1037
153 130 158 175 164 61 109 46 40 1 0 1037
150 57 158 137 111 176 46 158 1 43 0 0 0 0 0 0 1037
65 154 111 159 137 46 153 174 37 1 0 0 1037
176 58 151 112 135 46 159 160 39 1 0 0 0 0 0 0 0 1037
158 61 170 107 131 46 160 160 43 1 0 0 1037
152 109 56 177 44 133 162 157 46 1 1037
176 150 107 135 60 41 161 160 46 1 0 0 0 1037
151 135 102 177 62 167 40 156 46 1 0 0 0 1037
155 138 107 169 165 62 158 46 36 1 0 1037
157 162 114 51 136 171 156 43 46 1 0 0 0 0 0 1037
173 106 136 167 52 157 152 47 46 1 0 0 0 1037
170 137 112 161 59 154 158 39 46 1 0 0 0 1037
165 140 56 156 111 159 161 46 42 1 0 0 0 1037
175 158 158 59 148 116 140 36 46 1 0 0 0 0 1037
163 175 158 151 60 110 137 36 46 1 0 0 0 0 1037
156 171 165 159 105 67 135 46 32 1 1037
178 148 163 110 160 134 35 62 46 1 1037
179 160 147 107 162 133 61 41 46 1 1037
157 178 149 102 163 134 65 42 46 1 0 0 0 0 0 0 0 1037
154 134 176 102 150 165 64 46 45 1 0 1037
159 136 175 158 153 68 105 36 46 1 0 0 0 0 0 0 0 1037
131 154 177 156 161 68 101 42 46 1 0 0 0 1037
172 157 154 135 109 160 60 43 46 1 0 0 0 0 1037
154 134 150 179 106 158 64 45 46 1 0 0 0 1037
161 148 151 176 136 58 50 110 46 1 0 0 1037
151 161 179 131 151 45 67 105 46 1 0 0 0 0 0 0 0 0 1037
181 150 133 148 110 160 66 46 42 1 1037
150 146 99 180 134 160 45 76 46 1 0 1037
151 160 177 97 136 47 146 76 46 1 0 0 0 0 0 0 0 0 1037
161 150 175 105 139 147 50 63 46 1 0 0 0 0 0 0 0 0 0 0 0 0 0 0 1037
167 159 160 103 139 47 150 65 46 1 0 0 0 0 0 1037
172 160 163 129 154 100 44 68 46 1 0 0 0 0 0 0 0 0 0 0 0 0 0 0 1037
163 172 98 159 159 130 44 65 1 46 0 1037
161 174 102 128 161 1 159 65 40 46 0 0 0 0 0 0 0 0 0 0 0 0 1037
168 159 102 166 128 1 164 66 37 46 0 0 0 0 0 1037
165 128 153 164 106 169 1 65 46 40 0 0 0 0 0 0 0 0 1037
158 135 156 170 107 159 65 46 1 40 0 0 0 1037
159 135 103 158 166 162 66 46 1 41 0 0 0 0 0 1037
160 134 152 112 159 170 46 61 42 1 0 0 0 1037
128 164 150 105 169 162 68 46 44 1 0 0 0 1037
127 99 166 152 165 163 75 43 46 1 0 0 0 0 0 0 0 0 0 1037
109 160 135 165 153 161 62 46 1 45 0 0 0 0 0 0 0 0 1037
162 129 108 169 159 154 68 41 46 1 0 0 0 1037
166 129 104 164 158 157 75 46 37 1 1037
165 134 112 159 156 163 46 63 38 1 0 0 0 1037
133 167 161 158 108 161 43 59 46 1 0 0 0 1037
134 163 166 160 158 106 41 62 46 1 0 0 0 1037
156 161 136 167 158 113 46 60 39 1 0 0 0 0 1037
153 138 157 108 171 157 45 61 46 1 1037
157 140 113 156 157 167 46 44 56 1 0 0 0 0 0 1037
138 156 159 151 109 171 63 46 43 1 0 0 0 0 0 0 0 0 1037
157 131 160 153 175 65 101 46 48 1 0 0 0 0 0 0 1037
131 152 156 176 161 63 108 46 43 1 0 0 1037
133 156 158 180 152 112 46 53 46 1 0 0 1037
150 132 161 179 153 46 116 51 48 1 0 0 0 0 0 0 1037
154 132 161 176 154 115 46 48 50 1 0 0 0 0 0 0 0 0 1037
151 161 133 178 156 59 46 108 44 1 0 0 0 1037
153 161 178 131 154 58 115 40 46 1 0 0 0 1037
156 159 174 135 66 157 107 36 46 1 0 0 0 0 0 1037
158 146 181 135 110 158 65 37 46 1 0 0 0 0 1037
161 132 148 105 181 155 69 39 46 1 0 0 1037
137 153 176 152 100 76 162 46 34 1 0 0 0 1037
153 135 176 66 150 107 158 46 45 1 0 0 0 1037
152 72 135 177 150 161 99 44 46 1 0 0 0 0 0 0 1037
159 133 63 171 154 100 161 46 49 1 0 0 0 0 0 0 0 0 1037
67 135 175 102 155 155 156 46 45 1 0 0 0 0 0 0 0 1037
46 136 159 178 99 151 156 45 66 1 0 0 0 0 0 0 1037
136 46 157 178 156 106 152 42 63 1 0 0 0 0 0 0 0 0 0 0 0 0 1037
177 134 159 46 66 154 153 103 44 1 1037
138 156 46 156 155 172 67 46 100 1 0 0 1037
153 138 153 47 154 175 83 46 87 1 0 0 1037
152 135 161 173 45 155 84 85 46 1 0 0 0 0 0 0 0 1037
160 150 134 177 161 46 82 80 46 1 0 0 1037
145 135 158 182 162 42 90 76 46 1 0 0 1037
178 160 157 54 137 147 92 65 46 1 0 0 0 0 0 0 1037
179 50 158 146 156 138 96 67 46 1 0 0 1037
176 157 139 46 149 60 156 57 96 1 0 0 0 0 0 0 1037
160 174 153 135 157 102 44 65 46 1 0 0 0 0 0 0 0 0 1037
155 150 178 158 136 46 110 44 59 1 0 1037
157 173 154 152 46 112 138 63 41 1 1037
152 162 156 168 115 138 46 39 60 1 0 0 0 0 0 1037
160 149 150 176 117 136 46 57 45 1 0 0 1037
157 159 106 152 174 136 56 50 46 1 0 1037
155 110 160 145 183 56 135 46 46 1 0 0 0 0 0 0 1037
105 159 156 171 155 67 136 46 41 1 0 0 0 0 1037
108 153 172 133 158 158 64 46 44 1 1037
161 176 134 103 158 151 62 46 45 1 0 1037
102 161 175 139 156 150 46 63 44 1 1037
171 95 177 136 155 46 149 47 60 1 1037
137 101 177 158 46 148 158 47 64 1 0 0 0 0 0 0 0 1037
103 166 158 159 144 153 62 45 46 1 0 0 0 1037
156 98 155 163 163 147 62 46 46 1 0 0 1037
153 159 153 113 143 167 62 40 46 1 0 0 0 1037
161 158 149 98 141 171 43 69 46 1 0 0 0 0 0 1037
159 103 156 153 166 143 73 46 37 1 0 0 1037
155 157 105 135 170 160 69 39 46 1 0 0 0 0 1037
159 136 148 113 158 178 59 39 46 1 0 0 0 0 0 0 1037
161 151 175 137 108 153 65 40 46 1 0 0 0 0 0 0 0 0 0 0 0 1037
174 151 160 158 138 68 100 46 41 1 1037
165 153 172 159 55 135 109 42 46 1 0 0 0 0 0 0 0 1037
177 159 150 163 64 132 106 46 39 1 0 0 0 0 0 1037
174 159 160 152 136 59 107 43 46 1 0 0 0 0 0 0 1037
158 174 161 135 152 111 60 46 39 1 1037
155 162 157 171 108 135 60 42 46 1 0 0 1037
152 156 164 108 135 40 171 64 46 1 0 1037
173 109 131 163 41 158 154 61 46 1 0 0 0 0 0 0 0 1037
102 135 159 44 170 162 154 64 46 1 0 0 0 1037
99 135 162 160 174 38 150 46 72 1 0 0 0 0 0 0 0 0 1037
158 102 134 159 153 174 47 63 46 1 0 0 0 0 1037
150 104 139 161 175 63 155 46 43 1 1037
150 160 105 133 177 65 162 38 46 1 0 0 0 0 0 1037
147 163 107 178 63 46 136 158 38 1 0 0 1037
135 114 62 156 172 154 46 160 37 1 1037
107 165 63 134 169 158 46 158 36 1 0 0 0 0 0 0 1037
59 111 176 156 159 46 134 152 43 1 1037
173 118 57 40 154 137 159 152 46 1 0 0 0 0 0 0 0 0 1037
120 169 157 39 60 137 152 156 46 1 0 0 0 0 0 0 0 0 0 0 0 0 0 0 1037
171 160 119 151 57 44 132 156 46 1 0 0 0 0 0 0 0 1037
172 154 162 107 156 39 69 131 46 1 0 1037
172 162 105 155 157 67 40 132 46 1 0 0 0 0 0 0 0 0 0 1037
158 184 108 161 128 46 64 147 40 1 0 1037
153 163 106 181 67 46 132 147 41 1 0 0 0 0 0 1037
156 161 183 112 58 146 42 132 46 1 0 0 0 0 0 0 1037
147 161 112 155 179 61 42 133 46 1 0 0 0 0 1037
155 164 150 109 59 177 131 46 45 1 1037
160 157 109 151 65 133 177 46 38 1 0 0 0 0 0 1037
161 161 154 66 103 133 173 39 46 1 1037
160 163 61 151 131 106 178 46 40 1 1037
162 166 46 98 124 155 180 63 42 1 0 0 0 0 0 0 1037
164 46 150 161 178 131 102 63 41 1 0 0 0 1037
46 173 175 150 158 102 133 60 39 1 0 0 1037
169 46 171 158 62 101 134 153 42 1 0 0 1037
171 167 158 46 153 100 63 135 43 1 0 1037
162 172 156 46 107 155 63 132 43 1 0 0 0 0 0 0 1037
173 115 159 158 135 151 49 50 46 1 0 0 0 0 1037
178 161 108 130 159 152 46 56 46 1 1037
177 162 129 109 154 158 45 56 46 1 0 0 0 0 0 0 0 0 0 0 0 0 0 0 0 1037
163 130 174 157 110 155 55 46 46 1 0 0 1037
155 131 174 114 163 153 46 41 59 1 0 0 0 0 1037
161 130 180 99 159 46 149 46 66 1 1037
