9.03725e+25 -1.12021e+12 -1.12021e+12 2.16334
6.3632e+25 -8.15561e+11 -8.15561e+11 3.09038
2.24452e+26 6.70978e+12 6.70978e+12 2.12541
3.75893e+26 -1.91476e+12 -1.91476e+12 2.23647
2.95074e+26 -4.44966e+12 -4.44966e+12 2.78232
2.26626e+26 -6.49511e+12 -6.49511e+12 3.34257
5.53817e+26 1.32336e+13 1.32336e+13 2.14101
1.1388e+26 -2.06573e+12 -2.06573e+12 3.09474
4.74203e+26 -3.86226e+11 -3.86226e+11 1.96001
2.34485e+26 -7.25578e+10 -7.25578e+10 5.39868
2.95076e+26 -4.99699e+12 -4.99699e+12 1.64035
3.63105e+26 5.71161e+12 5.71161e+12 1.79363
4.74338e+26 1.74561e+12 1.74561e+12 1.99113
1.71173e+26 -4.44416e+12 -4.44416e+12 3.07356
1.50957e+26 2.13198e+12 2.13198e+12 2.94326
3.18796e+26 5.83213e+12 5.83213e+12 2.14447
4.82843e+26 -6.50306e+12 -6.50306e+12 3.72567
4.80626e+26 -4.6767e+12 -4.6767e+12 2.9008
2.59857e+26 1.74151e+10 1.74151e+10 2.73176
2.56249e+26 -1.85831e+12 -1.85831e+12 2.15796
1.50944e+26 2.84027e+10 2.84027e+10 2.83157
2.2643e+26 -1.86943e+10 -1.86943e+10 2.698
1.3482e+26 1.60376e+12 1.60376e+12 1.48974
3.7897e+26 3.17091e+11 3.17091e+11 2.38425
1.84538e+26 7.09968e+12 7.09968e+12 3.1854
1.30994e+27 -1.04134e+13 -1.04134e+13 2.90105
2.64029e+26 1.71909e+12 1.71909e+12 2.15582
1.5416e+26 -3.808e+12 -3.808e+12 2.64535
6.92951e+26 -6.03129e+12 -6.03129e+12 3.27544
3.26387e+26 -1.64949e+13 -1.64949e+13 3.60962
6.36689e+26 -2.45062e+12 -2.45062e+12 2.4577
2.77121e+26 1.10546e+13 1.10546e+13 3.10813
2.33079e+26 1.96344e+12 1.96344e+12 2.42958
2.34909e+26 2.30184e+12 2.30184e+12 2.60516
4.26829e+26 5.01922e+11 5.01922e+11 2.22882
2.10961e+26 -2.62206e+12 -2.62206e+12 1.80686
3.87888e+26 -9.31088e+12 -9.31088e+12 5.71665
1.91842e+26 2.13686e+11 2.13686e+11 3.66788
2.39342e+26 5.136e+11 5.136e+11 3.6417
2.74814e+26 -9.41688e+12 -9.41688e+12 2.13112
2.5858e+26 5.45941e+12 5.45941e+12 2.6936
1.91401e+26 1.97744e+12 1.97744e+12 3.00235
3.75376e+26 7.73493e+12 7.73493e+12 2.22288
2.40979e+26 -7.43414e+12 -7.43414e+12 4.03665
2.96238e+26 -5.50074e+12 -5.50074e+12 2.35649
2.75039e+26 3.13547e+12 3.13547e+12 2.55585
5.14124e+26 1.42645e+13 1.42645e+13 2.82944
1.58631e+26 -1.05575e+13 -1.05575e+13 2.46245
3.72552e+26 1.22893e+13 1.22893e+13 4.55944
1.15054e+26 -4.0401e+12 -4.0401e+12 2.21402
2.19312e+26 7.43512e+11 7.43512e+11 2.96234
2.76806e+26 -3.4174e+12 -3.4174e+12 2.80585
1.18264e+26 -1.81923e+12 -1.81923e+12 2.56714
3.17567e+26 9.35091e+11 9.35091e+11 2.03989
3.10077e+26 2.39707e+12 2.39707e+12 2.27962
2.53599e+26 4.61321e+12 4.61321e+12 1.16125
3.60347e+26 -2.76907e+12 -2.76907e+12 2.24862
1.28144e+26 5.4788e+12 5.4788e+12 2.02265
8.062e+26 -8.60887e+12 -8.60887e+12 1.66687
3.86393e+26 -8.11829e+11 -8.11829e+11 2.51736
2.73605e+26 2.32874e+12 2.32874e+12 1.24778
3.43626e+26 -8.04475e+12 -8.04475e+12 3.18114
2.02936e+26 3.59683e+12 3.59683e+12 1.94089
1.91282e+26 2.15786e+12 2.15786e+12 2.55915
1.5914e+26 3.33325e+12 3.33325e+12 7.12457
2.415e+26 2.32027e+12 2.32027e+12 1.9456
1.46472e+26 2.19782e+12 2.19782e+12 2.22009
2.31677e+26 8.65574e+12 8.65574e+12 2.87285
2.38406e+26 4.12434e+11 4.12434e+11 2.42286
1.10522e+26 -4.88387e+12 -4.88387e+12 2.00476
1.13337e+26 1.48514e+12 1.48514e+12 2.66552
1.66803e+26 2.96464e+11 2.96464e+11 1.37084
1.18811e+26 6.64493e+11 6.64493e+11 2.15992
9.17555e+25 1.72201e+12 1.72201e+12 2.0193
1.93356e+26 4.33888e+11 4.33888e+11 1.91417
2.11645e+26 2.28753e+12 2.28753e+12 2.04924
1.96992e+26 1.4012e+12 1.4012e+12 3.13605
2.15786e+26 -3.16764e+12 -3.16764e+12 1.47505
2.79762e+26 -8.56593e+12 -8.56593e+12 2.93295
2.4123e+26 -5.58932e+12 -5.58932e+12 3.83027
3.17435e+26 1.02975e+12 1.02975e+12 1.91233
1.23909e+27 -1.15503e+13 -1.15503e+13 2.43148
1.91271e+26 -3.78817e+12 -3.78817e+12 2.84895
3.6926e+26 2.04528e+11 2.04528e+11 2.1425
1.63504e+26 6.80684e+10 6.80684e+10 1.53622
1.93726e+26 2.15411e+12 2.15411e+12 2.43991
3.3671e+26 8.55e+12 8.55e+12 3.61543
3.02413e+26 3.16532e+12 3.16532e+12 2.05857
9.43963e+26 -1.70777e+13 -1.70777e+13 2.12443
2.23394e+26 3.30959e+12 3.30959e+12 2.90961
2.21659e+26 -1.06803e+13 -1.06803e+13 3.21718
3.00369e+26 4.34291e+12 4.34291e+12 4.27703
2.32836e+26 -2.53854e+12 -2.53854e+12 2.16499
2.56648e+26 -7.52508e+12 -7.52508e+12 2.801
2.74283e+26 -2.0843e+13 -2.0843e+13 5.98302
2.99122e+26 8.08396e+11 8.08396e+11 2.64005
1.72543e+26 5.8821e+11 5.8821e+11 3.09168
2.84598e+26 -1.22169e+13 -1.22169e+13 2.6376
1.86924e+26 4.03452e+12 4.03452e+12 2.28886
2.47509e+26 2.42324e+12 2.42324e+12 2.29428
3.30466e+26 1.13819e+11 1.13819e+11 2.12927
1.7936e+26 5.29937e+12 5.29937e+12 2.15942
2.13577e+26 6.7981e+12 6.7981e+12 1.9749
1.99046e+26 2.5481e+12 2.5481e+12 1.90805
7.59374e+26 2.35198e+13 2.35198e+13 2.92964
5.82601e+26 4.12547e+11 4.12547e+11 2.60603
1.94671e+26 6.09663e+12 6.09663e+12 1.23297
2.71279e+26 -8.94507e+12 -8.94507e+12 2.72381
4.5973e+26 6.55412e+12 6.55412e+12 2.92303
2.167e+26 -6.44089e+11 -6.44089e+11 3.1024
3.25378e+26 4.69418e+12 4.69418e+12 3.27198
3.82512e+26 -2.14203e+12 -2.14203e+12 3.75122
7.82608e+25 -1.68112e+12 -1.68112e+12 2.01333
1.34627e+26 -8.56111e+12 -8.56111e+12 2.91565
4.73898e+26 8.36615e+12 8.36615e+12 1.95076
2.19059e+26 3.0216e+12 3.0216e+12 1.60761
2.1974e+26 -3.80312e+12 -3.80312e+12 2.70764
3.36434e+26 -1.10811e+12 -1.10811e+12 2.52679
1.41515e+26 -3.86205e+12 -3.86205e+12 2.60035
3.59366e+26 -8.21899e+12 -8.21899e+12 4.20304
8.01056e+25 -3.22682e+12 -3.22682e+12 2.9212
2.72514e+26 -8.486e+12 -8.486e+12 4.82476
2.59433e+26 6.06483e+12 6.06483e+12 3.02882
6.47416e+26 -4.15408e+12 -4.15408e+12 3.10911
6.09791e+26 7.24637e+12 7.24637e+12 5.13807
1.15115e+27 -5.10266e+12 -5.10266e+12 2.18026
4.0087e+26 1.23309e+13 1.23309e+13 4.41674
4.82165e+26 -5.03201e+12 -5.03201e+12 2.44879
1.91207e+26 -1.31278e+13 -1.31278e+13 4.7243
2.89364e+26 7.33333e+12 7.33333e+12 4.97998
3.07298e+26 3.36889e+12 3.36889e+12 2.35198
3.74057e+26 1.14721e+12 1.14721e+12 1.95237
3.07879e+26 4.58731e+12 4.58731e+12 1.84331
1.90848e+26 1.08735e+13 1.08735e+13 3.03282
1.32956e+26 6.68557e+12 6.68557e+12 3.75256
4.50029e+26 -1.11204e+12 -1.11204e+12 3.92899
4.20195e+26 -5.87444e+12 -5.87444e+12 2.38553
2.81118e+26 8.83331e+11 8.83331e+11 2.29978
2.34051e+26 7.36813e+12 7.36813e+12 2.31686
1.45183e+26 -7.82178e+11 -7.82178e+11 2.06634
4.26485e+26 5.95177e+12 5.95177e+12 1.75334
4.4775e+26 5.7079e+12 5.7079e+12 1.72304
1.25425e+26 -1.65594e+12 -1.65594e+12 2.85984
1.89656e+26 -3.57516e+12 -3.57516e+12 1.41273
2.73253e+26 1.12227e+12 1.12227e+12 2.63667
1.76295e+26 6.04416e+12 6.04416e+12 1.83336
3.1675e+26 -2.8893e+12 -2.8893e+12 2.07763
2.81229e+26 6.33921e+12 6.33921e+12 2.06688
1.30929e+26 -2.58414e+12 -2.58414e+12 2.79524
3.49306e+26 3.41555e+12 3.41555e+12 6.19679
3.76467e+26 -9.70707e+12 -9.70707e+12 2.89839
3.54701e+26 -5.72217e+12 -5.72217e+12 2.39242
1.61663e+26 -5.23902e+12 -5.23902e+12 3.61592
4.65111e+26 -4.86802e+12 -4.86802e+12 2.36685
2.01595e+26 -4.42809e+12 -4.42809e+12 3.66562
1.29514e+26 -1.98547e+12 -1.98547e+12 1.86293
1.68779e+26 -3.77893e+12 -3.77893e+12 2.55513
1.58884e+26 3.47316e+12 3.47316e+12 3.53422
5.42602e+26 1.59362e+13 1.59362e+13 2.74133
7.99018e+26 4.40447e+12 4.40447e+12 1.67224
2.37163e+26 -5.02851e+12 -5.02851e+12 2.87312
3.28837e+26 -5.89696e+12 -5.89696e+12 2.82389
2.89827e+26 1.86907e+12 1.86907e+12 2.94286
2.75965e+26 6.33073e+12 6.33073e+12 1.3862
3.67161e+26 -5.88534e+12 -5.88534e+12 2.56118
2.59744e+26 -2.4386e+11 -2.4386e+11 4.58633
3.2306e+26 -1.48354e+13 -1.48354e+13 4.56927
1.89289e+26 -4.40857e+12 -4.40857e+12 3.29382
4.63432e+26 9.30454e+11 9.30454e+11 1.59602
2.21361e+26 -4.21425e+12 -4.21425e+12 3.71219
4.40726e+26 -1.07147e+12 -1.07147e+12 3.78854
4.32656e+26 3.78128e+12 3.78128e+12 1.37249
3.47575e+26 1.01453e+12 1.01453e+12 2.53037
3.12902e+26 2.93095e+12 2.93095e+12 1.74764
1.09887e+26 -3.47166e+12 -3.47166e+12 2.28324
9.50154e+25 4.71292e+11 4.71292e+11 2.52026
6.19932e+26 2.66627e+13 2.66627e+13 3.75154
3.84994e+26 -1.65736e+13 -1.65736e+13 3.10323
4.29756e+26 -8.75332e+12 -8.75332e+12 2.90065
4.1797e+26 7.48309e+12 7.48309e+12 2.01524
3.01998e+26 -8.60269e+12 -8.60269e+12 2.10391
7.64829e+25 4.4998e+11 4.4998e+11 2.14397
1.96069e+26 4.57369e+11 4.57369e+11 1.90363
2.32574e+26 -6.67715e+12 -6.67715e+12 2.96389
1.82469e+26 2.93926e+12 2.93926e+12 3.63161
3.14509e+26 -2.49618e+12 -2.49618e+12 1.61626
3.9583e+26 -5.33584e+12 -5.33584e+12 2.90705
4.2317e+26 6.50271e+12 6.50271e+12 2.91341
1.03011e+26 -1.91073e+10 -1.91073e+10 1.71605
2.96979e+26 1.2955e+11 1.2955e+11 3.0464
2.08219e+26 -1.65659e+12 -1.65659e+12 2.18105
5.07459e+26 4.57667e+12 4.57667e+12 2.50048
1.8756e+26 3.01696e+12 3.01696e+12 2.61735
6.61908e+26 2.89044e+13 2.89044e+13 3.55082
2.89578e+26 -4.67332e+12 -4.67332e+12 3.02193
1.24219e+26 2.41317e+12 2.41317e+12 2.05887
1.63446e+26 -2.20464e+12 -2.20464e+12 2.81907
1.2666e+26 2.70466e+12 2.70466e+12 4.53638
4.83406e+26 2.15975e+13 2.15975e+13 3.62119
1.77893e+26 8.23865e+11 8.23865e+11 2.74616
4.02399e+26 -3.13615e+12 -3.13615e+12 1.96547
2.76126e+26 9.2606e+12 9.2606e+12 2.67172
5.49172e+26 -1.50484e+13 -1.50484e+13 3.09725
2.63463e+26 -7.11902e+12 -7.11902e+12 2.43199
2.13164e+26 -2.84234e+10 -2.84234e+10 2.78951
2.28269e+26 2.50603e+12 2.50603e+12 2.15151
3.52412e+26 3.07596e+12 3.07596e+12 2.60411
2.64786e+26 5.87097e+10 5.87097e+10 2.43106
3.96079e+26 1.74549e+12 1.74549e+12 3.28662
8.48396e+25 -1.95317e+12 -1.95317e+12 5.16621
9.43324e+26 -2.70282e+12 -2.70282e+12 2.53609
1.97808e+26 -9.7977e+10 -9.7977e+10 1.60771
2.39934e+26 -4.60718e+12 -4.60718e+12 1.72912
4.98064e+26 1.62339e+13 1.62339e+13 3.07625
4.33537e+26 1.36072e+13 1.36072e+13 4.43511
3.59045e+26 7.03315e+12 7.03315e+12 2.24659
1.88322e+26 9.87113e+12 9.87113e+12 3.38088
2.25851e+26 -3.45831e+12 -3.45831e+12 2.65169
3.92762e+26 3.14391e+12 3.14391e+12 3.992
3.56435e+26 4.19153e+12 4.19153e+12 3.76353
2.54095e+26 2.55509e+12 2.55509e+12 1.28205
3.09526e+26 5.19411e+11 5.19411e+11 4.47536
1.42463e+26 -1.41813e+12 -1.41813e+12 3.92021
4.22441e+26 -1.34397e+12 -1.34397e+12 3.6253
5.37918e+26 -1.73364e+13 -1.73364e+13 2.93026
3.24177e+26 2.45171e+12 2.45171e+12 2.65969
1.953e+26 3.7962e+12 3.7962e+12 3.26208
4.62561e+26 -4.69049e+12 -4.69049e+12 1.5104
2.47959e+26 -6.30515e+12 -6.30515e+12 2.05248
2.57964e+26 2.21067e+12 2.21067e+12 1.45506
4.31079e+26 1.18782e+11 1.18782e+11 3.01059
2.33616e+26 2.9177e+12 2.9177e+12 2.53621
3.56966e+26 -5.33119e+12 -5.33119e+12 2.15532
6.58948e+25 -4.11748e+11 -4.11748e+11 1.70638
3.76585e+26 3.118e+12 3.118e+12 3.65259
2.23152e+26 1.05757e+13 1.05757e+13 3.45176
3.3888e+26 -5.22961e+12 -5.22961e+12 3.32208
3.23545e+26 -9.74382e+12 -9.74382e+12 2.827
3.60723e+26 6.74783e+12 6.74783e+12 1.57504
1.80567e+26 7.39368e+11 7.39368e+11 1.63419
2.19481e+26 -2.79383e+12 -2.79383e+12 2.4162
3.01362e+26 5.40823e+12 5.40823e+12 4.32005
1.73808e+26 -2.58356e+12 -2.58356e+12 2.20794
3.8729e+26 -1.23926e+12 -1.23926e+12 2.04306
1.21777e+26 -6.20755e+10 -6.20755e+10 2.39988
5.81402e+25 -6.25968e+11 -6.25968e+11 2.59921
1.69561e+26 -5.14507e+12 -5.14507e+12 4.59147
1.6299e+26 -5.41999e+12 -5.41999e+12 2.92376
4.77119e+26 1.4939e+13 1.4939e+13 3.15306
1.70026e+26 -1.4773e+13 -1.4773e+13 4.76551
2.04777e+26 3.11141e+12 3.11141e+12 1.55834
4.55192e+26 1.3229e+13 1.3229e+13 2.28953
1.81833e+26 -2.16522e+12 -2.16522e+12 2.2583
3.77681e+26 -2.35583e+12 -2.35583e+12 2.57806
1.26403e+26 1.27309e+12 1.27309e+12 2.89316
1.70607e+26 -8.64143e+11 -8.64143e+11 3.71472
3.11301e+26 -1.61415e+12 -1.61415e+12 2.75872
3.19762e+26 -5.3745e+12 -5.3745e+12 2.99457
4.19944e+26 -1.68877e+12 -1.68877e+12 3.46891
2.92034e+26 7.11693e+12 7.11693e+12 2.60316
1.39807e+26 -2.87732e+12 -2.87732e+12 2.19128
1.69271e+26 -1.2497e+12 -1.2497e+12 1.86253
1.91205e+26 3.52704e+12 3.52704e+12 2.07609
4.1955e+26 7.5514e+12 7.5514e+12 2.57572
8.48075e+25 3.13806e+12 3.13806e+12 2.5589
5.31962e+26 1.08534e+13 1.08534e+13 2.65526
3.35377e+26 1.09141e+13 1.09141e+13 2.9498
3.47647e+26 5.21949e+12 5.21949e+12 2.63151
2.36211e+26 -6.00755e+11 -6.00755e+11 1.67525
1.30552e+26 -3.27683e+12 -3.27683e+12 2.6824
1.15055e+26 -9.60446e+11 -9.60446e+11 2.68143
1.4765e+26 1.11758e+12 1.11758e+12 3.00787
1.41819e+26 -5.35508e+12 -5.35508e+12 2.1811
2.35911e+26 1.60131e+13 1.60131e+13 6.1095
2.23427e+26 -4.6583e+12 -4.6583e+12 2.18049
2.7087e+26 6.15649e+12 6.15649e+12 1.97806
1.59182e+26 -3.67724e+12 -3.67724e+12 3.26513
3.59169e+26 3.07593e+12 3.07593e+12 2.11332
4.13236e+26 -5.55506e+12 -5.55506e+12 2.3956
1.55538e+26 8.27796e+12 8.27796e+12 3.48843
1.63123e+26 -1.65378e+12 -1.65378e+12 2.71912
2.78287e+26 7.23114e+12 7.23114e+12 1.76451
2.36516e+26 -2.10387e+12 -2.10387e+12 1.46265
3.77595e+26 1.17024e+12 1.17024e+12 2.6313
2.12829e+26 4.81638e+12 4.81638e+12 1.91844
3.59013e+26 4.3932e+12 4.3932e+12 4.09856
3.36905e+26 5.51165e+11 5.51165e+11 3.86408
5.96215e+26 -3.06416e+12 -3.06416e+12 4.10348
3.9497e+26 8.91184e+12 8.91184e+12 3.62749
1.80226e+26 2.91574e+11 2.91574e+11 1.76976
2.20724e+26 -9.86598e+12 -9.86598e+12 4.08953
2.01726e+26 -2.06292e+12 -2.06292e+12 1.30268
3.67967e+26 1.36e+13 1.36e+13 3.82488
4.17408e+26 -1.33806e+12 -1.33806e+12 2.32435
3.12471e+26 4.75484e+12 4.75484e+12 2.75498
9.31425e+25 -8.57242e+11 -8.57242e+11 2.14754
3.01892e+26 -6.48149e+12 -6.48149e+12 1.95881
1.73058e+26 -4.46801e+12 -4.46801e+12 2.32943
2.24801e+26 2.83647e+11 2.83647e+11 2.28256
2.51195e+26 3.88338e+12 3.88338e+12 2.77315
2.12216e+26 -5.04484e+12 -5.04484e+12 2.06892
4.49137e+26 1.89263e+12 1.89263e+12 3.658
4.61448e+26 1.24636e+12 1.24636e+12 2.37991
3.2278e+26 2.97526e+12 2.97526e+12 3.25401
4.44219e+26 -5.4455e+12 -5.4455e+12 2.52645
1.86346e+26 7.61878e+12 7.61878e+12 2.6305
2.19987e+26 9.60367e+12 9.60367e+12 2.55732
3.83971e+26 -1.9106e+12 -1.9106e+12 4.99379
4.74874e+26 2.13655e+12 2.13655e+12 2.30394
2.93994e+26 1.3992e+12 1.3992e+12 2.28003
2.11215e+26 -6.48983e+12 -6.48983e+12 3.3526
2.16114e+26 -4.6301e+12 -4.6301e+12 1.86827
2.2082e+26 2.6994e+11 2.6994e+11 1.66629
1.8688e+26 2.72311e+12 2.72311e+12 1.70503
1.16961e+26 8.55617e+12 8.55617e+12 4.30879
3.93956e+26 -1.45687e+12 -1.45687e+12 4.39714
3.80873e+26 3.57909e+12 3.57909e+12 2.42824
3.04901e+26 -1.06749e+12 -1.06749e+12 2.15452
1.02529e+26 -5.69096e+12 -5.69096e+12 2.45384
2.51889e+26 -8.88627e+11 -8.88627e+11 2.97992
3.34256e+26 -8.7746e+12 -8.7746e+12 2.21011
2.19564e+26 2.45308e+12 2.45308e+12 3.62281
1.80879e+26 3.77105e+12 3.77105e+12 2.74413
4.92713e+26 9.67194e+12 9.67194e+12 1.87565
4.23058e+26 -2.70024e+12 -2.70024e+12 1.26022
3.40625e+26 3.15259e+12 3.15259e+12 4.17444
3.11359e+26 4.73159e+12 4.73159e+12 2.23245
9.35607e+25 4.26299e+12 4.26299e+12 1.88229
1.93527e+26 1.90166e+12 1.90166e+12 1.35652
2.10994e+27 2.05733e+13 2.05733e+13 2.44396
5.00254e+26 -1.36136e+13 -1.36136e+13 3.70794
2.37462e+26 8.97224e+12 8.97224e+12 2.45761
5.25204e+26 -3.80152e+12 -3.80152e+12 1.77881
2.75139e+26 4.28188e+12 4.28188e+12 1.64202
1.51259e+26 1.34461e+12 1.34461e+12 2.05336
2.85175e+26 3.35782e+12 3.35782e+12 1.59577
3.37193e+26 3.96233e+12 3.96233e+12 3.12662
4.5269e+26 4.39531e+12 4.39531e+12 3.64966
1.75414e+26 -2.47307e+12 -2.47307e+12 2.37472
9.73333e+25 2.68898e+12 2.68898e+12 4.5101
2.00755e+26 9.50552e+11 9.50552e+11 3.7199
1.02855e+26 -4.3468e+12 -4.3468e+12 2.04462
3.08156e+26 1.52673e+13 1.52673e+13 3.25565
3.32061e+26 -6.33492e+12 -6.33492e+12 2.1843
1.34015e+26 8.89372e+11 8.89372e+11 1.38826
2.09414e+26 -3.7853e+12 -3.7853e+12 2.16083
3.01192e+26 -3.15989e+12 -3.15989e+12 1.68609
1.92826e+26 4.95909e+12 4.95909e+12 2.92005
2.95722e+26 -6.06501e+11 -6.06501e+11 1.81054
1.08799e+26 6.27988e+11 6.27988e+11 4.183
2.13934e+26 -5.67019e+12 -5.67019e+12 4.26382
1.30072e+26 -1.91891e+12 -1.91891e+12 1.74085
1.39878e+26 3.01445e+12 3.01445e+12 3.20106
3.60356e+26 1.1029e+13 1.1029e+13 2.291
2.76636e+26 8.80265e+12 8.80265e+12 1.89848
3.32387e+26 -3.71939e+12 -3.71939e+12 2.17785
2.47172e+26 2.03151e+12 2.03151e+12 3.74757
2.74805e+26 6.67182e+12 6.67182e+12 3.32826
5.85108e+26 -1.45179e+13 -1.45179e+13 2.26087
2.21525e+26 -1.42437e+12 -1.42437e+12 3.40261
3.12698e+26 -7.9797e+11 -7.9797e+11 2.38446
7.69657e+26 2.22465e+13 2.22465e+13 2.50198
1.91698e+26 -4.18221e+12 -4.18221e+12 2.25726
2.17412e+26 2.87932e+12 2.87932e+12 1.6448
2.35024e+26 -2.11359e+11 -2.11359e+11 4.27784
3.56046e+26 6.32098e+12 6.32098e+12 2.99839
3.26436e+26 6.2816e+12 6.2816e+12 2.25147
1.89519e+26 2.96288e+12 2.96288e+12 2.21077
2.49932e+26 -1.89552e+13 -1.89552e+13 4.60159
2.90279e+26 1.97735e+11 1.97735e+11 1.21134
2.01687e+26 -2.2556e+12 -2.2556e+12 1.67044
1.29856e+26 5.34353e+12 5.34353e+12 3.2119
1.62383e+26 4.46145e+11 4.46145e+11 2.6966
1.39141e+26 3.31689e+12 3.31689e+12 2.98205
3.11736e+26 7.92205e+12 7.92205e+12 3.19825
2.5357e+26 1.0717e+13 1.0717e+13 2.89976
2.6428e+26 1.16982e+13 1.16982e+13 4.23198
4.17876e+26 -1.22824e+13 -1.22824e+13 3.1869
3.23897e+26 -8.38624e+11 -8.38624e+11 2.90094
2.30226e+26 -1.70336e+13 -1.70336e+13 5.15872
1.66212e+26 7.48034e+12 7.48034e+12 3.13278
2.85878e+26 1.47539e+12 1.47539e+12 4.59142
2.71601e+26 3.01675e+12 3.01675e+12 2.01744
4.03946e+26 -1.64525e+12 -1.64525e+12 2.6051
1.6462e+26 -2.65224e+12 -2.65224e+12 2.29578
1.52566e+26 -2.85908e+12 -2.85908e+12 1.92992
4.82749e+26 -9.98052e+12 -9.98052e+12 3.13091
3.6492e+26 -8.59104e+12 -8.59104e+12 5.20769
6.48912e+26 -1.58762e+12 -1.58762e+12 3.84951
3.2488e+26 1.09938e+13 1.09938e+13 2.34962
4.96191e+26 -1.55138e+13 -1.55138e+13 4.0637
3.03052e+26 -3.32894e+12 -3.32894e+12 3.29952
4.82176e+26 5.04781e+13 5.04781e+13 11.4992
2.41505e+26 -1.14084e+13 -1.14084e+13 5.36536
4.17407e+26 1.92076e+12 1.92076e+12 2.93689
3.01693e+26 1.17373e+13 1.17373e+13 3.87942
1.35367e+26 -3.2305e+12 -3.2305e+12 1.89467
2.30146e+26 -1.45461e+12 -1.45461e+12 3.54792
2.704e+26 -5.21606e+12 -5.21606e+12 2.81347
1.69166e+26 -2.15336e+11 -2.15336e+11 1.69761
4.05455e+26 -2.00144e+12 -2.00144e+12 2.51242
2.92197e+26 -1.23669e+13 -1.23669e+13 2.74239
2.2195e+26 2.91577e+12 2.91577e+12 3.53976
2.50994e+26 9.33234e+11 9.33234e+11 2.73724
1.41381e+26 -1.97472e+12 -1.97472e+12 2.86288
1.45805e+26 -6.98066e+12 -6.98066e+12 3.12369
1.27102e+26 -1.5518e+12 -1.5518e+12 2.62592
1.32145e+26 2.82005e+12 2.82005e+12 3.19222
3.06095e+26 -6.17067e+12 -6.17067e+12 1.61051
2.22984e+26 -3.21896e+12 -3.21896e+12 2.9146
1.68812e+26 -5.61227e+11 -5.61227e+11 2.52758
7.877e+25 -2.55083e+12 -2.55083e+12 4.57828
2.50568e+26 8.48653e+11 8.48653e+11 2.14145
2.35352e+26 -4.3962e+12 -4.3962e+12 2.20796
1.51826e+26 -6.36625e+12 -6.36625e+12 2.64083
2.2991e+26 9.35459e+11 9.35459e+11 3.66073
2.75479e+26 -3.72739e+12 -3.72739e+12 2.48414
2.11179e+26 8.4662e+12 8.4662e+12 2.62529
3.05298e+26 3.60252e+12 3.60252e+12 2.99858
2.42942e+26 -4.46051e+12 -4.46051e+12 3.28733
3.03593e+26 9.59799e+12 9.59799e+12 2.77565
3.2287e+26 1.34874e+13 1.34874e+13 3.67692
4.11681e+26 -8.13342e+12 -8.13342e+12 4.0626
2.4888e+26 -2.60364e+12 -2.60364e+12 5.21355
3.45914e+26 -1.17221e+13 -1.17221e+13 3.85018
1.42185e+26 -2.5238e+12 -2.5238e+12 2.32991
2.16238e+26 -1.43217e+12 -1.43217e+12 2.53323
1.88253e+26 -7.46313e+12 -7.46313e+12 2.85897
3.70564e+26 5.17785e+12 5.17785e+12 3.60947
2.13346e+26 4.41672e+11 4.41672e+11 2.88772
1.87134e+26 -5.80359e+11 -5.80359e+11 2.30283
1.70149e+26 -6.80392e+12 -6.80392e+12 2.79652
4.19147e+26 1.32813e+12 1.32813e+12 2.17113
1.13188e+26 -1.6558e+12 -1.6558e+12 1.96696
1.58076e+26 -1.20511e+11 -1.20511e+11 2.08524
4.00874e+26 -7.43972e+12 -7.43972e+12 3.01537
6.33686e+26 1.57953e+13 1.57953e+13 2.49935
3.70631e+26 1.8053e+12 1.8053e+12 2.42584
2.07862e+26 -1.0936e+12 -1.0936e+12 1.33274
2.96486e+26 6.69949e+12 6.69949e+12 3.00031
1.87985e+26 4.38794e+12 4.38794e+12 1.95177
3.72629e+26 1.11013e+13 1.11013e+13 2.28562
7.12655e+26 -9.78876e+12 -9.78876e+12 3.14877
2.28175e+26 -1.78439e+12 -1.78439e+12 2.24989
2.40061e+26 1.78494e+12 1.78494e+12 2.94464
3.45128e+26 -6.8414e+12 -6.8414e+12 2.32253
2.03741e+26 7.11592e+12 7.11592e+12 3.49339
1.85559e+26 -6.37559e+11 -6.37559e+11 1.87945
4.46993e+26 -3.33207e+12 -3.33207e+12 3.36783
1.64603e+26 3.16623e+12 3.16623e+12 2.50407
5.01117e+26 -1.10764e+13 -1.10764e+13 2.07199
4.8177e+26 -2.15729e+13 -2.15729e+13 4.53981
5.78331e+26 9.55408e+12 9.55408e+12 2.18405
5.35627e+26 3.72995e+12 3.72995e+12 3.6303
1.29731e+26 -5.51162e+12 -5.51162e+12 3.44513
3.46567e+26 1.06206e+13 1.06206e+13 2.64185
6.5708e+26 8.29081e+12 8.29081e+12 4.45436
3.5145e+26 -3.7822e+12 -3.7822e+12 2.59428
3.90867e+26 5.28308e+12 5.28308e+12 4.58195
3.74158e+26 -4.05582e+12 -4.05582e+12 2.70818
2.64591e+26 1.14194e+13 1.14194e+13 4.67617
3.14293e+26 -2.66733e+12 -2.66733e+12 3.54141
5.41209e+25 3.26547e+12 3.26547e+12 2.41598
2.98543e+26 -6.44867e+12 -6.44867e+12 2.40839
1.92774e+26 -3.99712e+12 -3.99712e+12 3.32581
2.54749e+26 -2.6226e+12 -2.6226e+12 1.71917
2.05441e+26 1.81982e+12 1.81982e+12 3.13502
1.66779e+26 -7.39363e+12 -7.39363e+12 2.64175
5.53547e+25 1.09488e+12 1.09488e+12 5.67418
1.08373e+26 -2.44326e+10 -2.44326e+10 4.84133
1.62561e+26 4.8039e+12 4.8039e+12 2.0173
2.47148e+26 7.40301e+12 7.40301e+12 2.78263
1.93074e+26 -6.42236e+12 -6.42236e+12 3.11254
2.16867e+26 -7.25936e+12 -7.25936e+12 2.07409
2.41086e+26 -1.61799e+12 -1.61799e+12 3.23981
1.2474e+26 4.14248e+12 4.14248e+12 3.09544
4.21181e+26 7.29161e+11 7.29161e+11 2.3978
3.04991e+26 -4.25444e+12 -4.25444e+12 2.00209
1.29271e+26 -7.78528e+12 -7.78528e+12 2.97057
7.8614e+25 -2.86728e+11 -2.86728e+11 1.66021
1.15542e+26 1.89699e+11 1.89699e+11 1.51132
2.3783e+26 -7.01647e+12 -7.01647e+12 1.6228
2.9638e+26 2.5522e+12 2.5522e+12 6.37615
3.38984e+26 -8.24982e+12 -8.24982e+12 3.97293
2.11189e+26 4.35028e+12 4.35028e+12 2.07295
3.16586e+26 7.2481e+12 7.2481e+12 3.08432
4.01886e+26 -9.47931e+12 -9.47931e+12 2.13227
1.74704e+26 -3.46539e+12 -3.46539e+12 4.52028
1.71321e+26 1.38384e+12 1.38384e+12 1.58476
5.17066e+26 5.79284e+12 5.79284e+12 3.52147
2.6002e+26 -4.33341e+12 -4.33341e+12 2.18663
3.73305e+26 3.65456e+12 3.65456e+12 3.66174
2.30553e+26 1.20735e+12 1.20735e+12 1.89823
3.24734e+26 3.96408e+12 3.96408e+12 3.39385
2.254e+26 -2.29862e+12 -2.29862e+12 3.53079
3.305e+26 4.12181e+12 4.12181e+12 3.15174
2.85541e+26 8.91081e+12 8.91081e+12 3.19448
2.92099e+26 4.50586e+12 4.50586e+12 1.77959
1.57861e+26 -5.43459e+11 -5.43459e+11 1.80457
2.96073e+26 9.3469e+11 9.3469e+11 1.56637
2.61569e+26 -8.45019e+12 -8.45019e+12 3.31724
2.54668e+26 2.00346e+12 2.00346e+12 1.91752
1.25328e+26 -2.11831e+12 -2.11831e+12 2.62227
2.3756e+26 6.46547e+12 6.46547e+12 2.36983
3.25779e+26 -1.23017e+12 -1.23017e+12 1.96357
3.03214e+26 -4.57863e+12 -4.57863e+12 1.88341
4.09787e+26 1.04213e+13 1.04213e+13 2.92017
1.50605e+26 -2.13678e+12 -2.13678e+12 1.95268
5.91617e+26 3.04393e+12 3.04393e+12 2.74497
4.57915e+26 -1.04841e+12 -1.04841e+12 3.071
4.86441e+26 -5.44728e+12 -5.44728e+12 1.94733
8.20135e+25 9.97409e+11 9.97409e+11 2.21739
1.95959e+26 -1.28868e+12 -1.28868e+12 1.86574
1.25106e+26 2.70261e+12 2.70261e+12 2.2202
1.80422e+26 5.93876e+12 5.93876e+12 3.55587
1.61271e+26 -6.61398e+11 -6.61398e+11 1.78029
2.61384e+26 -3.39775e+12 -3.39775e+12 2.85882
3.19337e+26 5.1583e+11 5.1583e+11 2.21173
2.24187e+26 -4.42332e+11 -4.42332e+11 2.24049
2.23796e+26 -1.54823e+12 -1.54823e+12 2.60768
4.00572e+26 2.96568e+12 2.96568e+12 2.93355
3.57636e+26 5.9103e+12 5.9103e+12 2.86339
1.35206e+26 -5.3882e+09 -5.3882e+09 4.404
4.10959e+26 -5.70238e+12 -5.70238e+12 2.56196
2.6561e+26 -3.36193e+12 -3.36193e+12 1.4548
4.19694e+26 2.54096e+12 2.54096e+12 2.6007
1.85641e+26 8.63434e+11 8.63434e+11 1.43877
1.43768e+26 -6.18803e+11 -6.18803e+11 1.40578
2.42226e+26 -6.93306e+12 -6.93306e+12 5.76432
1.38147e+26 -2.93967e+12 -2.93967e+12 2.14299
4.63901e+26 8.51589e+12 8.51589e+12 2.58627
3.51856e+26 4.0065e+12 4.0065e+12 2.20887
1.41627e+26 1.85826e+12 1.85826e+12 3.10564
7.81882e+26 1.57219e+13 1.57219e+13 2.71956
2.32016e+26 -7.29429e+12 -7.29429e+12 2.85292
1.01348e+26 -6.41573e+12 -6.41573e+12 3.53624
2.33003e+26 3.92268e+12 3.92268e+12 3.40638
5.12245e+26 4.57749e+12 4.57749e+12 2.59798
5.22627e+26 3.90913e+12 3.90913e+12 2.501
2.53504e+26 -5.21854e+12 -5.21854e+12 3.00235
6.08559e+26 2.01024e+13 2.01024e+13 4.73799
2.39859e+26 -1.90681e+12 -1.90681e+12 2.29747
2.11151e+26 6.36247e+10 6.36247e+10 2.54294
9.65211e+25 -4.69185e+12 -4.69185e+12 3.07834
2.76598e+26 1.05692e+13 1.05692e+13 2.8067
4.43364e+26 -3.3019e+12 -3.3019e+12 1.9261
3.55556e+26 1.95121e+12 1.95121e+12 4.03359
1.21235e+26 -2.55324e+12 -2.55324e+12 1.62183
1.18018e+26 5.70794e+11 5.70794e+11 2.48879
1.9247e+26 -1.38975e+13 -1.38975e+13 3.67048
1.37043e+26 -5.64901e+12 -5.64901e+12 3.35283
5.43345e+26 -5.16568e+12 -5.16568e+12 1.70701
2.35863e+26 -7.15769e+12 -7.15769e+12 4.81139
3.519e+26 5.62436e+12 5.62436e+12 2.23516
1.41974e+26 -1.05879e+12 -1.05879e+12 2.38218
5.58727e+26 1.95758e+12 1.95758e+12 4.26931
1.66069e+26 2.97834e+12 2.97834e+12 2.96131
1.14822e+26 -9.17798e+11 -9.17798e+11 2.43507
3.99719e+26 1.78124e+13 1.78124e+13 4.15169
2.93754e+26 -6.7988e+12 -6.7988e+12 2.08287
1.15163e+26 -5.75859e+12 -5.75859e+12 2.6647
1.53061e+26 9.71216e+11 9.71216e+11 1.89026
2.66711e+26 -6.66132e+12 -6.66132e+12 3.31257
3.7505e+26 4.36585e+12 4.36585e+12 1.55137
2.72431e+26 -6.9339e+12 -6.9339e+12 4.17829
1.89439e+26 4.09046e+12 4.09046e+12 2.58262
1.16465e+26 -2.97207e+12 -2.97207e+12 3.90268
2.62973e+26 2.12268e+13 2.12268e+13 5.19208
4.58578e+26 1.3503e+13 1.3503e+13 2.70931
2.48582e+26 2.12409e+12 2.12409e+12 2.3354
2.06324e+26 6.72589e+12 6.72589e+12 3.11771
2.83548e+26 -1.56654e+13 -1.56654e+13 5.92648
2.23717e+26 -3.43746e+12 -3.43746e+12 4.57994
5.00465e+26 -4.74927e+12 -4.74927e+12 2.96051
2.27302e+26 1.30838e+11 1.30838e+11 4.41824
1.97645e+26 -3.85154e+12 -3.85154e+12 3.75904
3.26822e+26 -7.02236e+12 -7.02236e+12 2.46304
1.97431e+26 -4.1411e+12 -4.1411e+12 3.60423
4.13283e+26 -7.00447e+12 -7.00447e+12 2.19843
3.85117e+26 1.49005e+12 1.49005e+12 1.37365
4.3574e+26 -8.84298e+12 -8.84298e+12 1.97952
1.49466e+26 -7.01236e+12 -7.01236e+12 3.0121
1.92628e+26 -8.52697e+11 -8.52697e+11 1.74921
3.98638e+26 3.10592e+11 3.10592e+11 2.33861
1.98013e+26 -1.52125e+13 -1.52125e+13 4.89568
3.46981e+26 1.12425e+10 1.12425e+10 4.80579
1.65522e+26 3.75106e+12 3.75106e+12 2.26062
1.52948e+26 4.34458e+12 4.34458e+12 2.39138
8.33617e+25 5.41207e+12 5.41207e+12 4.12708
3.01279e+26 -2.60152e+12 -2.60152e+12 3.09615
2.27452e+26 2.27748e+12 2.27748e+12 1.71035
2.35129e+26 2.26243e+12 2.26243e+12 2.47772
1.37831e+26 -9.28065e+12 -9.28065e+12 3.68098
2.64292e+26 -4.27647e+12 -4.27647e+12 1.94987
2.78607e+26 -3.71364e+12 -3.71364e+12 2.68305
3.82475e+26 1.10134e+13 1.10134e+13 2.44691
1.97985e+26 -1.82469e+12 -1.82469e+12 3.09518
5.34413e+26 6.30159e+12 6.30159e+12 2.90268
2.29424e+26 3.6267e+12 3.6267e+12 1.89702
2.41764e+26 1.40246e+12 1.40246e+12 2.89879
2.34443e+26 -9.13874e+11 -9.13874e+11 2.94765
2.90063e+26 4.10501e+12 4.10501e+12 3.10592
2.07759e+26 -6.08742e+12 -6.08742e+12 5.65218
3.41234e+26 -7.92761e+12 -7.92761e+12 3.9638
1.33529e+26 2.14549e+12 2.14549e+12 2.06598
1.15249e+26 -5.82748e+12 -5.82748e+12 4.1288
5.71297e+26 -3.41609e+12 -3.41609e+12 2.28536
1.965e+26 1.63944e+12 1.63944e+12 2.55047
3.20936e+26 -1.36929e+13 -1.36929e+13 4.15129
9.36718e+25 4.94704e+11 4.94704e+11 2.55409
8.26571e+26 1.58713e+13 1.58713e+13 4.62539
2.00162e+26 4.90202e+12 4.90202e+12 4.28434
1.16336e+26 1.92935e+12 1.92935e+12 2.49901
2.22397e+26 -8.75843e+12 -8.75843e+12 2.80862
4.58625e+26 2.68209e+12 2.68209e+12 1.37742
1.85256e+26 7.75594e+12 7.75594e+12 3.00377
2.43031e+26 -6.67279e+12 -6.67279e+12 2.57033
1.4606e+26 -6.46058e+12 -6.46058e+12 3.85212
1.14963e+26 1.01918e+13 1.01918e+13 5.00015
4.10113e+26 1.52945e+13 1.52945e+13 2.09927
2.27734e+26 -1.03941e+13 -1.03941e+13 3.17057
2.42307e+26 -7.67859e+11 -7.67859e+11 1.64035
1.98254e+26 -5.40688e+11 -5.40688e+11 2.27774
5.80611e+26 -2.94043e+12 -2.94043e+12 1.78206
2.22442e+26 6.11667e+12 6.11667e+12 1.9448
3.53712e+26 1.16549e+13 1.16549e+13 3.29416
3.79589e+26 -7.96811e+12 -7.96811e+12 4.60528
1.11304e+26 -5.86724e+12 -5.86724e+12 4.88705
3.1476e+26 -1.27985e+11 -1.27985e+11 2.02186
1.0715e+26 -3.69178e+12 -3.69178e+12 1.84585
5.25267e+26 1.2449e+13 1.2449e+13 2.95218
4.56969e+26 -1.01065e+13 -1.01065e+13 2.31208
3.71496e+26 -1.40387e+13 -1.40387e+13 3.64847
1.71062e+26 4.94281e+12 4.94281e+12 3.66763
2.30851e+26 -8.44777e+12 -8.44777e+12 3.80986
1.75283e+26 -5.60291e+12 -5.60291e+12 2.6301
6.57728e+26 -3.82665e+12 -3.82665e+12 2.03575
2.21777e+26 -8.06576e+11 -8.06576e+11 2.48819
5.12127e+26 -2.60759e+13 -2.60759e+13 3.94715
5.2443e+26 -1.13243e+12 -1.13243e+12 1.95129
3.28444e+26 3.58432e+11 3.58432e+11 2.61761
1.84879e+26 -5.66151e+12 -5.66151e+12 1.8766
3.53288e+26 7.0314e+12 7.0314e+12 4.75427
7.47676e+25 -4.0184e+12 -4.0184e+12 3.49381
2.15229e+26 4.57834e+12 4.57834e+12 2.56181
1.85057e+26 2.59784e+12 2.59784e+12 2.07058
1.08276e+26 -2.87501e+12 -2.87501e+12 2.0901
5.46607e+26 -2.48868e+12 -2.48868e+12 4.01911
3.55716e+26 -3.80554e+12 -3.80554e+12 2.12339
4.82727e+26 -1.33783e+13 -1.33783e+13 3.12043
1.31171e+26 -1.10846e+13 -1.10846e+13 4.193
2.85489e+26 -5.93372e+12 -5.93372e+12 3.09394
2.28712e+26 -1.61916e+12 -1.61916e+12 2.45046
4.77079e+26 -1.06471e+13 -1.06471e+13 2.65781
4.82021e+26 -1.04441e+13 -1.04441e+13 3.70372
1.866e+26 1.48273e+12 1.48273e+12 2.9291
6.68618e+26 7.47796e+11 7.47796e+11 1.71414
1.29748e+26 2.42602e+11 2.42602e+11 2.95908
2.88575e+26 -3.11787e+12 -3.11787e+12 4.22039
4.92436e+26 -3.76091e+12 -3.76091e+12 2.14992
1.76799e+26 -3.75644e+12 -3.75644e+12 3.52859
2.64992e+26 1.97164e+13 1.97164e+13 3.89154
3.73632e+26 -5.11386e+12 -5.11386e+12 2.06402
1.96946e+26 -2.86329e+12 -2.86329e+12 1.66523
1.99792e+26 -3.79111e+12 -3.79111e+12 2.18706
1.43191e+26 -5.39184e+11 -5.39184e+11 4.41516
1.33537e+26 8.88058e+12 8.88058e+12 2.36064
2.88426e+26 -3.27724e+12 -3.27724e+12 1.98605
1.86024e+26 3.64184e+12 3.64184e+12 2.07951
4.02062e+26 5.98036e+12 5.98036e+12 2.76086
8.14099e+26 -1.33161e+13 -1.33161e+13 2.55381
2.61536e+26 1.67024e+12 1.67024e+12 1.77702
7.14676e+25 -1.61755e+12 -1.61755e+12 1.58706
1.0584e+26 -3.09936e+12 -3.09936e+12 3.28912
4.94086e+26 -2.37799e+12 -2.37799e+12 2.10397
2.98729e+26 -2.71205e+12 -2.71205e+12 2.07571
3.82143e+26 -1.7329e+13 -1.7329e+13 2.93651
3.23986e+26 4.02919e+10 4.02919e+10 1.52192
1.63269e+26 -2.75551e+12 -2.75551e+12 2.67603
1.99039e+26 7.08968e+11 7.08968e+11 3.91237
7.53968e+26 2.00751e+13 2.00751e+13 3.15586
9.96686e+25 7.18263e+12 7.18263e+12 3.38814
1.89302e+26 6.33979e+12 6.33979e+12 2.02471
3.58861e+26 -1.87787e+13 -1.87787e+13 3.6456
7.91561e+25 7.0353e+11 7.0353e+11 2.09477
2.0618e+26 1.46353e+12 1.46353e+12 2.23612
2.97147e+26 -8.75913e+11 -8.75913e+11 1.46473
4.69201e+26 5.2597e+12 5.2597e+12 2.43448
4.73156e+26 -1.75102e+12 -1.75102e+12 2.86947
2.71772e+26 1.01955e+12 1.01955e+12 2.89735
3.83254e+26 -8.23667e+12 -8.23667e+12 3.12783
4.72112e+26 -6.0965e+12 -6.0965e+12 2.59783
1.95623e+26 2.38279e+12 2.38279e+12 2.6082
1.0349e+26 1.54372e+12 1.54372e+12 2.14038
1.86866e+26 -3.63364e+12 -3.63364e+12 1.68697
1.67124e+26 9.41977e+11 9.41977e+11 7.46852
1.38748e+26 3.80704e+11 3.80704e+11 2.08491
4.47574e+26 -4.39917e+12 -4.39917e+12 4.2332
1.68713e+26 2.61144e+12 2.61144e+12 3.38127
4.78409e+26 1.56785e+12 1.56785e+12 2.74899
2.60902e+26 -1.18795e+13 -1.18795e+13 4.86447
2.97814e+26 7.64654e+12 7.64654e+12 2.73629
2.43573e+26 7.20365e+12 7.20365e+12 3.19124
1.65134e+26 3.23469e+12 3.23469e+12 2.21292
1.97511e+26 9.10294e+12 9.10294e+12 4.6613
3.96091e+26 -4.74146e+12 -4.74146e+12 3.19413
3.16657e+26 -4.93729e+12 -4.93729e+12 2.65983
3.33513e+26 -1.57112e+13 -1.57112e+13 4.89312
5.00657e+26 2.48808e+12 2.48808e+12 2.3131
2.54307e+26 9.90286e+12 9.90286e+12 3.43917
2.14647e+26 -3.95529e+12 -3.95529e+12 2.26797
2.01828e+26 1.13903e+13 1.13903e+13 4.18101
3.72991e+26 6.94976e+12 6.94976e+12 2.1553
6.78518e+25 -9.22828e+11 -9.22828e+11 3.03378
2.34552e+26 5.02331e+12 5.02331e+12 2.22056
1.73445e+26 9.9682e+11 9.9682e+11 2.04585
3.78884e+26 2.81901e+11 2.81901e+11 2.80847
1.9431e+26 -3.63477e+12 -3.63477e+12 1.86767
3.29062e+26 -8.19372e+12 -8.19372e+12 4.84551
4.15063e+26 -4.50573e+12 -4.50573e+12 2.78738
1.73904e+26 1.11691e+13 1.11691e+13 3.77759
1.55752e+26 5.91789e+12 5.91789e+12 2.11745
3.02809e+26 7.2525e+12 7.2525e+12 3.89267
6.87892e+26 -3.5e+12 -3.5e+12 4.50126
5.53265e+26 -1.73955e+11 -1.73955e+11 2.20394
4.26299e+26 1.78243e+13 1.78243e+13 3.0141
9.19656e+26 -2.31174e+13 -2.31174e+13 3.33537
6.72628e+25 -1.9982e+11 -1.9982e+11 1.57587
5.45517e+26 1.58182e+13 1.58182e+13 2.9702
2.88791e+26 -3.61098e+12 -3.61098e+12 2.57795
2.76578e+26 -6.72451e+11 -6.72451e+11 2.27401
2.19691e+26 -4.36815e+12 -4.36815e+12 2.40973
1.79448e+26 8.3868e+12 8.3868e+12 3.8682
3.56017e+26 -1.45404e+13 -1.45404e+13 2.82812
3.12651e+26 -1.35096e+11 -1.35096e+11 3.23198
1.80064e+26 7.0611e+12 7.0611e+12 3.7081
2.5471e+26 -6.41693e+12 -6.41693e+12 3.12876
9.22732e+25 -5.67674e+11 -5.67674e+11 2.13524
2.19443e+26 5.89451e+12 5.89451e+12 2.62408
9.40143e+26 -1.92113e+13 -1.92113e+13 1.69858
2.6843e+26 5.85245e+12 5.85245e+12 2.42811
8.73622e+26 -8.16774e+12 -8.16774e+12 3.87905
5.3336e+26 -8.2127e+12 -8.2127e+12 2.30963
3.23989e+26 -1.83889e+11 -1.83889e+11 1.7546
4.43625e+26 1.68691e+12 1.68691e+12 1.61996
8.30157e+25 -1.93409e+12 -1.93409e+12 2.35683
2.01088e+26 -3.04368e+12 -3.04368e+12 2.11838
1.6056e+26 -7.7963e+12 -7.7963e+12 3.89341
5.71196e+26 7.63299e+12 7.63299e+12 1.54442
3.96344e+26 -4.44517e+12 -4.44517e+12 2.76892
1.22633e+26 -2.01165e+12 -2.01165e+12 3.10667
7.6336e+26 -1.0419e+13 -1.0419e+13 3.55542
6.42604e+26 9.14878e+12 9.14878e+12 2.52557
5.1082e+26 -9.76356e+11 -9.76356e+11 2.51717
3.24692e+26 -4.9837e+12 -4.9837e+12 2.69217
2.59255e+26 3.79075e+12 3.79075e+12 3.00566
5.32783e+26 1.29487e+13 1.29487e+13 2.0399
7.88235e+25 1.15633e+12 1.15633e+12 2.13216
2.68273e+26 6.58528e+12 6.58528e+12 1.94798
4.66014e+26 2.22499e+11 2.22499e+11 1.90476
3.13756e+26 4.43976e+12 4.43976e+12 2.44918
1.97728e+26 -3.69193e+12 -3.69193e+12 2.7221
2.34808e+26 -5.17607e+12 -5.17607e+12 3.00267
8.98028e+25 -1.97668e+12 -1.97668e+12 2.41489
2.68505e+26 -6.28269e+12 -6.28269e+12 2.63527
2.17922e+26 2.94235e+12 2.94235e+12 1.97059
3.34862e+26 -6.6729e+12 -6.6729e+12 2.09021
2.17256e+26 3.44631e+12 3.44631e+12 2.86141
1.03173e+26 4.89461e+12 4.89461e+12 2.36139
4.71731e+26 8.20539e+11 8.20539e+11 2.24747
4.11635e+26 -4.02789e+12 -4.02789e+12 3.06381
1.85413e+26 -2.8539e+12 -2.8539e+12 3.18953
3.79117e+26 2.38366e+12 2.38366e+12 2.53741
4.78517e+26 -2.93928e+12 -2.93928e+12 2.50838
3.37257e+26 4.34641e+12 4.34641e+12 2.9829
4.46937e+26 -1.4706e+12 -1.4706e+12 1.54863
2.76745e+26 -5.2573e+12 -5.2573e+12 2.67746
3.49452e+26 6.03843e+12 6.03843e+12 2.40439
1.76429e+26 -3.29038e+12 -3.29038e+12 1.97127
3.19972e+26 -6.91837e+12 -6.91837e+12 5.83761
1.70728e+26 8.19298e+09 8.19298e+09 3.2938
8.57106e+25 8.17142e+10 8.17142e+10 3.42165
2.52999e+26 2.55326e+12 2.55326e+12 3.18342
4.18157e+26 -7.28623e+12 -7.28623e+12 2.50127
6.3014e+26 -5.62484e+12 -5.62484e+12 2.03457
2.73716e+26 -8.53347e+11 -8.53347e+11 2.69793
1.8865e+26 1.54719e+13 1.54719e+13 9.16657
4.66726e+26 8.51819e+12 8.51819e+12 2.18719
3.36536e+26 -3.12482e+12 -3.12482e+12 2.70316
2.01428e+26 8.7838e+11 8.7838e+11 3.69285
1.58527e+26 -1.59464e+12 -1.59464e+12 2.56239
2.77297e+26 5.60976e+12 5.60976e+12 1.30493
2.25921e+26 2.63041e+12 2.63041e+12 2.73302
2.92877e+26 2.78172e+12 2.78172e+12 2.23419
2.42054e+26 -1.16826e+12 -1.16826e+12 2.29133
1.82884e+26 2.26596e+12 2.26596e+12 1.66548
2.39881e+26 -3.45241e+12 -3.45241e+12 2.49989
1.70107e+26 -4.48678e+11 -4.48678e+11 3.83174
4.14652e+26 6.80162e+11 6.80162e+11 2.38372
1.88987e+26 3.40091e+12 3.40091e+12 2.71002
2.24044e+26 -2.14932e+12 -2.14932e+12 1.85867
2.74927e+26 -1.2898e+12 -1.2898e+12 2.99565
2.02536e+26 -5.59315e+12 -5.59315e+12 2.02786
1.87929e+26 3.44963e+12 3.44963e+12 1.87418
2.22767e+26 6.06108e+12 6.06108e+12 2.2693
2.85256e+26 5.12267e+12 5.12267e+12 2.21047
3.01717e+26 8.31646e+11 8.31646e+11 3.19844
2.98779e+26 5.44602e+12 5.44602e+12 4.14653
2.21431e+26 -4.32365e+12 -4.32365e+12 2.12923
1.20325e+26 -2.31346e+12 -2.31346e+12 2.29204
2.39661e+26 -2.59519e+12 -2.59519e+12 3.53853
1.73804e+26 7.87501e+12 7.87501e+12 3.36026
4.0488e+26 2.11054e+13 2.11054e+13 2.53414
2.10074e+26 -4.59332e+12 -4.59332e+12 1.8018
3.9441e+26 5.21336e+12 5.21336e+12 1.81255
1.71809e+26 -4.50601e+12 -4.50601e+12 2.83492
2.75436e+26 1.6663e+13 1.6663e+13 3.36199
1.55325e+26 7.66682e+12 7.66682e+12 2.76969
1.23088e+26 -2.49486e+12 -2.49486e+12 2.03141
2.41805e+26 1.25791e+12 1.25791e+12 2.18254
2.2471e+26 -9.82039e+12 -9.82039e+12 2.30351
2.25985e+26 5.06501e+12 5.06501e+12 2.10422
5.42973e+26 -2.11734e+13 -2.11734e+13 4.77888
3.90097e+26 1.33386e+12 1.33386e+12 3.36236
2.0895e+26 -2.1875e+12 -2.1875e+12 3.65454
2.25134e+26 -5.93547e+12 -5.93547e+12 3.8283
3.83667e+26 9.4794e+11 9.4794e+11 1.86951
2.64617e+26 -1.87918e+12 -1.87918e+12 2.43439
2.7529e+26 8.42182e+12 8.42182e+12 1.81594
1.87936e+26 -3.85211e+12 -3.85211e+12 3.76445
1.05383e+26 2.74604e+12 2.74604e+12 2.45734
2.81359e+26 5.25611e+12 5.25611e+12 2.04778
4.64719e+26 9.99984e+11 9.99984e+11 3.03089
3.24382e+26 -5.15596e+12 -5.15596e+12 2.18052
2.04135e+26 -3.60635e+11 -3.60635e+11 2.43147
1.41851e+26 1.53773e+12 1.53773e+12 2.51711
1.19276e+26 4.72305e+11 4.72305e+11 1.35589
5.56805e+26 -7.58644e+12 -7.58644e+12 2.04744
2.60161e+26 4.54335e+12 4.54335e+12 2.83908
4.30444e+26 6.51478e+12 6.51478e+12 2.73013
8.15857e+26 -4.23207e+12 -4.23207e+12 2.51613
4.6297e+26 1.90777e+13 1.90777e+13 3.03615
1.6868e+26 -2.85028e+12 -2.85028e+12 1.66929
1.69493e+26 5.38109e+11 5.38109e+11 2.11309
3.83475e+26 -7.80014e+12 -7.80014e+12 2.73839
3.22488e+26 -9.18468e+12 -9.18468e+12 2.4332
2.67398e+26 -9.63165e+12 -9.63165e+12 2.3638
1.24789e+26 -3.22214e+12 -3.22214e+12 3.35558
2.07829e+26 1.47933e+11 1.47933e+11 2.57554
5.21059e+26 -1.78868e+13 -1.78868e+13 2.72677
5.12567e+26 5.53516e+12 5.53516e+12 1.91309
1.98392e+26 6.29432e+12 6.29432e+12 2.76908
1.57717e+26 3.38708e+12 3.38708e+12 3.57512
2.92943e+26 6.18042e+11 6.18042e+11 3.86659
1.09273e+26 5.62641e+11 5.62641e+11 1.5524
1.00004e+26 4.45879e+12 4.45879e+12 5.03543
4.55571e+26 6.64742e+11 6.64742e+11 1.42729
4.86902e+26 -1.48598e+13 -1.48598e+13 2.01339
1.45209e+26 -2.05197e+12 -2.05197e+12 2.86012
2.11145e+26 2.10628e+12 2.10628e+12 2.47067
2.63843e+26 -6.02634e+12 -6.02634e+12 2.75333
1.34895e+26 1.25642e+12 1.25642e+12 2.51653
1.96122e+26 2.81149e+12 2.81149e+12 2.90095
1.79694e+26 1.31141e+12 1.31141e+12 2.10884
2.17252e+26 -4.89145e+12 -4.89145e+12 3.183
4.03231e+26 4.95251e+12 4.95251e+12 1.92032
1.95742e+26 -5.56569e+12 -5.56569e+12 2.63397
1.95503e+26 6.36844e+12 6.36844e+12 2.57961
5.67518e+26 1.76626e+13 1.76626e+13 3.86052
3.31875e+26 7.87752e+12 7.87752e+12 2.47415
1.5574e+26 -1.29258e+12 -1.29258e+12 3.13116
1.79306e+26 3.05643e+12 3.05643e+12 3.33945
4.31057e+26 8.75635e+12 8.75635e+12 1.99113
4.03021e+26 -9.2885e+12 -9.2885e+12 3.43182
2.48539e+26 -3.26171e+12 -3.26171e+12 2.24499
3.19267e+26 3.35475e+12 3.35475e+12 2.00923
9.89465e+25 -5.3954e+12 -5.3954e+12 2.45278
4.97159e+26 6.8812e+12 6.8812e+12 2.75432
9.2006e+26 -1.56398e+13 -1.56398e+13 3.04641
5.12941e+26 1.18931e+13 1.18931e+13 4.01012
2.29717e+26 7.41346e+12 7.41346e+12 2.57729
4.11824e+26 2.3996e+12 2.3996e+12 1.78148
4.94594e+26 -1.86975e+13 -1.86975e+13 3.448
1.99406e+26 -1.96719e+12 -1.96719e+12 1.82407
4.24844e+26 -2.33666e+13 -2.33666e+13 3.90974
3.52189e+26 -2.40453e+12 -2.40453e+12 3.15021
3.72525e+26 1.4247e+13 1.4247e+13 2.43831
2.96967e+26 1.2038e+13 1.2038e+13 3.80612
2.87214e+26 -4.84323e+12 -4.84323e+12 1.94931
2.37515e+26 -7.54199e+12 -7.54199e+12 4.44336
3.63052e+26 -8.28263e+12 -8.28263e+12 2.3177
3.0765e+26 -4.50343e+12 -4.50343e+12 1.62283
5.20365e+26 1.71608e+13 1.71608e+13 2.85364
4.09063e+26 2.25279e+13 2.25279e+13 7.0021
2.85016e+26 -1.40099e+12 -1.40099e+12 2.70931
2.93294e+26 -1.27822e+13 -1.27822e+13 4.67047
2.30954e+26 -1.11889e+12 -1.11889e+12 2.34642
6.08422e+25 8.12871e+11 8.12871e+11 2.38396
1.69679e+26 -3.87116e+12 -3.87116e+12 1.84505
7.27218e+26 1.09856e+13 1.09856e+13 2.69239
7.73432e+25 1.51758e+12 1.51758e+12 2.68347
2.54383e+26 -6.36109e+12 -6.36109e+12 2.67023
2.99591e+26 -5.40177e+12 -5.40177e+12 3.27889
1.63315e+26 -8.2248e+11 -8.2248e+11 2.30039
2.28493e+26 -8.10123e+12 -8.10123e+12 3.00592
4.56274e+26 -1.91728e+13 -1.91728e+13 2.76554
1.95321e+26 6.32526e+12 6.32526e+12 3.04511
2.41268e+26 -7.68583e+12 -7.68583e+12 2.58122
1.81983e+26 -7.04361e+12 -7.04361e+12 3.96953
2.43214e+26 -1.06253e+13 -1.06253e+13 2.87037
1.3572e+26 6.76311e+12 6.76311e+12 2.7734
2.94977e+26 2.16243e+12 2.16243e+12 2.16102
2.10053e+26 5.29625e+11 5.29625e+11 2.48762
2.86728e+26 2.11559e+12 2.11559e+12 2.05815
2.54713e+26 2.47853e+12 2.47853e+12 1.32378
2.91809e+26 3.9283e+12 3.9283e+12 1.271
4.47874e+26 -3.76273e+12 -3.76273e+12 1.02205
5.2422e+26 -3.89587e+12 -3.89587e+12 3.05917
1.41868e+26 9.33213e+12 9.33213e+12 4.30499
5.98173e+26 1.03516e+13 1.03516e+13 1.64882
1.79908e+26 -5.13391e+12 -5.13391e+12 3.25194
3.33016e+26 -1.21849e+13 -1.21849e+13 3.6806
3.23973e+26 4.8283e+12 4.8283e+12 1.87802
3.47714e+26 -1.55634e+13 -1.55634e+13 3.19126
2.7456e+26 -4.90902e+12 -4.90902e+12 3.21494
2.34617e+26 1.41149e+13 1.41149e+13 3.07282
5.55046e+26 -2.65534e+12 -2.65534e+12 1.19434
6.32245e+25 6.16913e+12 6.16913e+12 2.81831
3.72854e+26 2.58818e+11 2.58818e+11 3.79906
1.20123e+26 -2.59192e+12 -2.59192e+12 2.29471
2.4385e+26 -4.82648e+12 -4.82648e+12 2.89325
5.71066e+26 2.16024e+12 2.16024e+12 3.40128
2.27148e+26 -5.58598e+12 -5.58598e+12 2.76287
2.79014e+26 1.22485e+12 1.22485e+12 4.63458
2.88872e+26 1.06135e+13 1.06135e+13 2.75115
1.9608e+26 2.42188e+12 2.42188e+12 2.07532
6.69626e+26 2.4553e+13 2.4553e+13 3.66297
2.09366e+26 -7.112e+12 -7.112e+12 2.23431
1.34052e+26 -1.85302e+12 -1.85302e+12 1.58752
8.08616e+25 9.86318e+12 9.86318e+12 9.43436
4.95696e+26 -8.21835e+12 -8.21835e+12 1.78052
2.81116e+26 6.88474e+12 6.88474e+12 2.28999
2.33129e+26 -4.44355e+12 -4.44355e+12 2.55443
1.84161e+26 -3.80154e+12 -3.80154e+12 3.06328
2.276e+26 5.48766e+12 5.48766e+12 3.64251
3.89608e+26 1.52681e+13 1.52681e+13 3.44263
1.34518e+26 -5.07993e+12 -5.07993e+12 3.99647
2.62556e+26 4.83282e+12 4.83282e+12 2.36945
4.0757e+26 1.74352e+13 1.74352e+13 3.296
4.10046e+26 6.26628e+12 6.26628e+12 1.73454
2.11852e+26 -5.93123e+12 -5.93123e+12 2.5921
2.86877e+26 -4.19389e+12 -4.19389e+12 2.73803
1.37793e+26 1.71386e+12 1.71386e+12 1.85376
2.23143e+26 3.94977e+12 3.94977e+12 2.39047
1.93902e+26 -7.83925e+12 -7.83925e+12 2.46237
1.76237e+26 -7.44275e+10 -7.44275e+10 3.10348
3.07376e+26 8.15372e+12 8.15372e+12 2.99398
2.82118e+26 1.14945e+12 1.14945e+12 2.32187
3.25633e+26 3.01084e+12 3.01084e+12 3.18888
2.59337e+26 -7.04016e+12 -7.04016e+12 3.26861
1.91706e+26 -5.41178e+11 -5.41178e+11 1.90361
2.65018e+26 4.20616e+12 4.20616e+12 3.09043
4.26755e+26 -1.68609e+12 -1.68609e+12 2.06766
1.68961e+26 6.18248e+12 6.18248e+12 2.52966
2.24367e+26 -1.39234e+12 -1.39234e+12 3.1605
1.62086e+26 -3.01833e+12 -3.01833e+12 0.91743
1.72717e+26 9.40543e+12 9.40543e+12 4.01665
4.195e+26 -3.86716e+12 -3.86716e+12 2.78171
3.73399e+26 -5.17897e+12 -5.17897e+12 1.78275
2.55959e+26 2.37269e+12 2.37269e+12 2.39003
2.25942e+26 4.6786e+11 4.6786e+11 1.87154
2.88616e+26 -1.15838e+13 -1.15838e+13 3.72504
1.64794e+26 3.86142e+12 3.86142e+12 2.00599
9.15479e+26 2.23002e+13 2.23002e+13 3.80511
3.56625e+26 1.08424e+13 1.08424e+13 4.28988
9.09733e+26 1.44817e+13 1.44817e+13 4.71486
3.7502e+26 -1.02051e+13 -1.02051e+13 2.67563
1.87119e+26 2.58226e+12 2.58226e+12 2.20693
1.5771e+26 2.73276e+11 2.73276e+11 4.53514
2.61305e+26 3.90268e+12 3.90268e+12 2.47614
1.9676e+26 -3.21084e+12 -3.21084e+12 5.65737
4.35929e+26 -4.57071e+12 -4.57071e+12 2.39536
4.44502e+26 -1.46284e+13 -1.46284e+13 1.81921
1.95386e+26 4.89022e+12 4.89022e+12 3.06466
9.97551e+25 2.40327e+12 2.40327e+12 2.21842
1.94207e+26 7.85699e+12 7.85699e+12 1.73155
4.4798e+26 3.71225e+12 3.71225e+12 2.03593
1.57038e+26 6.2303e+12 6.2303e+12 2.11307
2.94381e+26 2.03223e+12 2.03223e+12 2.21683
1.35069e+26 -2.91768e+12 -2.91768e+12 2.75977
1.79751e+26 -1.01947e+13 -1.01947e+13 4.28052
6.57742e+26 -1.29538e+13 -1.29538e+13 1.92083
2.37196e+26 5.29168e+12 5.29168e+12 2.65297
7.99624e+25 -1.14395e+12 -1.14395e+12 2.743
2.04163e+26 7.52752e+12 7.52752e+12 3.04046
1.86335e+26 6.58166e+12 6.58166e+12 2.18133
1.40286e+26 -3.83062e+12 -3.83062e+12 2.49504
5.41842e+26 2.13995e+12 2.13995e+12 1.72773
2.16072e+26 2.51308e+12 2.51308e+12 1.85699
1.81524e+26 -6.07481e+12 -6.07481e+12 2.50587
