13
14
13
12
12
18
14
13
14
23
13
12
17
12
13
14
15
18
24
29
20
10
13
14
14
17
13
13
11
12
17
11
10
14
13
15
19
11
18
13
13
16
14
13
11
12
13
11
14
16
12
17
21
13
15
12
13
14
16
10
17
16
20
13
13
13
14
12
17
13
12
17
17
14
13
19
11
10
23
12
14
20
16
14
12
17
13
16
11
13
16
12
13
17
13
13
12
16
12
12
10
11
15
11
14
11
10
12
13
17
15
13
17
13
11
11
19
13
14
18
13
22
12
14
14
21
13
15
15
12
11
11
10
10
13
10
10
19
12
15
13
12
13
16
15
17
16
15
11
16
14
10
12
11
20
13
13
13
14
11
18
13
18
11
14
12
10
16
11
17
14
12
17
15
10
14
13
13
15
14
13
12
12
15
11
12
12
14
20
15
14
15
11
13
11
13
16
10
20
10
15
17
17
15
16
11
12
12
10
16
12
12
14
14
12
14
16
10
16
10
11
14
22
22
15
14
13
15
15
14
13
10
15
13
14
10
11
10
11
11
11
11
11
10
11
13
13
10
13
12
12
15
10
12
12
15
12
17
13
14
21
19
13
14
17
20
11
10
11
10
13
16
16
14
15
10
12
11
13
11
11
14
12
20
12
23
11
18
17
12
19
15
12
16
15
12
11
15
16
19
11
16
13
15
17
12
19
10
11
12
11
20
14
12
14
16
16
12
17
11
14
14
12
11
10
16
12
12
11
16
14
13
19
12
12
19
12
21
12
11
14
17
17
12
15
14
22
12
15
13
14
15
13
12
12
13
12
12
17
13
14
12
18
23
10
10
19
13
13
24
11
16
23
21
12
12
14
13
12
12
13
17
24
14
12
12
15
15
15
18
11
11
17
15
15
17
14
13
10
16
22
13
15
10
12
15
17
10
10
12
18
10
14
17
13
15
20
16
14
14
10
11
22
14
13
13
12
11
21
14
10
21
21
12
11
14
16
15
21
10
12
15
18
12
20
12
12
12
10
17
11
12
12
10
14
13
13
14
12
14
10
10
15
11
15
14
21
15
14
10
15
15
17
11
24
19
12
15
12
14
15
12
13
12
14
12
12
15
14
16
19
21
11
12
15
18
12
11
10
10
12
16
12
25
10
11
11
16
13
27
12
13
13
13
10
13
14
16
17
10
18
13
15
14
14
24
12
12
15
16
12
12
13
15
12
18
13
12
18
12
19
12
13
16
10
11
15
15
10
15
12
15
13
12
30
25
16
11
11
13
24
22
10
16
16
12
12
11
14
16
14
16
16
12
11
14
16
12
13
15
13
15
12
11
17
13
14
17
16
15
11
22
24
12
23
10
10
11
11
17
19
16
11
15
14
20
11
12
16
15
18
11
13
11
12
18
14
16
11
10
11
12
16
18
12
13
16
13
10
15
13
10
12
11
23
13
16
12
17
18
22
19
15
11
11
14
16
22
13
21
13
17
11
14
13
11
18
17
12
11
12
11
10
12
11
17
12
11
19
18
12
11
18
15
15
12
14
13
14
20
18
13
11
10
14
13
13
12
10
12
14
14
13
14
12
13
18
17
16
13
12
16
14
12
14
15
19
10
14
13
10
14
11
14
14
12
14
13
12
14
10
14
22
25
16
16
11
12
12
12
17
11
10
10
13
18
15
22
10
13
13
17
14
17
12
16
14
11
15
10
16
10
25
11
15
12
13
21
16
11
13
17
10
18
18
13
18
11
17
13
11
14
14
10
13
24
18
16
12
11
13
20
11
12
16
15
14
19
15
15
14
14
16
12
11
13
11
15
14
12
12
13
14
13
13
17
14
11
15
10
14
15
10
12
15
15
11
17
12
10
15
11
18
14
10
16
12
12
20
13
14
17
12
12
12
11
12
12
14
11
19
20
12
12
15
18
16
18
16
14
14
15
15
10
13
11
17
12
15
15
13
12
12
10
10
13
11
15
15
13
14
11
12
10
15
12
12
16
19
19
13
12
24
14
13
21
13
11
14
11
12
13
15
15
18
12
17
13
12
11
17
10
12
19
12
13
15
13
12
12
13
12
14
15
13
12
12
15
14
22
17
12
17
12
11
12
16
14
11
10
14
15
12
11
15
10
11
14
26
16
16
12
12
11
14
18
14
10
12
15
13
11
11
13
22
11
13
16
12
13
13
13
11
17
16
11
12
19
13
15
11
13
13
13
24
14
15
11
19
22
15
13
14
17
20
16
14
22
11
11
12
13
11
15
16
12
15
11
16
20
