2.05157
2.05699
2.04876
2.0686
2.07197
2.05674
2.04269
2.06382
2.04759
2.05554
2.05755
2.06643
2.04527
2.06835
2.07416
2.04377
2.06566
2.05837
2.03391
2.06817
2.04924
2.04793
2.06932
2.05203
2.05236
2.06045
2.05945
2.07471
2.05577
2.04618
2.07984
2.06254
2.06082
2.07076
2.07349
2.06176
2.06198
2.06363
2.05245
2.04664
2.07002
2.06831
2.06809
2.04577
2.0553
2.05393
2.05104
2.05342
2.06172
2.06074
2.05555
2.06719
2.05395
2.04403
2.04833
2.0671
2.05322
2.06401
2.04497
2.07284
2.06229
2.07504
2.04998
2.06513
2.03944
2.05866
2.06127
2.06767
2.06046
2.07261
2.07756
2.0693
2.05702
2.0491
2.05602
2.05985
2.06612
2.04904
2.04619
2.07813
2.04998
2.05182
2.0538
2.04258
2.07885
2.06211
2.06503
2.05257
2.04294
2.05016
2.08227
2.05202
2.05974
2.05169
2.05212
2.04959
2.06085
2.06739
2.06119
2.05577
2.06075
2.0683
2.07062
2.04366
2.05268
2.05412
2.0463
2.06842
2.06033
2.0415
2.06215
2.05758
2.06485
2.05562
2.06897
2.05418
2.05984
2.08544
2.06719
2.07157
2.05044
2.08724
2.05846
2.05381
2.05637
2.04494
2.05209
2.06599
2.04849
2.04883
2.06298
2.07126
2.06525
2.04157
2.051
2.05116
2.05383
2.06097
2.04412
2.0528
2.06745
2.06083
2.05546
2.06796
2.04097
2.0661
2.06072
2.05604
2.04972
2.05213
2.05937
2.05194
2.06937
2.05284
2.05528
2.0549
2.0755
2.04128
2.06856
2.05594
2.04161
2.07928
2.04379
2.07286
2.05615
2.0575
2.06421
2.06508
2.04833
2.04234
2.06421
2.05081
2.07215
2.04426
2.06947
2.04352
2.07133
2.07667
2.04992
2.06677
2.05159
2.05373
2.05675
2.0447
2.07458
2.05332
2.05259
2.07075
2.06253
2.07139
2.05168
2.04415
2.05359
2.0514
2.06554
2.05275
2.05861
2.04131
2.06737
2.05975
2.06489
2.06541
2.07208
2.07208
2.07484
2.05647
2.05544
2.05713
2.04967
2.05886
2.05017
2.04416
2.04594
2.05841
2.05407
2.05067
2.07087
2.07244
2.07848
2.0653
2.0489
2.0603
2.04064
2.04958
2.05151
2.06376
2.09036
2.05104
2.04882
2.05652
2.07232
2.04954
2.04186
2.04202
2.05746
2.04756
2.04136
2.05227
2.06561
2.0424
2.06008
2.05567
2.05934
2.05288
2.06623
2.04549
2.0652
2.0683
2.06843
2.0689
2.06106
2.03967
2.06017
2.05514
2.06075
2.06722
2.05565
2.05961
2.06581
2.05786
2.06525
2.04553
2.05432
2.04099
2.06747
2.05938
2.04824
2.05168
2.07337
2.05882
2.0646
2.05688
2.05692
2.06605
2.09479
2.06967
2.05303
2.04948
2.06769
2.06237
2.06312
2.06354
2.07495
2.04289
2.04636
2.05307
2.05095
2.05892
2.05818
2.05818
2.0594
2.05535
2.07443
2.05084
2.05243
2.05624
2.0655
2.052
2.05328
2.05475
2.06645
2.06029
2.07735
2.06296
2.05524
2.04269
2.06015
2.06788
2.04962
2.06969
2.07948
2.0682
2.06161
2.05725
2.05115
2.05416
2.05881
2.05608
2.06882
2.05518
2.06105
2.05474
2.04537
2.06565
2.05904
2.06859
2.05607
2.04992
2.06466
2.07091
2.05681
2.06268
2.04784
2.04784
2.05579
2.04999
2.06385
2.05152
2.06954
2.03976
2.06141
2.05791
2.05989
2.06922
2.05584
2.06417
2.05032
2.06507
2.06586
2.06124
2.04113
2.05566
2.06694
2.05632
2.05597
2.05646
2.04692
2.04911
2.04264
2.04991
2.04926
2.04837
2.06517
2.0542
2.06251
2.07356
2.06096
2.05954
2.05383
2.07282
2.07543
2.05406
2.04499
2.04738
2.04963
2.06348
2.0565
2.04973
2.07156
2.05329
2.07274
2.05118
2.04826
2.0773
2.06183
2.05198
2.06901
2.06164
2.05339
2.03915
2.07301
2.06656
2.05693
2.05473
2.06187
2.04379
2.047
2.05039
2.06863
2.06512
2.05463
2.06536
2.06278
2.08141
2.05476
2.06701
2.04702
2.07118
2.0773
2.07276
2.06595
2.04437
2.06198
2.04412
2.06292
2.06412
2.05205
2.05897
2.05842
2.0542
2.04962
2.04822
2.05233
2.05647
2.06464
2.05928
2.05805
2.04247
2.0475
2.06351
2.06351
2.05445
2.06062
2.05313
2.05794
2.03895
2.04631
2.05132
2.06452
2.05876
2.04912
2.05631
2.05468
2.06192
2.05519
2.05662
2.05679
2.04811
2.07322
2.05296
2.05604
2.03729
2.05881
2.06132
2.05687
2.04344
2.05511
2.06364
2.05584
2.05973
2.05147
2.04905
2.05822
2.0403
2.04399
2.06014
2.05805
2.05408
2.05991
2.05554
2.0633
2.05753
2.05987
2.06731
2.06136
2.07402
2.04984
2.06013
2.05469
2.0515
2.06177
2.06209
2.06505
2.05418
2.05551
2.05835
2.06495
2.04727
2.05617
2.04669
2.05691
2.05754
2.06067
2.06196
2.06383
2.06715
2.06193
2.07021
2.06434
2.06645
2.07188
2.06558
2.06248
2.05763
2.04881
2.06381
2.04461
2.05841
2.0611
2.04452
2.05938
2.0583
2.06259
2.05626
2.08681
2.0574
2.07999
2.0529
2.05472
2.06434
2.05841
2.04643
2.0598
2.04736
2.06091
2.06801
2.06431
2.07048
2.06593
2.07435
2.05031
2.06169
2.0651
2.05716
2.06043
2.04379
2.05574
2.04763
2.03984
2.0509
2.05448
2.05823
2.05998
2.05945
2.0538
2.06304
2.0743
2.06773
2.05679
2.07368
2.07065
2.05447
2.09328
2.06693
2.06271
2.05232
2.04813
2.05917
2.05635
2.07546
2.04258
2.0692
2.06331
2.05207
2.06036
2.06369
2.05818
2.06704
2.06487
2.05656
2.09078
2.05498
2.05249
2.06234
2.05268
2.05335
2.04313
2.04969
2.0639
2.06368
2.04645
2.05599
2.06215
2.07712
2.06369
2.06644
2.04812
2.06361
2.0612
2.05807
2.06236
2.05347
2.06787
2.04885
2.09299
2.06346
2.08387
2.06999
2.05374
2.06042
2.04618
2.04612
2.06458
2.05821
2.08598
2.07181
2.06818
2.05202
2.06276
2.05224
2.05468
2.04621
2.04288
2.0487
2.06151
2.0623
2.03673
2.04204
2.06493
2.05579
2.05559
2.06928
2.0538
2.07677
2.06232
2.05484
2.05411
2.05336
2.06029
2.04386
2.05574
2.07437
2.04215
2.06003
2.05418
2.0595
2.06283
2.06297
2.06597
2.06532
2.05447
2.04396
2.05519
2.05841
2.06344
2.05702
2.04715
2.04816
2.03845
2.06173
2.04852
2.04287
2.05202
2.05755
2.04357
2.05823
2.04102
2.05776
2.05447
2.07183
2.05845
2.04213
2.05715
2.06275
2.07224
2.05258
2.05978
2.07855
2.08459
2.05499
2.04928
2.05747
2.05636
2.05405
2.05249
2.07367
2.05598
2.05025
2.044
2.05658
2.05582
2.08809
2.05764
2.06058
2.06316
2.08098
2.04571
2.05884
2.0673
2.04963
2.04363
2.06644
2.05203
2.04319
2.05136
2.05954
2.04976
2.05034
2.06852
2.03438
2.04563
2.06758
2.07514
2.06557
2.03952
2.0687
2.08142
2.04399
2.04874
2.05242
2.06204
2.05938
2.06687
2.05737
2.06367
2.04645
2.062
2.06014
2.05078
2.04223
2.04807
2.07047
2.05113
2.05606
2.08739
2.053
2.06641
2.05096
2.05184
2.04607
2.07032
2.06987
2.04572
2.08307
2.06818
2.06093
2.06989
2.05046
2.05941
2.05454
2.04943
2.07012
2.04313
2.08265
2.06769
2.0499
2.05802
2.06606
2.06335
2.07679
2.06246
2.04357
2.06085
2.06754
2.07094
2.06932
2.07015
2.06741
2.07024
2.05332
2.0531
2.05214
2.05604
2.04916
2.06672
2.05098
2.04199
2.0447
2.05119
2.06111
2.07049
2.05656
2.05846
2.04941
2.05686
2.05345
2.05897
2.05046
2.04486
2.05091
2.06052
2.06113
2.0595
2.0615
2.05587
2.06338
2.05302
2.06436
2.06373
2.04727
2.04833
2.05337
2.06539
2.05576
2.05744
2.04676
2.05437
2.06184
2.06159
2.06831
2.06585
2.04797
2.05865
2.06361
2.05361
2.05309
2.05774
2.06915
2.06876
2.05549
2.05737
2.05162
2.06116
2.06144
2.05524
2.05853
2.05689
2.05481
2.05604
2.04339
2.04824
2.05974
2.06682
2.05502
2.05387
2.05652
2.05144
2.067
2.05497
2.05692
2.0594
2.05133
2.07385
2.07351
2.06804
2.06981
2.06298
2.06272
2.06503
2.05223
2.04953
2.06439
2.05449
2.05305
2.05305
2.06445
2.05752
2.05837
2.03892
2.05626
2.05626
2.07171
2.08599
2.04395
2.04959
2.05373
2.06095
2.0628
2.06026
2.06182
2.08888
2.0694
2.04967
2.05658
2.08357
2.04842
2.06268
2.06426
2.0432
2.05663
2.06374
2.06397
2.06916
2.0503
2.05307
2.05835
2.06348
2.05063
2.06394
2.05475
2.05184
2.04285
2.07108
2.05428
2.05597
2.04219
2.05752
2.05613
2.07493
2.06803
2.07292
2.07366
2.05065
2.05936
2.04782
2.07039
2.04974
2.06926
2.05711
2.05322
2.05637
2.05948
2.06382
2.04905
2.05771
2.05342
2.0575
2.0648
2.05918
2.05323
2.05675
2.0456
2.05866
2.06089
2.05499
2.03936
2.04557
2.05075
2.06688
2.06372
2.04751
2.04273
2.0514
2.06706
2.05558
2.0525
2.06173
2.06463
2.05197
2.06229
2.06903
2.04257
2.06594
2.06453
2.05485
2.05213
2.05985
2.05822
2.06273
2.05602
2.05307
2.05287
2.05477
2.05113
2.05776
2.04442
2.06288
2.0478
2.07658
2.06223
2.05668
2.06796
2.04762
2.04478
2.0693
2.04538
2.08221
2.05174
2.05629
2.04767
2.06836
2.06149
2.06903
2.06552
2.04025
2.04776
2.04636
2.0448
2.05189
2.05332
2.04855
2.0504
2.05768
2.04506
2.06241
2.04643
2.07553
2.04792
2.04266
2.04957
2.07499
2.0498
2.07424
2.05876
2.08921
2.05942
2.07049
2.06217
2.06664
2.08623
2.07114
2.05979
2.07567
2.06421
2.08091
2.06075
2.06746
2.05263
2.04962
2.04642
