3.68306 -2.16281
-2.42297 -0.903416
4.4219 -6.63857
3.39732 -1.17717
3.63744 -0.298592
0.942587 -1.23645
3.85047 0.888354
0.70062 -0.874439
4.25788 -0.329923
7.0994 -2.80038
2.14227 -1.45219
-2.27668 -2.04957
4.68862 -1.09756
5.06879 1.53779
11.6437 -1.01878
7.02654 -0.227058
-1.0757 0.644376
2.25546 1.68895
-1.65942 -0.27841
1.70155 2.21292
-4.99349 -3.29672
0.185208 -1.37511
1.13208 -0.133843
2.00534 -1.34298
2.17649 -1.38532
-2.85032 -2.33305
2.87487 0.844214
3.93118 -0.104537
0.510391 0.15605
1.91141 -1.65876
5.71642 0.314587
0.537056 -0.456934
-1.9838 -1.18612
0.99171 -2.07766
0.485766 -0.614522
6.04496 -4.08895
4.2332 -2.33432
3.92707 0.587831
6.52517 -2.21353
4.55832 -0.494314
-0.983976 -0.676501
3.86854 0.499495
3.22693 -1.15694
2.36558 -0.745829
-2.08618 0.548818
0.129116 -1.18195
2.26906 -2.08734
4.49218 -1.21603
2.70588 1.58599
4.95538 -0.45265
1.82046 -0.624504
2.63082 -1.58529
-2.60515 -0.347492
1.71304 -1.46701
5.90718 2.0422
5.7198 -0.386865
2.71026 -2.44579
3.55894 0.617287
1.60209 0.97556
0.6788 -0.655366
1.49454 -3.84132
3.58239 -1.96481
4.68375 -3.34439
0.132034 -0.761837
3.00066 -3.29625
7.18068 0.260265
0.627803 -0.98535
4.24482 -2.40032
0.0613947 -1.23508
1.76505 -0.30378
9.18029 -1.10287
2.91226 -1.56347
-4.8008 -0.809206
0.590254 0.28835
1.08363 -0.388222
3.42352 -2.70097
1.82945 -0.509775
-3.2128 -0.686836
3.90086 -2.83543
3.52498 -3.49303
2.83203 -2.42892
-0.491227 -0.781915
-1.25436 -1.28037
-0.80399 0.797441
-1.91599 -0.818195
4.06121 -3.22057
-1.38576 -1.82957
3.20614 -0.729865
1.24797 -0.505848
6.14413 -2.7296
1.18081 0.788751
-4.23682 0.216532
0.575176 0.0019891
-5.4941 -1.04402
-0.363284 -0.668106
5.33821 0.229182
2.95382 0.261076
-1.01226 -3.11719
2.26414 -2.80423
-0.64253 -2.07665
2.10955 0.968827
0.907604 -0.213226
4.96935 0.11156
1.64472 -0.347648
3.57871 -2.67725
4.0218 -0.908994
5.79239 -0.511284
3.5257 0.643349
3.09423 -0.421696
-0.0403105 -1.2745
5.6698 -2.43547
-0.891469 -3.49873
4.82619 0.151131
0.855476 -1.87038
6.17175 0.520304
4.80797 0.266144
2.16068 -2.3707
7.05845 -0.98903
-0.508397 -0.254361
2.20908 -1.57616
6.04637 -1.3602
7.7728 -0.425434
4.63419 -0.814873
3.5472 -0.75379
-1.34099 1.57111
2.71226 -0.587853
-0.123894 1.38698
1.02106 -0.264869
-0.233236 0.540995
2.21198 -2.4997
1.13497 -1.36548
3.77347 -1.83974
5.77383 0.761295
1.40363 -1.19668
5.88747 -2.30238
4.0617 -0.98315
2.86836 -1.45876
2.47225 -2.48171
5.59453 0.722849
9.11553 -0.568164
10.6275 0.719069
7.75194 0.101831
1.3263 -0.631949
0.566177 -0.630589
3.88385 -2.05628
5.31978 -0.779233
0.666188 0.118097
0.199318 -2.25465
4.05149 -0.639586
2.24161 0.668885
3.38461 0.469988
6.43471 -2.75691
-1.31628 1.08857
-4.28134 -0.308268
2.89148 -2.44494
3.25523 -0.329714
-1.13294 -0.961987
2.66844 -0.754303
7.62726 -1.50557
0.0746448 -0.676957
4.84466 -0.274924
-5.70466 -1.15673
4.472 -1.8983
2.21179 -0.1577
1.59541 -2.95969
0.533804 -0.849151
0.593674 -5.61522
-1.24004 -2.19899
6.13808 0.350296
2.7438 -1.10954
0.407824 -0.905243
4.9518 -1.83392
7.07881 -1.97441
2.52786 -1.70696
4.52314 -0.393426
-0.807177 -2.8014
3.34486 -1.87774
0.770274 -1.32411
4.6489 -1.78969
3.69573 -3.31911
2.28786 -0.820794
1.21548 -1.12293
4.75397 -0.333037
3.99957 -1.91941
10.1746 -2.69362
6.26893 0.0223772
-2.8267 -0.5191
2.86736 -2.07513
7.26175 -1.34534
3.62876 -2.34673
4.61759 -0.287026
4.50863 -2.37616
0.271414 -1.84109
0.481157 -2.45129
0.888212 0.523003
1.78054 0.42307
1.46845 -1.18851
1.59649 -2.15813
5.56796 -0.821648
2.02084 -2.72706
1.98969 -0.832026
5.20263 -1.47595
2.28753 0.366876
1.87426 -0.496832
3.03941 -0.998237
5.3331 -2.05603
7.66118 0.623353
2.40479 -3.50736
5.7889 -0.437431
-3.15286 -2.45378
2.62344 -0.607922
-3.39906 -3.01983
2.16663 0.379582
3.70011 0.696745
3.51859 -1.30936
0.943635 1.02014
7.46072 1.01591
2.65354 -0.414338
6.28086 -0.905055
5.18042 -2.77511
-0.878996 -1.52541
6.84374 -0.0725229
0.241205 0.633793
0.768882 -0.298001
-1.79044 1.48407
-1.05648 -2.05514
8.47267 -0.75915
4.49395 -1.97313
1.60557 0.216962
3.54187 -1.41701
6.24138 -2.13248
-1.38808 1.02372
5.22924 -2.82327
2.93952 -0.263807
6.28729 -3.52829
6.71761 -2.61787
5.36536 -0.192961
5.22543 -1.56628
-2.2025 -0.48435
8.70827 -0.852271
3.65754 0.0868348
3.69064 -1.33044
5.34445 -0.627558
5.94433 -1.61863
-1.25649 0.969408
0.268513 -1.72712
6.56427 0.633427
2.89759 0.0834935
4.41448 0.411843
6.19334 -2.00535
3.62391 -0.410867
1.79176 -1.55848
5.07149 0.882245
-0.613746 -1.48491
4.58166 -0.772907
4.82144 -0.667099
-0.196564 -1.68263
4.89148 -0.217661
-0.0551004 0.638536
2.11581 -1.37811
-2.91826 -3.67829
6.50155 0.244323
4.0721 -2.53027
3.87865 1.39633
1.26138 -2.12792
2.01572 -1.37369
5.76603 -0.289323
5.79758 -0.825734
5.1005 0.0343743
6.6039 -0.140739
-3.30433 -0.48878
-2.74069 -1.15391
4.24379 -2.07831
6.51555 -1.59772
4.77166 0.206976
8.60365 1.60697
-5.17954 -1.47302
5.49807 -2.49007
0.145092 -4.79177
1.38428 -0.56288
3.41785 -1.37321
-1.46315 0.441795
4.23943 0.404135
9.54095 -2.9293
3.65187 0.671661
1.6707 0.922423
5.03863 0.528014
3.18088 -2.96942
6.82642 -2.2573
3.5748 -1.0464
-4.32873 -1.92994
3.1368 -3.23048
1.57464 -2.48551
-2.00882 -0.449035
6.84114 -2.1857
1.1859 -1.67893
0.346498 -1.19344
1.77039 -1.3874
4.74345 0.42827
4.0344 -0.524863
5.13365 -2.41684
-2.25845 0.443152
3.92261 -0.513551
0.0294171 -2.80357
5.20935 -2.3269
3.03596 0.870108
-1.06637 -0.85188
9.62184 -1.80573
-1.35708 0.263441
4.25281 -1.96567
-0.912169 0.267001
1.09089 -1.04109
-0.66043 -2.99848
0.431956 0.48312
4.30413 -0.265821
-0.501682 -0.339462
0.827772 0.406855
2.84308 -1.83392
-0.848479 -1.23654
8.50685 -2.26498
5.07429 -2.1195
4.51394 -6.20123
1.24914 -1.86388
4.25678 0.4009
-0.603178 -1.25026
2.3522 -1.95444
0.991873 -3.15488
3.12995 -0.315467
6.1107 -2.03224
5.54064 0.020279
4.70119 -1.76034
-1.19172 -2.40877
5.15045 -0.0908297
2.26518 -0.786184
-1.8906 -3.34687
5.77549 -1.99292
2.90858 0.354388
5.52451 -0.885131
4.58214 -3.771
6.92551 -0.0816031
1.74759 1.52397
4.27156 -2.90123
5.75527 -0.984314
3.72695 -0.718437
0.554436 -0.318444
6.09597 1.39248
2.89095 -1.76308
-0.162771 -1.28458
1.90736 2.39422
-0.322384 -1.51061
1.4836 -1.5794
4.21469 -2.20643
1.38824 -3.69432
-0.0250335 2.42404
3.45963 -2.53532
-4.28214 -2.40185
4.83327 -1.12177
0.730158 -0.591545
4.14375 -0.160692
0.180286 -0.027688
-0.080969 -2.51654
4.16836 -3.51813
0.765949 -1.24272
-1.52801 -2.31933
4.89214 -1.40516
4.55014 0.614976
2.24809 -1.64324
2.98084 0.100528
4.53008 -3.26589
-1.14848 0.758294
2.16182 -3.30983
3.69764 0.172686
-4.29287 -1.72655
-1.35054 -0.500069
2.53866 -1.29983
4.39263 -3.31077
6.48206 -1.29468
0.835533 -2.59481
5.10227 1.30662
2.09028 -0.576603
2.064 0.512437
2.0145 -0.833831
0.364065 -0.897079
5.10517 -1.71169
6.06705 1.50459
-1.78187 -2.51342
3.0882 2.77097
-0.317213 -0.406936
1.15534 -1.44705
1.66126 1.62066
1.2849 -3.36763
3.56649 -2.37586
6.39759 -0.362316
2.84497 -2.69427
-2.11318 -2.05961
0.592169 -0.153158
2.97511 -1.17598
4.08367 -0.912306
6.5458 0.810723
8.67061 -5.25547
1.06978 -2.54142
4.76137 0.446108
5.38615 0.176319
-0.228869 -1.34943
2.67493 0.024815
0.482313 -0.434782
3.57806 -2.3999
2.10837 0.107714
8.1731 -0.975092
7.95854 2.97947
4.29152 -1.51017
-0.993041 -2.06573
5.57051 0.262722
-8.95918 -0.397537
-0.611106 -1.0429
2.80017 -1.2287
5.19484 -2.34611
0.752322 -0.640623
1.84684 -1.75988
-1.14107 0.578778
0.615681 1.63784
2.60476 -1.88315
2.60802 0.702148
0.33939 -1.96579
2.58987 1.31497
4.38512 -0.0566933
4.96875 1.68789
-1.7153 -0.535199
4.06995 -0.182347
2.86461 -1.2414
3.47997 0.29894
2.73747 -0.754644
1.23167 -1.87115
3.73573 -1.5004
4.94602 -1.46612
5.70951 -1.29381
2.08174 -0.169138
2.85666 0.00651425
1.87905 -2.4007
1.53005 -1.06759
3.1754 -2.13978
0.0723883 -2.21947
2.6469 0.789554
-7.1663 -1.76894
1.36543 -3.75234
4.06312 -0.909211
-0.595584 -0.661111
10.2394 -1.42675
4.77838 -2.02161
4.189 -1.75923
3.35573 0.336641
1.36852 0.18952
1.75208 -2.09565
2.29586 -0.211422
-1.13581 -3.87622
2.77914 -0.881593
6.02313 0.416355
1.02284 -1.81988
3.06572 -3.15815
5.37266 -1.22252
8.96481 1.97513
-1.42752 -3.2811
-4.51553 -1.10874
-0.783952 -0.632361
6.24773 -1.63886
0.548545 0.0827739
3.94999 -2.61121
0.550517 -2.04839
2.72051 -1.99927
2.40777 -1.1862
1.9747 -0.892952
1.31187 -0.996482
1.57757 -2.19144
0.514338 0.638325
2.52832 1.47857
5.89871 -1.22605
5.4274 -0.117483
7.96813 -2.41983
9.13353 -0.685237
1.17319 0.999316
-3.12064 -2.82312
0.898831 -2.63032
4.02929 -3.77131
4.40948 -2.7169
5.61372 -1.09753
4.60687 -2.02467
3.40288 0.569321
2.69125 2.51971
6.52284 -0.0075488
3.44402 -2.16769
5.40842 -1.57221
2.82474 1.78964
-1.11817 -2.71621
5.45131 1.03466
4.98299 0.24724
3.58339 -1.06682
2.01032 -0.437542
1.34138 -1.1529
2.40635 -4.29151
-0.556903 -3.02478
-2.03324 -2.5379
4.45544 0.503771
1.31719 -0.68094
4.16669 -3.15267
1.16453 0.173232
3.49984 -0.17519
1.79414 -1.29899
3.9965 -1.98969
-1.63866 -4.82291
2.15268 -1.68619
2.65652 1.22299
2.83824 1.6018
-1.69781 -0.1803
-2.52462 1.2632
2.69441 -1.07398
1.69034 -1.25684
8.57917 -1.62196
-0.982153 0.428969
-0.412839 -3.02748
7.15558 0.197766
0.0402516 -1.77161
2.49581 -0.448395
4.57156 -0.473039
0.0459837 -0.0017389
3.20176 -1.50055
8.48333 0.0714488
5.66886 -1.21689
4.11162 -0.249826
4.22078 -1.33694
1.62797 1.52316
6.30831 -1.68863
4.24337 -2.11018
2.64523 -0.0964301
3.90672 -1.68208
1.05565 0.155374
0.433138 -1.20116
6.23118 -1.51233
3.40798 1.0965
2.30963 -2.41728
4.43453 -0.859508
3.13518 -0.775178
3.62389 -0.669445
2.492 -0.0990112
-4.20128 -2.65112
5.252 1.2806
4.85454 -0.557906
3.81308 0.110839
5.54366 0.32271
1.94577 -0.805869
5.06436 -1.45154
4.55204 -0.927939
2.4579 -0.315279
0.509316 -1.49927
5.62246 -1.48672
-1.69392 1.93819
-0.486358 1.22441
2.77808 -0.752045
4.19026 -1.5709
1.63885 0.809118
1.10058 -0.697223
0.911222 -1.86534
3.93821 -0.493099
1.98877 -0.080746
5.30242 1.26342
3.18141 -1.42905
2.67673 -1.47503
8.21448 -2.60391
12.1667 -2.06276
3.77659 -2.02945
7.06011 0.402105
5.57706 1.82379
-0.512617 -2.10227
0.324521 1.16665
-0.55977 -2.13775
-1.63338 -2.3496
0.479987 0.376253
3.46842 0.0165397
2.4262 -1.57703
3.243 -2.13536
3.98551 -1.96454
-0.224528 -0.511148
-0.0776955 0.723873
6.05014 0.11746
3.71922 -0.722414
0.346233 0.571399
-0.758683 5.67223
1.33206 -3.42289
3.0704 -1.72334
4.42005 0.0995799
4.90038 -0.108421
3.39785 -3.45066
0.498005 -0.810382
7.11701 0.246177
8.88169 -2.9562
3.76565 0.403638
5.54949 0.508762
1.12698 -1.54681
4.66491 1.98372
-1.03459 -0.33859
5.80236 1.35423
0.196558 -0.561704
1.31576 -3.52828
-0.772028 -1.5274
1.44688 -0.197321
-2.73993 -1.52243
3.72372 -1.27723
4.16178 -1.88715
3.05951 -0.388533
0.0145619 0.953697
9.83873 -2.48717
1.72787 -2.78274
7.10659 -0.400144
3.1138 -1.71366
4.38125 -1.11631
1.31957 -0.416356
4.00274 -2.07839
4.99504 -2.02975
0.0730766 -1.71649
6.65785 -0.919829
9.95131 0.13403
2.67364 -0.897987
2.43583 -1.91254
3.69272 -1.75481
-0.1182 0.00640355
2.59467 1.14091
4.69869 -0.347356
2.4314 -0.331549
2.40538 -1.61363
8.85427 -0.915817
0.468164 -0.743845
0.390614 -0.509963
3.59214 -0.218785
3.60108 -1.36284
2.60514 -1.68142
5.3052 -2.59375
3.43165 -1.46059
2.32966 -0.436539
-1.34444 -1.4168
3.82845 -1.21518
4.63986 2.05369
1.24118 -0.780886
-2.10335 -1.95641
8.04837 -0.971445
2.24471 -0.193306
-0.949687 1.07351
3.21205 -1.90829
2.64061 -0.164756
9.8189 -3.49462
5.19126 -1.90551
7.72328 -0.842545
2.16153 -2.22981
5.01348 0.519462
8.69542 0.870712
6.09225 -0.841767
-0.227836 1.40098
7.50216 -0.280325
5.2573 -0.863751
4.1371 -0.121955
5.32521 -0.196744
5.10551 -1.74143
-3.67327 2.00288
-0.446073 -1.65861
2.31263 -0.457723
-1.81256 -0.417819
1.14436 -2.40804
-0.459075 -0.306597
2.01696 -0.893465
0.210537 -3.35493
1.75773 -2.51205
4.33007 -0.688582
-0.405643 -0.589393
1.37222 -2.0352
-3.03269 -1.71706
0.815455 -0.694144
5.7137 -0.572276
5.28697 2.47144
2.44929 -0.464567
4.44845 -0.879492
-0.691353 0.651253
-0.804352 -0.948995
3.01643 -1.46392
0.249126 -1.65018
2.72079 0.0426405
-2.91109 -0.278954
2.39161 1.75759
4.29488 -2.14221
-1.14408 -2.83109
4.42788 -3.01042
4.38913 -1.17188
4.49497 -1.53397
6.0276 -0.719039
5.17773 -0.252707
2.50216 0.683048
3.6114 0.00431285
-1.56788 -0.956312
3.87519 -0.897644
0.221844 -0.130706
1.66124 -1.99608
6.25051 -1.44886
0.642407 -1.67779
1.95734 -0.606149
2.74676 0.201803
1.57983 -0.0554994
3.86688 2.02853
0.38903 -0.848348
11.7416 -0.0287973
2.6376 -1.00683
2.51549 0.475224
3.678 -3.28231
3.44279 0.3931
3.53493 -1.83146
4.71098 -1.15518
5.22606 -2.28526
1.74419 0.613574
4.68737 -0.564606
3.89178 -0.0180008
2.99737 -1.1615
-5.03036 -1.36204
5.92937 -1.6823
1.03681 0.501195
2.69555 0.693892
6.12486 -1.95872
0.0136805 -1.49374
5.25172 -0.609714
1.60523 0.253423
0.0280793 -0.652809
2.11392 -2.4259
1.32829 -1.76206
1.91237 -2.81414
4.00349 -1.72117
7.95393 -3.25643
-1.57268 -2.2834
7.53887 -0.328269
3.44015 -0.832965
-0.607172 -3.68801
1.09853 -0.312133
0.937434 -1.22766
-2.17177 1.69466
2.12123 -4.04976
-2.71265 -1.21059
3.7574 -1.58911
4.84403 -0.461564
3.61617 1.44246
5.54925 -1.34196
-0.270037 -2.08345
-2.88897 -1.03466
3.79182 -4.40679
8.87533 -0.0453115
0.0647685 -3.75239
-1.42679 -1.74741
-1.63192 -2.68054
2.60252 -0.332743
4.05642 -2.35826
2.42416 0.350252
3.23645 -0.720413
5.4106 -2.24842
8.40105 -0.27292
1.86292 -0.176806
2.87948 -0.028189
5.11097 -1.12732
5.91123 -1.69021
-0.361163 -0.750552
3.51266 -1.5545
5.05935 -1.11001
1.27622 -2.21282
0.653786 0.678484
3.76012 -0.954325
5.11519 -1.05335
8.70959 1.11876
1.87756 -2.24127
2.46151 -2.63585
-0.938688 0.189129
3.11143 -2.3616
2.62223 -0.281301
4.13669 1.59874
0.200816 -2.23683
-1.90421 0.396052
3.88403 -2.08973
2.06418 0.0805919
6.31801 -1.11499
-0.396374 -0.453137
3.50506 -0.0416874
1.07791 -1.70762
7.487 0.91628
6.89355 -2.72467
4.57461 -0.195532
4.27677 -0.520458
1.75368 -1.41988
-0.26084 0.625305
3.56464 -1.29146
7.09993 1.19295
8.50685 -1.55358
2.89905 -0.778183
-2.47247 -2.09445
-1.91826 -1.91204
2.47097 -1.36758
1.0839 -0.471544
0.613843 -2.56355
1.13027 1.47453
8.51577 -0.362974
7.4074 -0.632181
5.52803 -0.548132
8.78382 -1.46726
0.45165 -0.847905
3.02963 -0.924874
-0.729144 -0.366515
3.28771 0.000314557
-0.0970481 -2.48428
3.43081 -0.842372
2.95833 -1.85617
3.89221 0.399932
4.37773 -1.50295
3.8585 0.909757
4.57489 -2.23244
2.81506 -1.98771
0.936407 -2.25991
1.84487 -0.850984
3.11006 -0.056448
4.65278 0.787064
0.828434 -0.607328
-0.73019 -0.963134
3.90732 0.602807
-3.57488 0.490864
1.8894 -0.196301
1.86669 0.890779
-1.22421 0.194405
2.62061 -0.202882
3.28732 -1.04776
5.06859 -0.608613
5.06439 0.751966
3.71863 -0.955768
3.01468 0.559557
-0.17515 -0.118818
-1.11572 -3.6652
0.412343 -0.54349
2.858 0.254964
4.03821 -0.63535
1.23244 0.610541
1.46751 -0.499144
3.09947 0.144838
-1.05568 -2.1157
5.11542 1.62149
4.23613 -2.82872
4.53355 0.758499
1.22693 -3.39706
6.04462 -0.450212
2.26139 -0.941947
-2.31259 -0.62403
2.67505 -0.887782
2.65402 -1.941
2.42603 -3.57776
1.12824 0.261608
2.82414 1.18829
1.99269 -0.468573
6.28542 -0.680314
2.73456 -0.893011
0.0468605 -1.7617
-0.493882 -0.17578
2.04299 -2.28504
0.67844 -1.60661
0.708358 1.70382
-0.0497201 -3.7397
2.97186 -0.352515
-0.0162667 -1.90759
7.70537 0.195591
5.14083 -1.73889
9.43788 -4.16564
5.25078 -1.7173
3.51573 -0.660869
0.823078 -1.74312
3.51192 -1.23964
4.6858 -1.55553
3.05564 -3.27087
1.30513 -1.51116
-1.11319 -2.03997
-0.877573 -2.52072
5.37521 0.824702
5.36118 -2.39922
6.51877 -1.18888
6.06877 -3.45338
0.208691 -0.0551792
9.04519 -1.51335
1.5807 -0.990034
3.45554 -1.96711
0.660813 -2.11962
-0.160336 0.333823
1.47143 -3.10084
-0.0964074 1.2208
5.04699 -2.41463
3.36301 1.21439
7.40043 -0.757767
4.48813 -1.21913
5.74939 -0.832941
3.96293 -1.87812
-2.08288 -0.0358448
6.23383 -1.3543
2.41107 -0.597324
3.61171 -1.45661
5.25945 -5.16196
3.24492 -2.41836
2.26698 -3.25528
4.43031 -1.78187
1.61265 -3.91845
5.45579 -2.72199
-0.991642 -0.69338
2.96379 -1.3332
0.132915 -2.43682
0.595715 2.62619
3.44528 -0.156627
2.36244 1.03038
0.772991 -0.377162
3.48469 0.0949078
3.06763 1.37191
3.92845 -0.137543
7.76947 0.987212
5.0884 1.78806
4.89666 0.907601
0.866 1.04465
5.19497 -2.69719
-3.31751 -1.07423
2.7485 -0.445207
-0.711297 -3.37138
0.285651 1.28208
4.93403 0.260325
2.62822 -2.18307
3.50608 -1.16719
9.79139 0.166301
-3.32951 -1.39451
2.76973 -1.57966
3.74125 -2.47772
4.22514 -1.66522
-2.38686 -1.17375
5.37861 1.11684
0.38361 -3.02878
2.52382 -1.21646
0.683082 -0.245297
6.48741 2.13968
3.49809 -2.56914
6.66549 -0.837468
3.27081 -2.1051
1.56038 -1.67908
3.68184 -1.23173
2.1688 -1.26932
-2.346 -0.581151
0.597291 1.06698
1.77428 -2.54822
4.1623 -0.774577
-1.78475 2.81144
3.78458 -1.01862
0.993104 -1.41095
-0.663911 -0.286123
-0.61996 -0.0573613
3.90017 -0.535539
10.3388 0.456069
6.76633 -2.53432
1.27778 -0.0510834
-2.57039 -1.13533
-1.44768 -1.98414
3.13719 0.450557
2.79909 -3.28224
3.42881 -1.68634
3.84107 -1.0166
-2.09364 -2.87182
2.03481 -1.75788
5.35883 -2.06172
5.75047 -3.01602
4.1515 -1.92752
10.794 0.791385
1.88028 0.2829
3.61721 -0.770339
2.70797 -0.663327
2.10634 -1.80684
1.43914 -1.72204
1.30871 -0.587362
6.87566 -1.34314
2.96778 -0.701348
-2.0953 -1.42358
-1.72208 -0.945887
3.63257 -1.79124
5.10389 -1.09803
4.50279 -0.158233
2.40973 0.113015
4.84139 -1.07255
2.91973 2.18949
1.97786 -1.22334
4.50429 -1.09047
0.333007 0.305766
3.89847 -1.38075
1.10282 -2.76632
3.96022 -1.27548
9.21696 -1.12382
8.92649 -3.28439
7.0997 -2.18415
8.01352 0.289119
2.29522 1.35925
-1.22398 -1.59719
1.81157 -0.279976
2.82634 -2.27073
4.66045 0.0917475
0.927663 -1.0449
