2023
4
2
2
mcs_NumHeteroAtoms
mcs_RingCount
log_mcs_unbonded_polar_sasa
logit_ec_tanimoto_similarity
0
18 7
0 4 1 4.897712 -1.203973
0 4 1 4.897712 -2.020018
0 1 0 2.676195 -1.72551
0 4 1 4.897712 -1.126011
0 4 1 4.897712 -1.027153
0 5 1 4.963513 -1.359626
0 4 0 4.943575 -1.609438
0 4 1 4.891718 -1.435085
0 0 1 -10.60499 -2.405442
0 5 0 5.147559 -1.731135
0 4 1 4.83332 -1.94591
0 4 1 4.83332 -0.9409833
0 4 1 4.886085 -1.321756
0 4 1 4.886085 -1.163151
0 4 1 4.886085 -1.609438
0 5 1 5.134529 -1.02036
0 4 0 4.920114 -2.197225
0 4 1 4.897507 -1.710081
0 4 1 4.897507 -1.49752
0 5 1 4.897507 -1.259543
0 1 1 2.054577 -1.848918
0 4 1 4.924814 -0.7672552
0 1 1 2.809389 -1.537979
0 4 1 4.773163 -1.661398
0 8 1 5.380701 -1.386294
0 8 1 5.380701 -1.357024
0 3 1 3.359452 -1.014055
0 4 0 4.501823 -1.858899
0 4 1 4.859603 -1.693319
0 4 0 4.859603 -1.704748
0 4 0 4.859603 -1.413693
0 5 0 5.047166 -2.03017
0 6 3 5.168711 0.3732042
0 6 1 5.213301 -0.654926
0 4 1 4.90619 -0.7444405
0 6 1 5.213301 -0.6701577
0 4 0 4.8929 -1.410987
0 4 1 4.8929 -0.8472979
0 4 1 4.8929 -0.9162907
0 4 1 4.8929 -1.386294
0 7 2 5.181023 -0.2318016
0 5 1 4.955936 -1.329136
0 4 1 4.923531 -1.196251
0 6 0 5.281284 -1.575536
0 4 1 4.911222 -0.5831463
0 4 1 4.889572 -0.597837
0 6 1 5.184585 -1.098612
0 6 1 5.184585 -0.5260931
0 4 1 4.937969 -1.537335
0 6 1 5.129295 -1.203973
0 0 1 -10.60499 -2.197225
0 4 1 4.8973 -1.417066
0 4 1 4.91102 -1.178655
0 4 0 4.91102 -1.826851
0 5 0 4.903551 -1.65026
0 5 0 3.910737 -1.462834
0 4 0 4.865599 -2.24071
0 6 1 5.184062 -0.7431576
0 8 1 5.184062 -0.6302334
0 4 1 4.92595 -1.015231
0 6 1 5.178792 -0.4295627
0 5 1 4.945623 -0.7091475
0 1 0 2.545198 -1.258461
0 4 1 4.939224 -1.332227
0 4 1 4.939224 -0.922333
0 4 1 4.939224 -1.085189
0 5 1 5.026558 -0.4924765
0 4 1 4.939224 -0.9963334
0 4 1 4.939224 -1.01857
0 5 1 4.991819 -1.65026
0 2 0 3.681887 -1.035243
0 2 1 3.794483 -0.6216882
0 4 0 4.925105 -2.00148
0 1 0 2.41764 -1.175573
0 4 1 4.940972 -0.8075575
0 1 0 3.542565 -1.828127
0 4 0 4.922808 -2.406945
0 4 1 4.795954 -1.455287
0 5 0 4.85297 -1.617737
0 5 1 5.023608 -1.65026
0 5 1 5.023608 -1.449095
0 4 1 4.919867 -1.488077
0 3 0 4.097639 -2.320604
0 6 1 5.193759 -0.6372667
0 4 1 4.919867 -1.386294
0 4 1 4.778496 -1.239691
0 4 1 4.778496 -1.522427
0 4 1 4.935931 -1.017643
0 4 1 4.916375 -1.187166
0 7 1 5.396438 -0.8754687
0 4 1 4.959155 -1.386294
0 4 1 4.959155 -0.8850382
0 2 1 3.344477 -1.736951
0 5 1 5.028442 -0.5798185
0 4 1 4.963744 -1.241713
0 4 1 4.963744 -0.8785504
0 0 1 -10.60499 -2.167549
0 4 1 4.630606 -1.679642
0 4 1 4.9449 -0.8649974
0 4 1 4.920439 -1.435085
0 5 1 5.159951 -0.6623755
0 2 0 3.904227 -1.165304
0 1 1 1.896508 -1.242506
0 4 1 4.929501 -1.084626
0 4 1 4.929501 -0.5653138
0 4 1 4.929501 -0.8994836
0 4 1 4.929501 -0.169899
0 1 1 2.815525 -1.314321
0 5 1 5.043505 0.6061358
0 4 1 4.897171 -1.770706
0 4 1 4.897171 -1.027516
0 4 1 4.897171 -1.761907
0 6 0 5.193747 -1.592631
0 1 1 -10.60499 -1.976063
0 4 2 4.92042 0.504556
0 4 1 4.92042 -0.7457909
0 4 1 4.92042 -1.25804
0 1 0 3.109258 -1.769287
0 0 0 -10.60499 -1.435085
0 5 1 5.123388 -0.7827593
0 5 1 5.123388 -0.972732
0 6 1 5.219375 -0.4054651
0 6 1 5.219375 0.3448405
0 4 1 4.928919 -1.116004
0 2 0 3.841358 -1.051545
0 2 0 3.535463 -0.8329091
0 6 1 5.167293 -0.4700036
0 4 1 4.916511 -0.9932518
0 4 1 4.916511 -1.166435
0 4 1 4.916511 -0.9963334
0 4 1 4.916511 -0.93282
0 0 1 -10.60499 -2.384823
0 0 1 -10.60499 -2.397895
0 3 0 4.363998 -1.90024
0 0 1 -10.60499 -0.6787584
0 6 1 5.174365 -0.6701577
0 3 0 4.482806 -1.791759
0 4 1 4.918791 -0.9044563
0 4 1 4.919005 -0.6649763
0 4 1 4.919005 -0.9555114
0 4 1 4.919005 -0.7884574
0 4 1 4.919005 -0.7339692
0 4 1 4.917864 -1.04335
0 4 1 4.907889 -1.449473
0 0 1 -10.60499 -1.446919
0 3 1 4.775879 -0.3136576
0 0 1 -10.60499 -1.909543
0 0 1 -10.60499 -3.258097
0 4 0 4.918002 -1.712979
0 8 1 5.665577 -0.8754687
0 4 0 4.918002 -1.410987
0 4 1 4.917329 -1.268511
0 4 1 4.917329 -1.258461
0 4 1 4.917329 -2.060023
0 4 1 4.932924 -1.386294
0 4 1 4.932924 -0.5819215
0 1 0 2.398708 -1.063521
0 4 1 4.932924 -0.7731899
0 6 1 5.184123 -0.3254224
0 4 1 4.931198 -1.236763
0 4 1 4.931198 -1.000632
0 2 1 3.685663 -1.165304
0 4 1 4.931198 -0.891998
0 4 1 4.931198 -1.05779
0 4 1 4.933062 -1.174985
0 4 1 4.912903 -0.7069405
0 4 1 4.912903 -1.742969
0 4 1 4.912903 -0.4877032
0 4 1 4.912903 -0.7389567
0 8 2 5.431958 -0.6250937
0 5 1 5.076325 -1.181994
0 5 1 5.076325 -1.627456
0 4 1 4.872014 -1.596859
0 4 1 4.872014 -1.558145
0 4 1 4.872014 -1.528469
0 4 0 4.872014 -1.693319
0 6 1 5.191831 -0.1571856
0 4 1 4.941619 -1.410987
0 2 0 3.663847 -0.6539265
0 4 1 4.941619 -1.029619
0 4 0 4.921998 -2.163323
0 6 1 5.126014 -0.942608
0 4 1 4.944227 -1.084626
0 4 1 4.944227 -1.029619
0 4 1 4.944227 -1.196251
0 4 1 4.922399 -1.278874
0 5 1 5.038173 -1.252763
0 4 1 4.922399 -1.000632
0 4 1 4.922399 -1.098612
0 5 1 5.038173 -1.008664
0 4 1 4.922399 -1.435085
0 3 1 4.484317 -1.921813
0 4 1 4.924008 -1.528469
0 4 1 4.924008 -1.213923
0 5 2 4.930947 -0.9886114
0 1 1 -0.04312036 -1.345472
0 5 1 5.021287 -1.000632
0 4 1 4.94599 -0.7701082
0 2 0 3.857764 -2.1454
0 1 0 2.397564 -1.53533
0 4 0 4.94599 -1.916923
0 6 1 5.236279 -0.2282587
0 3 1 4.487681 -1.876317
0 5 1 5.021287 -0.4321334
0 5 1 5.021287 -0.8001193
0 4 1 4.94599 -0.6286087
0 4 1 4.974915 -1.264597
0 4 1 4.974915 -1.005522
0 4 1 4.974915 -0.9555114
0 5 1 5.030317 -1.108975
0 6 1 5.167314 -0.6151856
0 3 0 4.711739 -1.263692
0 1 0 2.590598 -2.944439
0 4 1 4.839801 -1.484275
0 4 1 4.839801 -1.609438
0 2 0 3.697638 -1.865867
0 3 0 4.478517 -1.875843
0 4 1 4.930033 -0.9490806
0 4 1 4.939065 -1.375365
0 4 1 4.929462 -1.356441
0 4 1 4.929462 -1.882731
0 2 1 3.648199 -1.312186
0 5 0 4.957822 -1.339774
0 5 0 4.957822 -1.526056
0 4 1 4.912931 -1.332227
0 4 1 4.912931 -1.413693
0 8 1 5.193066 1.001449
0 4 1 4.92348 -1.429467
0 6 1 5.18373 -0.3968814
0 4 0 4.92348 -2.054124
0 4 1 4.915923 -1.771957
0 4 1 4.853705 -1.551809
0 4 0 4.853705 -1.417066
0 5 1 4.853705 -0.8297227
0 6 2 5.050825 -1.029619
0 5 1 4.705197 -1.331235
0 4 1 4.94138 -1.900959
0 4 1 4.936356 -1.324419
0 4 1 4.914104 -1.08619
0 4 1 4.914104 -1.098612
0 4 0 4.850473 -1.195239
0 4 0 4.850473 -1.475907
0 4 1 4.850473 -1.485385
0 4 1 4.961743 -1.05779
0 4 1 4.927511 -0.9753796
0 4 1 4.927511 -1.609438
0 6 1 5.190003 -0.8564722
0 2 1 3.724092 -1.766442
0 4 1 4.927511 -0.9490806
0 4 1 4.931097 -1.145132
0 5 0 4.945465 -1.609438
0 6 1 5.185738 -0.6343067
0 4 0 4.931028 -2.091864
0 1 0 3.85846 -1.876917
0 4 0 4.957313 -1.366876
0 1 0 2.754657 -1.669157
0 4 0 4.868078 -1.819158
0 5 1 4.868078 -1.337504
0 4 1 4.868078 -2.227078
0 4 1 4.929526 -1.223775
0 5 0 5.024659 -0.8724881
0 6 1 5.226776 -1.133098
0 4 1 4.929526 -0.3646431
0 6 1 5.226776 -0.3254224
0 4 1 4.929526 -0.6763401
0 6 1 5.226776 0.2623643
0 6 1 5.226776 -0.1650798
0 4 1 4.929526 -0.2559334
0 4 1 4.930709 -0.8690378
0 4 1 4.930709 -0.6757554
0 4 1 4.930709 -1.112406
0 5 0 5.287622 -1.479076
0 4 1 4.930709 -0.04082199
0 4 1 4.944347 -1.475907
0 5 1 5.033082 -0.9409833
0 0 1 -10.60499 -1.848918
0 4 1 4.951903 -1.348554
0 4 1 4.951903 -0.9946226
0 4 1 4.951903 -1.274503
0 4 1 4.93097 -0.7849547
0 4 1 4.93097 -0.9614112
0 5 1 5.015836 0.9162907
0 4 1 4.925752 -0.9963334
0 2 1 3.817699 -1.819158
0 4 0 4.843742 -1.916923
0 6 1 5.074015 -1.490654
0 4 1 4.925071 -0.8909729
0 5 1 5.026839 -0.9932518
0 5 0 5.026839 -1.469676
0 4 1 4.924743 -1.58045
0 4 1 4.924743 -0.7731899
0 5 0 4.870084 -1.619909
0 4 0 4.840176 -1.324419
0 5 1 5.00419 -0.8780695
0 0 1 -10.60499 -2.005334
0 0 1 -10.60499 -1.974081
0 4 1 4.922218 -0.9968296
0 4 0 4.846097 -1.348554
0 4 1 4.884596 -0.5108256
0 4 1 4.884596 -1.740466
0 4 0 4.833017 -1.88707
0 5 1 4.773617 -1.551809
0 6 1 5.233931 -0.2769868
0 1 0 0.8608399 -1.119232
0 1 0 0.8608399 -1.011601
0 4 1 4.928069 -0.7777046
0 2 0 4.339603 -1.642228
0 2 2 4.351917 -0.3087355
0 4 2 4.588072 -0.9062404
0 3 3 4.525788 -0.6455191
0 2 2 4.351917 -0.438913
0 2 2 4.351917 -0.3276874
0 2 0 4.261112 -1.871802
0 2 1 4.261112 -1.353505
0 2 0 4.261112 -1.911719
0 2 1 4.313717 -1.445135
0 4 3 4.997719 0.1053605
0 3 2 4.516244 -0.5538851
0 4 3 5.008941 1.252763
0 3 1 4.426623 -1.265666
0 2 0 3.664295 -0.9162907
0 2 0 3.768055 -1.474
0 5 2 4.415403 1.62186
0 2 0 3.661953 -1.688081
0 3 2 4.56654 -0.03571808
0 4 3 4.823284 0.814508
0 2 0 3.613115 -0.70351
0 4 2 4.740749 0.06559728
0 4 2 4.740749 0.03077166
0 4 2 4.740749 0.09531018
0 2 0 3.790265 -0.8774509
0 4 2 4.740749 0.3528214
0 3 0 4.599155 -0.8539204
0 3 1 4.599155 -0.9614112
0 3 2 4.595204 -0.4813032
0 2 0 3.731188 -1.456362
0 2 0 3.418963 -0.8979416
0 3 1 4.330341 -0.4595323
0 4 2 4.615201 -0.1144104
0 3 2 4.552642 -0.03774033
0 2 2 4.355194 -0.07696104
0 3 3 4.552642 0.7731899
0 4 2 4.58586 0.8754687
0 3 2 4.58586 -0.7044467
0 4 3 4.709083 -0.7997569
0 4 3 4.994152 1.216395
0 4 3 4.709083 -0.1643031
0 2 2 4.349021 -0.8938179
0 3 3 4.483399 0.282567
0 2 2 4.349021 -0.84372
0 2 2 4.347044 -0.2353141
0 2 2 4.347044 -0.3646431
0 2 2 4.347044 -0.4122448
0 2 2 4.347044 -0.3074847
0 4 3 4.682985 0.6783321
0 2 2 4.347044 -0.8582269
0 2 2 4.347044 -0.4673405
0 6 3 4.377147 -0.4364273
0 2 1 4.249443 -1.330055
0 4 3 4.99295 0
0 6 3 4.795404 0.2436221
0 3 1 4.542608 -0.6496621
0 3 2 4.587653 -0.5183445
0 1 0 3.001506 -1.117481
0 2 0 3.772814 -1.117481
0 2 1 4.35268 -1.586965
0 2 2 4.35268 -1.05121
0 2 0 3.772814 -1.079381
0 3 0 4.615842 -1.421386
0 1 0 0.1651368 -0.8472979
0 1 0 0.1651368 -0.7770287
0 2 2 4.339987 -0.2267733
0 2 1 4.321676 -1.138221
0 3 2 4.321676 -0.2151114
0 4 3 4.986948 0
0 2 1 4.313184 -1.17412
0 4 2 4.443336 -0.515164
0 3 2 4.559739 0.2822325
0 2 2 4.342142 -0.3848458
0 2 2 4.334802 -1.107829
0 3 3 4.54428 -0.4776276
0 3 3 4.54428 0.4911206
0 2 1 4.334756 -0.6299683
0 2 0 3.661448 -0.2876821
0 1 0 2.936618 0.7221347
0 3 0 4.565045 -1.293401
0 3 2 4.565045 1.62186
0 3 1 4.652317 -1.006805
0 3 0 4.652317 -1.594512
0 3 0 4.652317 -1.617101
0 3 1 4.588026 -1.006805
0 6 3 4.405113 0.4198538
0 5 3 4.681212 -0.216671
0 7 3 4.681212 0.9105601
0 2 1 4.31568 -1.098612
0 1 0 2.796603 -0.2305237
0 2 2 4.349282 -1.23088
0 2 2 4.349455 -0.1335314
0 2 2 4.349455 -0.08408312
0 2 2 4.349455 -0.3308542
0 5 1 4.405074 -0.09531018
0 2 2 4.356554 -1.014055
0 1 1 2.510665 -0.08269172
0 1 0 2.510665 -0.8815478
0 2 0 3.506765 0.08701138
0 4 2 4.652038 1.116961
0 3 3 4.543063 0.6641596
0 3 1 4.58765 -1.23088
0 7 3 4.731228 0.9694006
0 3 2 4.57289 -0.542865
0 1 0 3.02612 -1.537694
0 3 2 4.584372 -0.7044467
0 2 2 4.348012 -1.188224
0 2 2 4.348012 -0.2787134
0 2 2 4.348012 -1.098612
0 1 0 3.02612 -0.8815478
0 2 2 4.348012 -0.06453852
0 2 2 4.348012 -1.225612
0 5 2 4.41081 0.3031863
0 2 0 3.702637 -1.757858
0 1 1 2.884179 -0.01709443
0 3 3 4.550723 0.6641596
0 1 0 2.884179 -0.84372
0 3 2 4.564656 0.09180755
0 2 1 3.041674 -0.07145896
0 2 2 4.346333 -0.3986391
0 4 2 4.683406 0.1072455
0 2 2 4.350007 -0.03509132
0 4 3 4.699137 0.4700036
0 2 2 4.350007 -0.2006707
0 3 3 4.443507 -0.7044467
0 2 2 4.350007 0.05406722
0 3 0 3.66896 -1.08931
0 3 2 4.581275 -1.058607
0 2 2 4.33822 -0.3448405
0 4 2 4.407876 -0.1854032
0 5 2 4.794554 0.3308542
0 2 0 3.749495 -0.9903987
0 1 0 2.685383 -0.7233002
0 2 0 3.749495 -1.712979
0 2 0 4.340742 -1.808289
0 2 2 4.340742 -0.07696104
0 2 2 4.340742 -0.2978344
0 2 2 4.340742 -0.3276874
0 4 3 4.925878 0.3732042
0 2 2 4.340742 -0.05505978
0 4 3 4.925878 1.266948
0 3 3 4.436046 0.3566749
0 2 2 4.340742 -0.9382696
0 4 3 4.925878 0.1857171
0 2 2 4.340742 -0.282567
0 2 2 4.340742 -1.290151
0 1 0 2.818373 0.388658
0 1 1 2.818373 1.01857
0 1 0 2.845108 -1.071213
0 2 2 4.312095 -0.6082477
0 2 1 4.312095 -1.126011
0 4 2 4.573214 -0.515164
0 2 1 4.344742 -1.920377
0 2 2 4.344742 -0.4054651
0 4 3 4.731148 -0.8135109
0 2 2 4.345296 0.1262937
0 3 3 4.480955 1.321756
0 3 3 4.480955 -0.7044467
0 3 1 4.605561 -1.423473
0 3 1 4.605561 -1.190728
0 5 3 4.755561 1.184555
0 2 0 2.885743 0.1736635
0 3 2 4.588146 -1.016934
0 6 3 4.756718 -0.07410797
0 8 3 4.742524 0.8549902
0 7 3 4.742524 1.110041
0 2 1 4.265266 -0.6620566
0 1 0 2.700849 -1.742969
0 2 0 4.275786 -1.474848
0 2 1 4.267358 -0.4054651
0 4 2 4.632397 0.02985296
0 6 3 4.748288 0.7691331
0 3 1 4.629666 -1.23088
0 3 2 4.302504 -0.0885534
0 4 2 4.574547 -0.515164
0 4 3 4.574547 0.5452271
0 4 3 4.574547 0.8109302
0 3 2 4.312968 -0.2151114
0 3 1 4.644127 -1.219973
0 3 3 4.527643 -0.4256678
0 2 2 4.341842 -1.360092
0 3 3 4.443456 0.1885912
0 2 2 4.341842 -0.9998774
0 4 2 5.001754 0.3448405
0 4 2 5.001754 0.3986391
0 4 2 5.001754 -0.02898754
0 6 3 5.418591 4.856601
0 5 2 4.744042 -0.8627065
0 3 1 4.334278 -1.280934
0 2 0 4.322238 -1.421386
0 2 0 2.918295 -0.6466272
0 2 1 4.339094 -0.1686227
0 3 0 3.998044 -1.041454
0 5 1 4.386324 0.3908663
0 5 1 4.386324 -0.08134564
0 2 1 4.301063 -1.530544
0 4 0 4.515175 -0.7052685
0 1 0 2.868773 -1.791759
0 3 1 4.833674 -1.132229
0 4 1 4.893818 -1.767662
0 3 1 4.354104 -1.206601
0 3 2 4.299782 0.2588616
0 2 1 4.299782 -0.5533852
0 3 1 4.622982 -1.125281
0 3 1 4.576113 -1.837016
0 3 2 4.576113 0.1053605
0 3 1 4.563933 -0.5753641
0 3 1 4.563933 -0.6220513
0 3 1 4.650413 -1.198242
0 2 2 4.30791 -0.5852582
0 6 2 5.088749 -0.6931472
0 5 1 4.928614 -1.257361
0 8 3 5.137865 0.06351341
0 7 3 5.111853 0.5753641
0 6 1 4.990926 -0.6131045
0 5 2 4.855966 -0.05310983
0 3 1 4.477569 -1.751268
0 3 0 3.592271 -0.9515589
0 2 0 1.914254 -1.347074
0 3 1 4.477569 -1.463255
0 3 1 4.477569 -1.296143
0 4 1 4.477569 -1.178655
0 3 1 4.760391 -1.673976
0 4 2 4.53659 -1.609438
0 2 0 4.028606 -1.72551
0 5 1 4.977099 -1.302524
0 5 5 4.669283 0.05849621
0 4 1 4.230818 -1.644529
0 5 2 4.852969 -0.6931472
0 2 1 4.572203 -0.6097656
0 1 1 3.986345 -1.163151
0 4 2 4.887612 -1.688081
0 4 1 4.887612 -1.671131
0 7 2 5.123218 -0.2736958
0 2 0 3.680269 -2.320604
0 2 1 3.680269 -1.971553
0 3 1 4.392633 -0.9162907
0 3 1 4.392633 -1.232144
0 3 1 4.004139 -1.428854
0 3 1 4.490184 -2.335375
0 5 0 4.532478 -1.545925
0 7 3 4.916205 -1.257361
0 8 3 5.083183 -0.5183445
0 5 2 4.701122 -2.178532
0 5 3 4.697073 -0.7044467
0 5 2 4.714542 -1.771957
0 7 3 4.903089 -0.8735289
0 5 1 4.716168 -1.625311
0 6 3 4.839715 -0.2921364
0 5 2 4.716168 -1.609438
0 5 2 5.112094 -1.624705
0 5 0 4.777644 -1.471817
0 5 3 4.875611 -1.081805
0 4 1 4.875032 -1.386294
0 5 2 4.93395 -1.373049
0 3 2 4.736602 -0.7108468
0 1 2 3.721066 -1.497109
0 5 3 4.912976 -1.020835
0 3 0 4.824952 -0.6613985
0 3 0 4.824952 -1.524078
0 3 0 4.155562 -1.72551
0 3 2 4.530636 -1.037243
0 3 1 4.530636 -2.091864
0 3 1 4.699365 -1.627456
0 5 1 4.674448 -1.828938
0 4 0 4.495387 -1.314321
0 5 2 4.674448 -0.9211569
0 5 2 4.674448 -1.345472
0 5 2 4.674448 -1.575536
0 5 1 4.68485 -1.828938
0 5 2 4.68485 -0.9211569
0 5 2 4.68485 -1.401799
0 4 1 4.887608 -1.314835
0 1 1 2.596428 -1.568616
0 5 3 5.052676 -0.8539204
0 6 2 5.052676 -0.4256678
0 3 0 4.419733 -1.504077
0 2 0 4.493648 -1.937942
0 3 1 4.502826 -1.586965
0 3 1 4.502826 -1.891843
0 3 1 4.419733 -1.225612
0 1 0 -0.1926536 -1.360977
0 3 1 4.456853 -1.69029
0 2 0 3.721768 -1.478102
0 4 1 4.989137 -1.314835
0 5 4 4.942807 1.189584
0 5 1 4.748229 -1.347074
0 3 0 4.354315 -1.745239
0 5 3 4.944724 0.2423135
0 4 3 4.636259 -0.9120263
0 3 2 4.388605 -1.377636
0 2 1 3.637175 -2.136137
0 5 1 4.337941 -1.601406
0 7 5 5.125439 0.7058862
0 6 4 4.942973 -0.6007739
0 3 1 3.755394 -1.476891
0 7 5 5.125439 0.3722395
0 3 1 3.756437 -1.697731
0 4 1 4.260668 -1.718637
0 4 3 4.045344 -1.760988
0 1 1 2.628907 -1.625311
0 5 1 4.953083 -1.461018
0 3 0 4.575305 -0.8109302
0 3 1 4.526877 -1.295323
0 2 0 3.888221 -2.302585
0 3 2 4.751294 -1.161625
0 1 0 1.398773 -1.047319
0 6 2 4.660301 -1.203973
0 6 3 5.088468 -1.277095
0 8 3 5.176247 -0.1854032
0 7 3 4.862288 -1.058121
0 6 3 4.751888 -1.319603
0 7 3 4.862288 -1.168206
0 7 3 5.016595 0.238411
0 5 2 4.781515 -0.902239
0 6 3 4.954938 0.05043085
0 7 4 5.131832 0.7911276
0 5 1 4.742541 -1.529395
0 5 2 4.742541 -1.555371
0 6 3 4.919534 0.3677248
0 5 3 4.756916 0.901902
0 5 1 4.756916 -1.526056
0 6 3 4.919534 -0.6819739
0 4 4 4.660321 0.438913
0 6 4 4.94163 0.1490356
0 3 1 3.769496 -1.403389
0 1 1 -0.5269192 -1.176321
0 1 1 -0.5269192 -1.176321
0 3 0 4.464108 -1.497885
0 3 0 4.46061 -1.785567
0 2 0 3.748368 -1.785567
0 4 3 4.657193 -1.08137
0 4 4 4.657193 -0.4803664
0 4 4 4.657193 -0.4803664
0 3 3 4.205722 -0.6644371
0 1 0 -10.60499 -1.595049
0 2 1 2.586125 -2.14398
0 2 0 4.441723 -1.370034
0 3 0 4.388369 -0.8190274
0 3 2 4.568162 -1.791759
0 3 0 4.568162 -0.9354606
0 4 1 4.697921 -1.724749
0 2 1 4.215159 -1.652923
0 2 1 4.215159 -1.326871
0 2 1 4.215159 -1.876317
0 2 1 4.215159 -1.791759
0 3 1 4.177878 -2.155982
0 6 3 4.854345 -0.1515499
0 3 0 4.812305 -2.097141
0 3 0 4.844645 -1.681759
0 3 0 4.433011 -1.386294
0 4 0 4.858464 -1.243194
0 3 0 4.321889 -1.574036
0 7 2 5.17849 0.5877867
0 3 0 4.151232 -1.666133
0 3 1 4.677461 -1.521027
0 6 3 4.920325 -0.3604414
0 5 2 4.748851 -1.032363
0 5 2 4.748851 -1.45001
0 6 3 4.904526 -1.266493
0 5 2 4.773325 -1.184555
0 9 5 5.224726 0.276753
0 5 3 4.892188 -1.112697
0 5 2 4.892188 -1.373049
0 4 2 4.711952 -1.669157
0 1 0 2.685315 -1.366876
0 3 2 4.488267 -0.5965203
0 4 3 4.948938 -1.362578
0 4 3 4.948938 -0.7146534
0 4 3 4.948938 -0.9555114
0 4 3 4.949748 -1.240442
0 4 3 4.949748 -1.08137
0 4 1 4.950327 -1.132514
0 4 3 4.936395 -0.6931472
0 3 1 4.683928 -1.217672
0 6 1 4.935301 -1.496642
0 6 1 4.935301 -1.450833
0 4 0 4.780818 -1.724749
0 2 1 4.509939 -0.8109302
0 4 1 4.885629 -1.01857
0 4 2 4.885629 -0.6931472
0 3 1 4.60019 -1.417066
0 1 1 0.22536 -1.340624
0 3 0 4.458376 -1.403389
0 2 0 3.627771 -1.730391
0 2 0 3.234419 -1.636345
0 3 1 4.470332 -2.066863
0 2 1 4.467705 -1.969441
0 4 0 4.697468 -1.098612
0 4 1 4.939549 -1.352393
0 3 0 4.244275 -1.248673
0 4 1 4.939549 -0.7375989
0 1 0 -1.920577 -1.919593
0 5 3 4.908921 -1.023389
0 5 3 4.908921 -1.68895
0 5 2 4.704465 -0.6234673
0 3 1 4.76122 -1.428854
0 2 2 4.553355 -1.078203
0 4 2 4.967562 -1.412728
0 4 2 4.967562 -0.9098182
0 3 2 4.76122 -1.132514
0 2 1 4.324344 -1.999399
0 3 1 4.680098 -2.020945
0 3 1 4.680098 -2.4681
0 2 0 3.715695 -1.323774
0 4 1 4.844674 -1.257083
0 2 1 3.471214 -2.087224
0 4 3 4.887691 -0.9162907
0 4 3 4.953872 -1.243794
0 2 1 4.098446 -1.338285
0 6 3 4.814382 -0.784119
0 4 2 4.638773 -1.609438
0 3 0 4.52796 -1.354546
0 4 1 4.878844 -1.512588
0 2 0 3.700703 -1.617101
0 3 1 4.496888 -1.399366
0 3 1 4.496888 -1.424035
0 3 1 4.496888 -1.817735
0 8 3 4.895577 -0.4504165
0 7 3 4.895577 -1.256836
0 5 2 4.635056 -0.6931472
0 3 1 4.481876 -1.658228
0 3 1 4.481876 -1.875458
0 3 0 4.406569 -1.567178
0 3 1 4.481876 -1.547563
0 4 3 4.837817 -0.8903152
0 3 1 4.481876 -1.588531
0 3 1 4.481876 -1.661884
0 3 1 4.481876 -1.632253
0 3 2 3.875052 -0.324496
0 5 3 4.850746 -1.075082
0 2 1 2.148151 -1.839615
0 4 1 4.930948 -1.44121
0 4 0 4.704699 -1.663142
0 2 0 3.218134 -1.267689
0 0 1 -10.60499 -1.408767
0 7 4 5.112225 0.03593201
0 7 4 5.112225 -0.1319275
0 4 2 4.988537 -1.355835
0 2 1 4.550549 -1.308333
0 4 2 4.989095 -0.5500463
0 3 2 4.751212 -0.3496737
0 3 1 4.833751 -1.148623
0 3 1 4.751212 -1.145132
0 5 2 5.123032 -0.4964369
0 1 0 3.497777 -1.709521
0 2 1 4.347264 -2.112964
0 3 1 4.69795 -1.617406
0 4 1 4.638783 -0.3999856
0 5 1 4.830115 -1.116004
0 4 0 4.90824 -1.435085
0 4 1 4.915437 -1.132514
0 3 1 4.473517 -0.7252355
0 5 2 4.966425 -0.4675969
0 5 2 4.966425 -0.8031481
0 4 1 4.933873 -1.386294
0 5 3 4.881636 -0.8609406
0 6 3 4.951075 0.3340061
0 4 0 4.608737 -1.481605
0 3 0 4.405413 -1.590207
0 1 0 -0.09881946 -1.754019
0 3 1 4.579022 -1.694596
0 9 4 5.220678 -0.02409755
0 2 0 4.269691 -1.777773
0 2 1 3.564174 -1.308333
0 3 2 4.464979 -1.546637
0 5 2 4.826702 -0.8223589
0 5 2 4.826702 -1.360977
0 6 5 5.094724 0.6097656
0 6 2 5.023289 -0.4256678
0 2 2 4.462915 -1.260668
0 5 0 4.983405 -1.685075
0 3 1 4.459268 -2.062634
0 4 2 4.666908 -1.349927
0 3 1 4.459268 -2.360854
0 4 1 5.003818 -1.262242
0 4 3 4.762777 -0.3483067
0 5 0 4.72296 -1.727221
0 4 0 4.183606 -1.751268
0 5 0 4.762777 -1.459626
0 3 2 4.156935 -0.6706743
0 4 0 4.316798 -1.791759
0 5 0 4.63967 -1.595549
0 5 2 4.80401 -1.110041
0 4 1 4.92497 -1.252763
0 4 1 4.92497 -0.654926
0 5 0 4.504099 -1.358895
0 3 2 3.862598 -1.335001
0 4 0 4.163487 -2.204605
0 2 1 3.142774 -1.754855
0 4 1 4.163487 -1.244795
0 5 0 4.51164 -1.7492
0 5 0 4.51164 -2.422386
0 5 2 4.51164 -0.5240709
0 5 2 4.49712 -0.8373968
0 6 3 4.724668 -0.9392803
0 5 1 4.51164 -1.65026
0 2 1 3.451817 -2.685577
0 4 1 4.270954 -0.8591323
0 4 2 4.270954 -0.784119
0 4 1 4.270954 -1.356441
0 5 3 4.596986 0.2363888
0 4 0 4.270954 -2.197225
0 0 2 -10.60499 -1.852384
0 4 0 4.415341 -1.58412
0 4 0 3.923664 -1.791759
0 5 2 4.19406 -0.8177099
0 5 2 3.923664 -0.5346768
0 4 3 3.923664 -0.9808293
0 3 1 3.227122 -1.21924
0 3 1 3.860697 -1.178655
0 5 2 4.602171 -1.533277
0 5 2 4.532074 -1.645156
0 2 2 4.081971 -1.548813
0 2 0 3.439088 -2.065455
0 2 1 3.439088 -2.079442
0 4 2 4.388149 -1.446919
0 2 1 3.738251 -1.600704
0 6 2 4.802167 -0.9214058
0 7 2 5.345166 -1.153962
0 6 3 4.802167 0.1286174
0 5 0 4.999405 -1.358895
0 6 2 4.802167 -1.583005
0 6 4 4.802167 -0.2097205
0 4 1 4.418163 -1.773067
0 3 0 4.173647 -1.556445
0 4 1 4.418163 -1.958256
0 4 0 3.99925 -1.700788
0 4 0 4.349129 -1.437067
0 4 0 3.99925 -1.848455
0 2 0 3.338303 -1.547563
0 4 1 4.349129 -1.239691
0 5 1 4.381878 -2.162438
0 4 0 3.99925 -1.966113
0 4 1 4.94011 -1.077559
0 1 1 1.867797 -2.309703
0 2 2 4.126059 -2.263364
0 3 0 4.346989 -1.762346
0 3 0 4.346989 -1.838279
0 3 0 4.346989 -1.558145
0 1 0 2.491208 -1.126783
0 6 0 4.626211 -1.563225
0 5 0 4.626211 -2.31677
0 3 0 3.278775 -2.376693
0 2 0 3.244638 -2.302585
0 2 1 3.244638 -2.051271
0 3 0 3.753707 -2.060514
0 2 0 3.247151 -2.032295
0 2 0 3.45006 -2.263364
0 2 0 2.992692 -1.483669
0 4 2 4.571743 -1.098612
0 1 1 3.312496 -1.909543
0 2 2 4.237043 -1.681759
0 2 2 4.237043 -1.225952
0 2 1 4.237043 -1.53393
0 4 1 4.155769 -1.330055
0 2 0 3.664487 -0.9211569
0 4 0 3.968627 -1.233269
0 5 3 4.402598 -0.9661877
0 2 0 2.759788 -2.503256
0 2 1 3.464545 -1.832581
0 4 1 4.305493 -1.223775
0 5 2 4.306872 -1.37869
0 5 3 4.306872 -0.5035263
0 3 1 3.743084 -2.079442
0 5 1 4.649873 -1.727221
0 5 0 4.775958 -1.843431
0 7 3 5.161271 0.4539175
0 1 1 3.062447 -1.989585
0 5 0 4.649873 -2.197225
0 5 0 4.649873 -1.453953
0 5 1 4.649873 -1.377926
0 4 2 4.156155 -1.119232
0 2 1 3.603372 -1.518466
0 4 1 4.156155 -2.310884
0 3 0 4.276923 -1.696449
0 3 1 3.390275 -1.089562
0 4 1 4.764047 -1.773067
0 4 0 4.764047 -1.531476
0 4 1 4.764047 -1.239691
0 4 0 4.764047 -2.097141
0 2 1 3.587284 -2.4681
0 3 0 3.901069 -1.662548
0 2 1 3.309772 -2.852631
0 4 0 4.36189 -2.08833
0 6 4 4.74444 -0.04800922
0 4 1 4.627486 -1.609438
0 5 1 4.671425 -1.695616
0 6 4 4.74444 -0.1397619
0 5 2 4.671425 -1.936341
0 2 1 3.309772 -2.852631
0 4 1 4.36189 -1.343735
0 5 2 4.595692 -1.704748
0 3 0 3.463674 -2.337676
0 5 2 4.586879 -1.39362
0 4 1 4.309564 -1.554088
0 5 0 4.586879 -1.469291
0 5 3 4.528711 -1.1276
0 8 1 5.201482 -0.7637647
0 2 1 3.412794 -2.679063
0 5 0 4.362667 -2.310248
0 2 0 3.030829 -1.954278
0 2 0 3.854893 -1.583005
0 2 1 4.111887 -1.729239
0 5 1 5.002869 -0.9946226
0 5 1 5.002869 -1.063521
0 5 1 5.002869 -1.349927
0 4 0 3.940216 -1.834319
0 3 0 4.014334 -2.397895
0 3 1 3.137203 -1.419084
0 2 1 4.037691 -1.836211
0 4 1 4.649627 -1.670682
0 1 1 2.45841 -2.036882
0 2 0 3.749753 -1.673976
0 4 1 4.919281 -0.9808293
0 0 1 -10.60499 -1.337023
0 5 1 5.008402 -1.089043
0 1 1 3.461047 -1.791759
0 5 2 4.115104 -1.398129
0 7 1 4.977009 -0.7166777
0 3 0 3.59802 -1.696449
0 4 0 4.132875 -1.261131
0 4 0 4.132875 -0.8407832
0 6 4 4.746489 -0.1795856
0 6 2 4.746489 -0.8472979
0 2 1 4.216755 -1.509354
0 7 3 5.14155 1.308333
0 2 1 4.216755 -1.225612
0 1 1 3.305702 -1.938742
0 2 2 4.216755 -1.347074
0 2 1 4.216755 -1.591089
0 5 1 4.636355 -1.236763
0 1 1 3.299813 -1.926679
0 2 2 4.228856 -1.805553
0 6 4 4.775026 -0.2097205
0 3 0 4.02938 -1.734601
0 6 4 4.775026 -0.1397619
0 6 3 4.775026 -0.483797
0 4 0 4.332251 -2.097141
0 6 4 4.775026 1.002152
0 5 1 4.637693 -2.079442
0 5 2 4.637693 -1.419817
0 6 4 4.775026 0.04580954
0 4 3 4.261346 -1.417066
0 6 1 5.225125 -0.2937611
0 4 1 4.941608 -1.074515
0 2 1 3.826233 -1.94591
0 2 1 3.826233 -1.648659
0 1 1 2.883925 -1.386294
0 6 1 5.225125 -0.8664189
0 6 2 4.389228 0.2776317
0 4 1 4.823567 -1.888752
0 4 2 3.790603 -1.351203
0 4 2 3.790603 -1.668527
0 4 0 3.790603 -2.187922
0 4 1 3.790603 -2.261763
0 4 2 4.391573 -0.8377284
0 1 1 2.252396 -1.154182
0 3 1 3.962918 -1.252763
0 2 1 3.305016 -1.828938
0 2 1 3.628791 -0.984499
0 2 0 3.52007 -1.981001
0 2 1 3.553867 -3.020425
0 5 1 4.986727 -1.575536
0 6 3 5.051341 0.05310983
0 4 1 3.845195 -1.033015
0 4 1 3.845195 -0.8846854
0 4 1 3.886306 -1.667008
0 2 0 2.820313 -1.540445
0 3 1 3.776055 -1.486836
0 5 2 4.313775 -0.8979416
0 4 1 4.26783 -1.667008
0 3 0 3.459847 -1.953815
0 5 4 4.29456 -0.4222722
0 2 0 2.534508 -2.295896
0 5 0 4.29456 -1.864785
0 5 1 4.29456 -2.477302
0 2 0 2.534508 -2.639057
0 1 1 2.900197 -1.299283
0 2 1 3.442329 -2.74084
0 4 1 4.232321 -0.9775344
0 4 0 4.232321 -1.985915
0 4 0 4.232321 -1.272966
0 4 1 4.232321 -0.8549902
0 4 1 4.232321 -2.456736
0 8 1 4.89333 -0.8190274
0 5 2 4.441587 -1.361803
0 5 1 4.614316 -1.073294
0 4 0 3.882071 -1.574347
0 2 1 3.398634 -2.899588
0 6 1 4.818537 -1.088141
0 5 2 4.441587 -1.517871
0 4 0 3.882071 -2.653242
0 8 3 5.101913 1.074515
0 5 3 4.354729 0.08455739
0 4 0 4.284307 -1.493925
0 2 1 3.342954 -2.841582
0 4 0 4.025617 -1.261131
0 7 2 5.023403 -0.7166777
0 2 1 3.56993 -1.843431
0 4 0 4.252541 -1.708378
0 9 3 5.433927 0.654926
0 5 1 4.409208 -1.159767
0 4 0 4.139956 -1.771557
0 5 2 4.434168 -1.236763
0 7 1 4.947478 -0.7166777
0 6 1 4.994258 -0.902239
0 4 0 4.272353 -1.878771
0 1 1 2.517481 -1.871802
0 3 3 4.398739 -1.004203
0 5 1 5.006764 -1.552279
0 6 2 5.068186 -1.433251
0 4 1 4.042206 -2.120264
0 3 1 4.069855 -1.704748
0 7 3 5.04214 0.7503056
0 1 0 1.033415 -1.708378
0 4 0 4.049035 -1.969441
0 1 0 2.593544 -1.875843
0 5 0 4.049035 -1.821612
0 3 0 3.077395 -1.861718
0 3 1 3.468166 -1.602003
0 2 0 2.4399 -1.851658
0 6 1 5.093394 -1.563976
0 4 0 4.911483 -2.748872
0 3 1 4.506676 -2.197225
0 7 2 4.666407 0.238411
0 4 1 3.876757 -0.8846854
0 3 1 3.806247 -1.089562
0 4 0 4.50952 -2.293453
0 5 1 4.776128 -1.575536
0 5 1 4.776128 -2.079442
0 4 1 4.114543 -2.120264
0 4 0 4.486175 -1.848112
0 7 1 5.233166 -1.006805
0 6 1 5.062299 -0.7926768
0 6 3 4.096279 0.1991287
0 4 1 3.683011 -1.285824
0 6 3 4.096279 0.1991287
0 2 2 4.146158 -1.225952
0 2 2 4.146158 -1.395511
0 2 2 4.146158 -1.302913
0 3 2 3.543719 -2.239072
0 3 2 3.64003 -1.089562
0 6 2 4.873684 -0.7731899
0 3 0 3.819071 -2.224624
0 6 2 4.917221 -1.455287
0 4 1 4.932482 -1.186581
0 8 1 5.254336 -0.3506569
0 2 1 3.373146 -2.662588
0 4 0 3.964062 -1.437067
0 4 2 3.964062 -1.879465
0 4 1 3.964062 -2.261763
0 2 1 3.373146 -2.662588
0 3 2 3.637297 -1.124588
0 4 3 3.691636 -0.7748252
0 5 4 4.243402 -0.1961149
0 4 2 4.192903 -0.8377284
0 5 2 4.204848 -0.194156
0 5 4 4.340143 1.060872
0 5 3 3.865223 1.085709
0 4 3 3.865223 -0.8675006
0 3 1 3.083107 -0.9711673
0 3 1 3.799532 -0.9711673
0 3 0 4.371303 -1.52184
0 4 1 4.55008 -1.419084
0 4 3 3.786589 -0.8132915
0 3 2 3.557762 -2.061423
0 4 3 3.786589 -0.7357068
0 4 1 3.786589 -0.8412003
0 4 3 3.786589 -0.9351592
0 4 2 3.786589 -1.17272
0 5 3 4.291181 -0.9483301
0 4 0 4.269007 -2.456736
0 5 4 4.331025 -0.4222722
0 5 1 5.024191 -1.038508
0 5 1 4.331025 -2.340325
0 5 1 4.331025 -2.329493
0 4 1 4.362585 -1.721443
0 7 1 5.097721 -0.644357
0 5 2 4.307656 -1.452986
0 3 1 4.495608 -1.526056
0 2 1 3.387677 -2.618438
0 5 2 4.307656 -1.523053
0 4 3 4.060348 -0.8407832
0 5 4 4.362207 -0.1961149
0 3 1 3.755935 -0.7691331
0 4 2 4.318802 -0.4376222
0 3 1 3.707839 -1.252763
0 1 1 2.609005 -2.337676
0 3 1 3.732876 -2.110213
0 7 2 4.620832 -0.7161367
0 6 2 5.071836 -1.098612
0 2 1 3.612408 -2.904165
0 3 1 4.556168 -1.921813
0 3 2 3.626401 -0.8815478
0 5 4 4.372447 0.7621401
0 2 1 4.038588 -2.852631
0 2 1 4.038588 -2.125251
0 2 1 4.040061 -2.899588
0 2 1 4.040061 -2.904165
0 2 1 4.040061 -2.862201
0 2 1 4.040061 -2.60269
0 2 1 3.745623 -2.60269
0 5 2 5.020221 -1.275069
0 2 1 3.726083 -2.125251
0 5 2 4.995987 -1.425009
0 5 1 4.986089 -1.069625
0 5 1 4.986089 -1.440362
0 5 2 4.16889 -0.7570959
0 3 0 3.33996 -0.5823958
0 5 1 4.514059 -1.333651
0 6 3 4.514059 -0.9757142
0 2 0 2.807192 -2.451005
0 2 0 -0.2924086 -1.53393
0 1 0 -10.60499 -2.018817
0 4 0 4.2674 -0.9536783
0 1 1 -10.60499 -1.303407
0 1 1 -10.60499 -1.470176
0 5 2 4.673073 -0.6931472
0 1 0 3.137416 -1.984131
0 3 0 3.871389 -2.302585
0 1 1 -1.373032 -2.66026
0 1 1 -10.60499 -1.116961
0 3 0 4.191992 -1.006805
0 5 2 4.139462 -1.473306
0 2 1 4.036694 -0.2876821
0 5 3 3.7715 -0.8426789
0 3 1 3.303689 -2.504325
0 5 1 4.382348 -1.466337
0 11 3 4.781146 0.583585
0 5 1 4.382348 -1.939084
0 5 1 3.495976 -1.453434
0 1 0 2.943142 -2.09404
0 1 1 4.045776 -2.179525
0 4 1 4.323383 -0.6931472
0 4 1 4.323383 -0.6822181
0 5 2 4.384401 -0.7810085
0 1 0 2.424504 -1.232144
0 4 0 4.541615 -1.838279
0 5 0 4.087247 -1.184873
0 5 1 4.087247 -1.090449
0 4 0 3.714417 -1.831201
0 4 1 3.714417 -0.836248
0 5 2 4.282809 -0.5935173
0 5 0 4.282809 -2.129313
0 5 1 4.282809 -0.9753796
0 2 1 2.641257 -1.981001
0 5 1 4.146407 -1.568616
0 5 1 3.758789 -0.6359888
0 8 1 4.16423 -0.6598108
0 8 1 4.067603 -1.016934
0 3 1 3.725978 -1.816151
0 3 1 3.725978 -1.711717
0 7 2 4.04096 -1.509908
0 4 2 4.769464 -0.8803587
0 5 2 4.556156 -0.3946542
0 6 2 4.556156 -0.27996
0 5 3 4.556156 0.7396672
0 5 2 4.655228 0.6931472
0 5 3 4.655228 0.7444405
0 5 0 4.899111 -1.67669
0 5 3 4.635001 1.470176
0 5 3 4.635001 -0.0822381
0 5 1 3.996133 -1.259543
0 5 2 4.631099 0.4974026
0 5 1 4.694019 -2.073471
0 6 2 4.694019 -0.778305
0 5 2 4.694019 -0.5146644
0 6 2 4.694019 0.5205344
0 5 2 4.694019 -0.8979416
0 6 2 4.693278 -0.6428853
0 6 2 4.693278 1.358123
0 5 2 4.687658 0.6671717
0 5 2 4.143609 -0.778305
0 6 2 4.143609 -0.3440962
0 5 2 4.559901 0.5826053
0 6 2 4.071204 -0.2958454
0 4 0 3.916331 -0.9039702
0 2 0 2.619727 -2.176171
0 6 1 4.071204 -1.410987
0 5 2 4.560362 0.8556661
0 1 1 -10.60499 -1.116961
0 2 0 2.504068 -2.079442
0 2 0 3.579096 -2.319114
0 2 1 3.98278 -1.867267
0 1 0 2.685109 -1.121602
0 3 0 3.087855 -1.86433
0 1 0 -0.428541 -1.824549
0 3 0 3.716837 -1.517065
0 4 3 3.668896 -1.609438
0 5 4 4.092169 -0.8835009
0 4 1 3.773911 -1.252763
0 9 5 4.414795 -0.1269997
0 3 0 3.07534 -1.921813
0 3 3 3.410507 -1.11365
0 6 2 4.514963 -0.6032909
0 8 3 5.06935 -0.6931472
0 3 0 3.860065 -1.393412
0 5 0 4.544419 -1.658228
0 8 4 4.447202 -0.7928465
0 7 3 4.760171 -0.2288416
0 9 3 5.021951 -0.09884583
0 7 1 4.909393 -1.36636
0 4 1 4.424846 -1.001883
0 11 4 5.297873 1.035243
0 9 4 4.83547 0.3580629
0 4 0 3.74605 -1.338285
0 5 0 4.186732 -1.495494
0 7 2 4.802309 -1.015546
0 4 2 4.392556 -0.7191227
0 3 2 3.525878 -1.279751
0 10 3 5.213067 0.7049816
0 7 2 4.736886 -0.3787969
0 3 0 3.098242 -1.69905
0 6 3 4.264929 -1.648659
0 10 4 5.073837 -0.8043728
0 3 0 3.372413 -1.708109
0 1 0 -0.7036099 -1.504077
0 9 5 4.926941 4.856601
0 6 1 4.727879 -1.596451
0 1 0 -1.636243 -1.522427
0 10 3 4.844687 0.6234673
0 3 2 3.019603 -1.445611
0 9 3 4.384378 -1.511458
0 7 2 4.390223 -0.5956918
0 4 3 4.67346 0.4054651
0 2 2 4.056724 -1.466337
0 2 2 4.056724 -1.586091
0 5 3 4.735526 0.3001046
0 4 3 4.294255 0
0 3 0 3.875348 -1.763589
0 2 1 3.04785 -1.708378
0 4 3 4.358998 0
0 1 1 3.312746 -1.481605
0 5 1 4.861156 -0.63908
0 3 0 4.533168 -1.953401
0 6 3 5.144573 0.3964153
0 3 0 4.283364 -0.9946226
0 2 3 2.711956 -0.6931472
0 4 3 4.700161 -0.1706255
0 3 1 4.318015 -1.609438
0 4 4 4.92585 0.4574248
0 3 1 4.315996 -1.53533
0 4 4 4.92585 -0.06351341
0 4 1 4.92585 -1.644529
0 4 0 4.739933 -1.377636
0 4 1 4.929357 -1.471817
0 5 3 5.040271 -0.03030535
0 3 4 4.325748 -0.4585749
0 4 5 4.404222 0
0 0 1 -10.60499 -1.985915
0 3 1 3.494425 -1.778336
0 3 3 4.173939 -0.7484099
0 4 3 4.464198 -0.6757554
0 3 3 4.182507 -0.7484099
0 7 3 5.134013 0.7339692
0 4 0 4.656891 -1.284512
0 6 1 5.037711 -0.8472979
0 2 2 3.692831 -1.234744
0 6 2 4.816633 -0.01709443
0 3 2 3.508436 -1.516347
0 2 2 3.554934 -1.234744
0 6 1 5.044652 -0.07550755
0 6 2 4.862827 0.09352606
0 6 2 4.824617 0.09352606
0 5 2 4.499942 -0.5725192
0 8 2 4.82285 0.2929871
0 4 2 3.613948 -1.47998
0 7 2 4.820124 0.3266842
0 9 2 4.820124 0.4131872
0 3 1 3.446102 -1.164752
0 3 0 3.578639 -1.587776
0 3 0 3.853872 -1.623137
0 4 1 2.995644 -1.405839
0 2 1 2.995644 -1.94591
0 3 1 3.655063 -0.6286087
0 3 0 3.762655 -2.410799
0 3 1 3.870335 -1.940179
0 2 0 3.596992 -1.656585
0 1 0 2.69159 -2.018406
0 2 0 3.03796 -1.808289
0 5 4 4.708187 1.408767
0 3 0 2.952503 -1.734601
0 3 0 2.952503 -1.753145
0 3 0 3.124719 -1.775759
0 2 1 2.830459 -1.895195
0 7 2 4.45671 0.04879016
0 3 0 3.392974 -1.53821
0 3 0 3.465187 -1.820333
0 3 0 3.465187 -1.567178
0 4 1 4.27045 -0.8292794
0 3 0 2.917786 -1.701811
0 3 1 2.03299 -0.6828907
0 3 0 2.917786 -1.701811
0 4 2 4.241368 -1.087801
0 4 1 4.102343 -1.531476
0 5 2 4.604905 1.760011
0 4 2 4.406769 0.9808293
0 4 2 4.324853 -1.15098
0 3 1 2.108014 -1.106911
0 5 2 5.115398 -0.3735135
0 4 0 5.000622 -1.629916
0 5 2 5.138592 -0.9839494
0 5 2 5.157181 -0.7484099
0 5 2 5.101866 0.5476396
0 6 3 5.19136 0.9236708
0 4 1 4.933844 -1.592631
0 5 2 5.105865 -0.3735135
0 6 3 5.221471 -0.4177352
0 4 2 4.906354 -1.618096
0 5 2 5.259159 -1.098612
0 5 2 5.259159 -1.098612
0 4 2 5.005094 -1.446919
0 7 3 5.339624 -1.029619
0 5 2 5.167165 -1.483287
0 5 0 4.896687 -1.719
0 4 2 5.004952 -1.619388
0 4 2 5.004952 -1.232144
0 3 2 4.502403 -1.490091
0 4 2 5.004952 -1.129865
0 4 2 5.004952 -1.638997
0 4 0 5.057608 -2.036882
0 7 3 5.307682 -0.8426789
0 5 0 4.591497 -1.252763
0 4 0 4.933677 -1.199417
0 6 3 5.111587 0.1502822
0 6 3 5.111587 -1.312186
0 3 2 4.5605 -1.490091
0 6 3 5.111587 -1.292768
0 4 2 4.933676 -1.782457
0 3 2 4.52019 -1.419084
0 3 2 4.39543 -1.517871
0 4 2 4.933676 -1.318241
0 4 2 4.933676 -1.673976
0 4 2 4.933676 -1.289668
0 3 2 4.39543 -1.688575
0 4 2 4.933676 -1.459626
0 7 3 5.094724 -1.072637
0 4 0 4.747819 -1.894174
0 7 3 5.307269 -0.1053605
0 5 2 5.118088 -1.067841
0 7 3 5.307269 -0.1609304
0 7 3 5.307269 -0.1473247
0 5 2 5.118088 -1.128465
0 6 3 5.172027 -1.066864
0 7 3 5.307269 -0.4673405
0 4 2 4.928729 -1.638997
0 5 0 4.82957 -1.599388
0 6 3 5.2721 -1.098612
0 5 3 4.918402 -1.469676
0 4 2 4.823089 -1.504077
0 5 2 5.136756 -0.9718606
0 6 3 5.2721 -1.076139
0 6 3 5.2721 0.7591051
0 6 3 5.2721 -0.8183103
0 5 0 5.060698 -1.578979
0 5 0 5.060698 -0.7765288
0 4 1 5.012208 -1.07881
0 5 1 5.136004 -0.6225296
0 5 0 4.973524 -1.329136
0 4 2 4.965417 -1.214444
0 6 3 5.306791 -1.386294
0 5 2 5.149884 -1.098612
0 6 3 5.306791 -0.1541507
0 6 3 5.306791 -1.262915
0 4 0 4.831588 -1.386294
0 6 3 5.306791 -1.376632
0 4 2 4.899427 -1.540445
0 4 2 4.906452 -1.437588
0 6 2 5.468042 0.06453852
0 5 2 5.255847 -1.059772
0 3 1 4.81772 -1.437588
0 6 3 5.029328 -1.494775
0 6 3 5.031461 0.1502822
0 6 3 5.029328 -0.9614112
0 7 3 5.185684 -0.3285041
0 6 3 5.031461 -0.6931472
0 5 3 4.861551 -1.296438
0 6 1 5.225692 -1.072637
0 6 3 5.225692 -1.110041
0 5 1 4.861551 -1.178655
0 6 3 5.225692 -0.3804638
0 5 3 4.856176 -1.328187
0 5 3 4.856176 -1.43848
0 5 0 4.856176 -1.771957
0 4 2 4.771809 -1.751754
0 6 4 5.222931 0.8564722
0 5 2 5.102665 -1.031921
0 4 2 4.906455 -0.9093703
0 6 3 5.222931 -0.7444405
0 6 3 5.222931 0.01626052
0 5 3 4.813609 -1.321756
0 3 2 4.472484 -1.90024
0 6 3 5.002715 -1.646825
0 7 3 5.123557 -0.1335314
0 5 3 4.964729 -1.532477
0 6 3 5.08815 -1.056053
0 5 3 4.964729 -1.145132
0 6 3 5.08815 -1.143564
0 7 3 5.294313 0
0 6 3 5.173013 -1.337023
0 6 1 4.950165 -1.609438
0 8 3 5.384583 0.3114362
0 8 3 5.384583 2.751535
0 4 2 4.844115 -1.544899
0 7 3 5.39473 0.09763847
0 6 3 5.274586 0.1823216
0 7 3 5.39473 -0.8434294
0 6 3 5.100018 -1.203973
0 4 1 4.525631 -2.024382
0 4 2 4.815738 -1.540445
0 3 2 4.562646 -1.936341
0 6 3 5.100018 -0.8513712
0 7 3 5.131484 -0.3989077
0 5 3 4.973775 -1.029619
0 3 2 4.562646 -1.832581
0 6 3 5.046596 -1.313388
0 4 2 4.844854 -1.871802
0 6 3 5.046596 -1.087439
0 5 2 5.158792 -1.299283
0 5 2 5.158792 -1.358123
0 7 3 5.365332 -0.4760827
0 6 3 5.046596 -1.001449
0 7 3 5.365332 -1.045969
0 6 1 5.044328 -1.446919
0 4 1 4.419678 -1.856298
0 6 3 5.044328 -0.6931472
0 7 3 5.304734 -0.4403118
0 6 3 4.963289 -1.272966
0 4 2 4.929972 -1.782457
0 4 2 4.929972 -1.619388
0 5 0 4.856454 -1.578979
0 6 1 4.963289 -1.625311
0 6 3 4.93901 -1.522427
0 7 3 5.283883 -0.4403118
0 6 3 5.157458 -0.9808293
0 8 3 5.544293 -0.4125323
0 7 3 5.283883 1.504077
0 4 2 4.323774 -1.81529
0 6 3 5.272745 -1.578185
0 4 2 4.987965 -1.430746
0 7 3 5.36589 -0.7859289
0 7 3 5.36589 -1.02036
0 6 3 5.046984 -1.147883
0 6 3 4.958565 -1.661884
0 6 3 4.958565 -1.82735
0 7 3 5.271535 -0.7348199
0 5 2 5.100046 -1.225612
0 7 3 5.29892 -0.06062462
0 5 0 4.847395 -1.619388
0 6 3 5.297733 -0.9555114
0 4 2 4.841303 -1.658228
0 5 2 5.156214 -1.331235
0 7 3 5.366075 -0.6317782
0 4 2 4.986537 -1.133704
0 7 3 5.366075 -0.2929871
0 7 1 5.366075 -0.7997569
0 4 1 5.072814 -1.704748
0 4 2 5.072814 -1.544899
0 4 2 5.072814 -1.504077
0 2 1 4.3935 -1.044545
0 4 2 5.072814 -2.123117
0 6 3 4.963322 -1.654558
0 11 4 5.648578 1.330414
0 7 3 5.253855 -0.7245634
0 5 2 5.101926 -1.216395
0 5 0 4.854857 -1.609438
0 7 3 5.304328 -1.18377
0 2 2 4.160737 -1.459319
0 2 2 4.260834 -1.459319
0 6 2 4.355427 -1.022329
0 4 2 4.377771 -0.7556675
0 4 0 3.846682 -1.602749
0 8 4 4.071713 0.7985077
0 8 4 4.417572 0.7985077
0 3 0 3.695017 -1.665879
0 5 1 3.96446 -1.513046
0 8 3 4.903959 0.5673778
0 4 2 4.858873 -1.127186
0 5 3 5.085872 1.084013
0 5 1 5.298229 -0.7591051
0 5 0 5.171119 -0.9067213
0 5 1 5.057689 -0.7591051
0 5 3 5.095878 0.5555258
0 5 0 4.272393 -1.489479
0 1 0 1.476616 -0.8614825
0 2 1 -0.5624098 -1.974081
0 6 1 4.43295 -0.8370414
0 4 2 4.284124 -0.3604414
0 5 1 3.266187 -1.616818
0 10 2 5.067112 -0.05971923
0 6 2 5.276066 0.9582549
0 8 2 4.821612 0.63908
0 6 1 4.204236 -0.6151856
0 7 2 4.622764 -0.2967319
0 2 3 4.568964 -0.09716375
0 5 1 3.416659 -1.537335
0 5 0 3.416659 -1.634131
0 2 4 4.506043 -0.151806
0 5 1 3.610074 -1.295323
0 1 0 3.373374 -1.863218
0 3 2 4.467964 -1.163151
0 2 0 4.420334 -1.424035
0 1 2 3.051233 -0.8522119
0 2 0 3.388808 -1.729239
0 1 2 3.389217 -0.8873032
0 1 1 3.389217 -2.140066
0 1 1 3.389217 -1.7492
0 2 1 4.56562 -1.961659
0 3 2 4.723965 -1.405343
0 2 1 4.280703 -1.84055
0 2 1 3.905319 -2.24071
0 3 2 4.69607 -1.163151
0 2 1 4.586282 -1.774952
0 1 2 2.989272 -1.760011
0 2 0 4.27658 -2.03017
0 5 2 4.710662 -0.4729064
0 1 1 3.100997 -2.463853
0 2 0 3.77088 -2.406945
0 6 1 4.020416 -0.6931472
0 6 1 5.138494 -1.89085
0 7 2 5.46415 -0.8109302
0 8 3 5.567769 0
0 8 3 5.567769 1.189584
0 7 1 5.304649 -1.673976
0 7 2 5.304649 0.1000835
0 7 2 5.471827 -0.8924801
0 7 2 5.468382 -0.01980263
0 7 2 5.468382 0.1226023
0 8 3 5.576595 -0.3677248
0 7 2 5.475701 -0.07847162
0 7 2 5.479725 -0.8924801
0 7 2 5.479725 -0.1310283
0 7 2 5.479725 -0.07696104
0 7 2 5.476535 -0.01980263
0 8 2 5.559777 0.5555258
0 5 2 4.949927 -1.780586
0 8 3 5.559777 -0.542865
0 7 2 5.476535 -0.9279868
0 7 3 5.444292 -0.7198154
0 7 2 5.444292 -0.189242
0 7 2 5.444292 -0.1686227
0 8 3 5.555712 0.6306268
0 8 3 5.555712 0
0 3 3 4.827167 0.2295744
0 3 3 4.804972 -0.3130918
0 3 3 4.804972 -0.1502822
0 3 3 4.777623 -0.5456944
0 2 3 4.35929 -0.4001601
0 3 3 4.777623 -0.1957446
0 3 3 4.821615 -0.2726442
0 2 3 4.573397 -0.4678082
0 2 3 4.392796 -0.1776812
0 3 3 4.826399 0.2295744
0 2 3 4.500978 0.1053605
0 7 1 5.265027 -0.1306202
0 3 1 4.774014 -1.098612
0 7 1 5.292909 -0.1306202
0 3 0 3.85196 -2.700615
0 5 2 4.836369 -0.9718606
0 5 2 4.652939 -0.9162907
0 5 3 5.311009 -0.7686547
0 1 0 0.8268872 -2.251292
0 1 2 0.1392266 -0.4700036
0 3 4 4.234852 -0.1916674
0 4 3 4.397753 -0.1286174
0 4 3 4.397753 -0.9808293
0 4 1 4.607037 -0.4241572
0 6 1 5.448308 4.856601
0 5 0 5.160767 -1.691676
0 5 0 5.160767 -1.504077
0 6 1 5.284932 -0.8938179
0 5 0 4.893517 -1.778856
0 6 2 5.169672 0.1026542
0 5 0 4.79863 -1.849579
0 7 1 5.304922 -0.5465437
0 7 2 5.304922 0.4393667
0 5 0 4.82909 -1.817077
0 5 0 5.17084 -1.845827
0 4 1 4.819013 -0.6418539
0 5 0 5.17084 -1.642228
0 4 1 4.819013 -0.5500463
0 5 0 5.279237 -1.72551
0 5 0 5.279237 -1.582409
0 4 1 4.954728 -0.5500463
0 5 0 5.006912 -1.443453
0 6 0 5.274832 -1.318241
0 5 1 5.006912 -0.9745596
0 6 2 4.821316 -0.8383292
0 6 2 5.164948 4.856601
0 6 0 5.306615 -1.318241
0 4 1 2.66497 0.2336149
0 1 4 3.937548 -0.8938179
0 4 0 4.050156 -1.444889
0 3 0 4.745604 -1.296143
0 10 2 5.598073 -0.1967103
0 11 2 5.813252 0.8415672
0 4 1 4.988956 -1.499235
0 4 1 4.988664 -1.574036
0 5 2 5.113912 -0.4824261
0 4 1 4.988664 -1.7492
0 4 2 4.938554 -0.7777046
0 5 3 4.969163 0.8527773
0 4 2 4.944007 -0.9102117
0 4 1 4.971808 -1.609438
0 7 3 4.796702 0.6396585
0 5 3 4.335933 0.1162598
0 7 3 4.797642 0.6396585
0 5 2 4.510973 -1.098612
0 3 0 4.162596 -1.983298
0 4 1 4.738793 -1.147402
0 5 2 4.758399 -1.599388
0 5 2 4.758399 -2.079442
0 5 0 4.94552 -1.211941
0 3 0 4.142124 -2.162438
0 3 1 4.142124 -1.778856
0 6 2 5.248089 -1.252763
0 7 3 5.334881 -0.04445176
0 9 3 4.983767 1.291984
0 9 3 5.028888 1.419817
0 8 1 4.991894 -1.045969
0 9 3 5.010886 1.291984
0 9 2 5.010886 0.3079667
0 8 1 5.349104 -1.045969
0 5 3 5.122047 0.8329091
0 5 1 5.070898 -1.203973
0 8 3 5.138509 0.8927602
0 8 3 5.138509 1.168993
0 5 1 4.983227 -0.4342855
0 8 3 5.158934 0.6273958
0 8 3 5.158934 1.731656
0 8 1 5.547885 1.349927
0 4 2 4.356183 -0.7963314
0 5 2 4.399113 -0.106768
0 2 1 2.980476 -1.731656
0 5 1 4.896003 -0.5068176
0 6 3 4.707203 0.427444
0 5 3 4.300384 -0.837886
0 3 2 3.929293 0.6061358
0 6 3 4.648042 1.011601
0 5 3 3.951973 -0.4567584
0 6 1 5.088069 0.2429462
0 6 1 5.033517 -0.7386096
0 6 1 5.027153 -1.642228
0 4 1 4.641698 -1.94591
0 5 1 5.011419 0.02531781
0 7 2 5.432346 0.5389965
0 6 2 5.215268 0.07847162
0 2 0 4.554633 -1.339774
0 4 4 4.727658 -0.2318016
0 3 1 4.853273 -0.9772514
0 3 1 4.856996 -0.8513712
0 3 1 4.157632 -1.778856
0 4 1 4.749215 -1.223775
0 7 0 5.524954 -0.3566749
0 6 1 5.178525 -0.07410797
0 6 1 5.178525 -0.3968814
0 0 1 -10.60499 -1.450833
0 4 1 4.83332 -1.234744
0 4 1 4.83332 -1.308333
0 4 1 4.83332 -1.443453
0 4 1 4.897507 -1.956839
0 4 1 4.897507 -1.956839
0 5 1 5.103976 -1.415853
0 4 1 4.773163 -1.386294
0 4 1 4.90619 -0.8855191
0 5 1 4.972794 -1.150572
0 6 1 5.184585 -1.098612
0 5 0 4.916674 -2.140066
0 4 1 4.905015 -1.369487
0 4 1 4.939224 -1.140724
0 2 0 3.953104 -1.057369
0 1 0 2.701611 -1.663505
0 0 1 -10.60499 -2.36321
0 4 1 4.940972 -0.7556675
0 4 1 4.940972 -0.9858168
0 5 1 5.058338 -0.8892621
0 4 1 4.854081 -2.086768
0 4 1 4.854081 -1.808289
0 6 1 5.229367 -1.318241
0 4 1 4.965175 -1.029619
0 2 0 2.945456 -1.207812
0 4 0 4.929501 -1.568616
0 5 1 5.114823 -1.691676
0 4 1 4.832737 -1.976063
0 4 1 4.917864 -1.909543
0 0 1 -10.60499 -2.209495
0 3 2 4.678984 -1.145132
0 0 1 -10.60499 -2.005334
0 4 1 4.872014 -1.684339
0 4 1 4.872014 -1.824549
0 4 1 4.941619 -1.238374
0 4 1 4.921998 -1.280934
0 6 1 5.126014 -0.6325226
0 1 1 -0.04312036 -1.193922
0 2 0 3.857764 -1.014731
0 3 1 3.864723 -1.349927
0 2 1 3.544285 -1.305533
0 5 1 4.839801 -0.4519851
0 4 1 4.839801 -1.704748
0 4 1 4.939065 -1.326871
0 6 1 5.193066 -0.8564722
0 4 1 4.914104 -0.9946226
0 6 2 5.190003 0.01904819
0 4 1 4.929526 -0.7701082
0 6 1 5.226776 -0.7707054
0 8 1 5.346697 -0.1823216
0 4 1 4.925752 -1.029619
0 5 1 5.026839 -1.085709
0 4 1 4.840176 -1.400088
0 5 1 5.00419 -0.9769154
0 2 0 2.884857 -1.171183
0 6 0 5.197663 -1.446919
0 4 1 4.846097 -1.484275
0 4 1 4.833017 -1.856298
0 1 1 2.750194 -0.7731899
0 4 1 4.928069 -1.008664
0 5 2 4.405074 -0.1442496
0 5 2 4.397382 -0.06559728
0 5 1 4.928614 -1.163151
0 2 0 4.09009 -1.848455
0 7 3 5.331465 0.5162165
0 3 1 4.477569 -1.490654
0 2 1 4.454562 -2.06897
0 4 0 4.876733 -1.534714
0 2 1 4.572203 -1.813738
0 2 1 4.547005 -1.419084
0 3 0 4.090438 -1.920377
0 3 1 4.090438 -1.724318
0 7 3 5.083183 -0.6824519
0 5 1 4.839751 -1.359143
0 3 1 4.325152 -1.360977
0 2 2 3.739806 -1.461518
0 4 1 4.875032 -1.386294
0 2 0 4.324149 -1.974081
0 3 1 4.587724 -1.609438
0 4 1 4.875032 -1.378451
0 1 1 -0.578043 -1.378197
0 5 3 4.93395 -0.3519764
0 2 1 3.763625 -1.394593
0 3 2 4.614278 -1.58045
0 5 2 4.93395 -1.235188
0 2 2 3.737031 -1.631417
0 2 1 4.557925 -1.773067
0 2 0 4.270004 -1.698669
0 2 0 3.85268 -2.102609
0 3 1 4.549054 -1.537335
0 5 2 4.942807 -1.36636
0 3 1 4.872124 -0.8312975
0 2 1 3.997291 -1.658228
0 3 0 4.567302 -0.8700779
0 3 1 4.567302 -1.94591
0 4 1 4.878482 -1.374866
0 3 0 4.280042 -1.433251
0 2 1 4.498725 -1.07992
0 3 1 4.675104 0
0 1 0 -0.5269192 -1.186581
0 2 1 3.846013 -2.06897
0 4 0 4.808902 -2.094946
0 4 1 4.806425 -1.547563
0 2 1 4.46061 -2.105417
0 2 1 4.46061 -1.94591
0 2 1 4.383839 -2.24071
0 3 1 4.686568 0
0 2 0 3.752219 -1.449095
0 2 0 2.941888 -2.20513
0 3 1 4.388369 -1.592631
0 3 1 4.568162 -1.15098
0 1 1 3.983159 -1.961659
0 3 2 4.794127 -1.483287
0 6 3 5.051405 -1.075623
0 4 3 4.942148 -0.9351592
0 3 1 4.530497 -1.210404
0 4 2 4.911022 -1.282616
0 3 1 4.530497 -1.233532
0 3 1 4.677461 -1.776492
0 6 3 4.920325 0.2311117
0 7 3 5.021257 -1.132229
0 8 3 5.080235 -0.5705449
0 4 1 4.934901 -1.656321
0 6 3 5.198723 -0.3317774
0 3 1 4.671489 -1.649984
0 4 1 4.934901 -1.342492
0 6 3 5.198723 -0.3483067
0 4 1 4.199164 -0.9420432
0 3 2 4.487126 -1.117481
0 4 3 4.948938 -0.4924765
0 4 1 4.684669 -1.616311
0 4 2 4.950327 -0.8622235
0 3 1 4.686963 -1.146814
0 1 0 -2.295301 -1.481605
0 1 0 -2.295301 -1.962577
0 2 1 4.509939 -1.493925
0 5 2 5.036748 -0.8162073
0 2 1 3.144814 -1.471817
0 2 1 3.144814 -1.708693
0 4 2 4.952384 -1.377326
0 4 1 4.939549 -1.236763
0 4 1 4.939549 -1.468986
0 7 3 5.209819 0.05218575
0 4 1 4.939549 -1.317827
0 3 1 4.581874 -1.830226
0 2 0 1.655941 -1.784487
0 2 0 4.481366 -1.927892
0 2 0 3.737133 -1.874874
0 2 0 4.346392 -1.730799
0 2 1 4.551958 -1.977862
0 3 1 4.291739 -1.377926
0 4 1 4.844674 -1.328187
0 5 1 4.846007 -1.461018
0 4 3 4.953872 -0.9116287
0 4 3 4.953872 -1.290984
0 4 2 4.852749 -0.808458
0 3 0 4.219475 -1.540445
0 4 1 4.120961 -1.852384
0 4 1 4.665966 -0.7939519
0 5 1 4.527756 -1.098612
0 2 1 4.448429 -1.734601
0 2 0 2.713283 -2.473733
0 4 3 4.837817 -0.4307829
0 3 1 4.55745 -1.558145
0 2 1 4.542152 -1.419084
0 2 0 2.148151 -1.693319
0 3 1 4.55745 -1.730391
0 3 1 4.55745 0.3313571
0 4 1 4.930948 -1.488077
0 3 1 4.336368 -1.185624
0 9 3 5.347461 0.7790896
0 4 1 4.930948 -1.264279
0 4 1 4.930948 -1.537979
0 4 1 4.930948 -1.386294
0 7 3 5.205352 0.07410797
0 0 1 -10.60499 -1.673976
0 0 1 -10.60499 -1.504077
0 7 4 5.112225 -0.08594243
0 3 2 4.611423 -1.688081
0 3 1 4.570266 -1.609438
0 3 1 4.570266 0.3313571
0 4 1 4.830115 -1.412728
0 5 0 5.036126 -1.559958
0 4 1 4.929927 -1.280934
0 5 1 4.929927 -0.9114007
0 4 1 4.69795 -0.8858315
0 2 0 2.933722 -1.954278
0 1 0 3.083355 -1.780586
0 4 1 4.915437 -1.337023
0 2 1 4.447825 -1.493925
0 4 1 4.86593 -1.203973
0 3 1 4.560332 -1.475907
0 4 2 4.966425 -1.331806
0 3 1 4.702955 -1.395511
0 2 0 4.469267 -1.457753
0 3 2 3.812835 -1.128465
0 4 2 4.904699 -1.211941
0 4 0 4.904699 -1.618917
0 3 1 4.579022 -1.363305
0 2 0 3.648295 -1.609438
0 3 2 4.405413 -1.430746
0 3 1 4.515666 -1.730391
0 3 1 4.334943 -1.540445
0 4 1 3.620241 -1.852384
0 4 1 4.91818 -1.065822
0 7 3 5.296908 1.490091
0 4 1 5.003818 -1.583005
0 3 1 4.762688 -1.241713
0 2 1 3.988485 -2.03017
0 4 1 4.92497 -1.306252
0 4 1 4.92497 -1.376992
0 4 1 4.92497 -1.292768
0 4 2 3.923664 -1.494508
0 5 1 4.602171 -1.517871
0 4 1 4.340719 -1.701105
0 2 1 3.273069 -1.766758
0 2 1 3.633785 -1.34768
0 2 0 3.247151 -2.114533
0 5 2 4.710873 -1.455287
0 2 1 3.464545 -1.953028
0 2 1 3.464545 -1.640937
0 2 1 3.464545 -2.025374
0 5 3 4.710873 -1.17412
0 1 1 2.568497 -1.918322
0 1 1 2.568497 -1.979358
0 5 1 4.816693 -1.201027
0 6 1 4.863917 -1.013816
0 4 0 4.115104 -1.451434
0 5 1 4.162395 -1.082987
0 4 1 3.45669 -0.9071582
0 6 1 4.951146 -0.9490806
0 2 1 3.450147 -2.772589
0 5 2 4.354729 -0.6711683
0 6 1 4.878075 -0.7711087
0 8 2 4.878075 0.05043085
0 1 1 2.517481 -1.999977
0 1 1 2.517481 -1.324052
0 6 2 4.823153 -0.8649974
0 6 1 4.823153 -0.8754687
0 6 2 4.823153 -0.01680712
0 6 2 4.823153 -0.7375989
0 3 0 3.606347 -1.563225
0 4 1 4.050693 -2.012
0 5 0 3.820503 -1.568616
0 4 2 3.820503 -1.429467
0 4 2 3.820503 -1.526056
0 4 2 3.820503 -1.547563
0 3 2 4.090982 -1.323774
0 5 3 3.745477 -1.020651
0 8 1 5.254336 -0.5148989
0 4 0 3.691636 -1.805005
0 4 2 3.865223 -1.288839
0 3 0 4.371303 -1.287854
0 3 0 2.640445 -0.6486954
0 3 0 2.502564 -1.107581
0 5 3 3.787292 -0.09531018
0 2 1 2.415355 -1.871802
0 2 1 2.795154 -1.129865
0 2 0 3.202655 -2.023202
0 2 0 2.796617 -2.112964
0 2 0 2.750934 -2.335375
0 2 0 2.600719 -1.983298
0 2 0 2.733066 -1.862529
0 2 0 2.653399 -1.842532
0 1 1 3.534491 -2.133509
0 3 1 3.534491 -1.658228
0 1 1 3.719622 -2.184802
0 1 1 2.449111 -2.586689
0 1 1 3.575371 -1.598265
0 0 1 -10.60499 -1.744357
0 1 1 3.452011 -1.425009
0 1 1 3.982609 -1.925291
0 0 2 -10.60499 -0.6773988
0 1 2 3.982609 -0.645138
0 1 1 3.874279 -1.374866
0 3 1 3.543405 -0.8574502
0 1 1 3.543405 -1.620488
0 3 1 3.584337 -0.901902
0 1 1 3.584337 -1.163151
0 3 1 3.597917 -0.901902
0 1 2 2.825783 -0.7801586
0 1 0 3.719589 -1.598856
0 5 2 4.337565 0.04762805
0 3 1 3.562256 -0.901902
0 3 1 3.562256 -0.7786694
0 3 1 3.635395 -0.9444616
0 1 1 3.693623 -0.6118015
0 3 1 3.622852 -0.5389965
0 3 1 4.307918 -1.13498
0 1 0 -10.60499 -2.459589
0 2 2 3.781153 -0.248896
0 1 2 3.717184 -0.2376717
0 1 1 3.59563 -1.386294
0 1 1 3.68509 -0.4382549
0 1 1 2.926837 -0.9531047
0 3 1 3.110032 -2.009332
0 8 4 4.528135 -1.194494
0 3 0 3.07534 -1.99868
0 7 3 3.648088 -1.614978
0 4 1 3.264588 -1.343735
0 10 4 4.735787 -0.8997614
0 7 1 4.674408 -1.151455
0 2 1 4.511622 -0.3715636
0 2 1 4.55938 -0.8909729
0 2 1 4.55938 -0.3715636
0 3 2 3.57455 -1.23088
0 6 2 4.816633 -0.2411621
0 4 2 3.508436 -1.734601
0 4 1 4.296967 -1.69282
0 6 3 4.759662 -0.3993861
0 6 2 4.82285 -0.1053605
0 7 2 4.82285 0
0 6 1 5.411165 -0.1726127
0 6 1 5.421138 -0.3502024
0 3 2 4.28244 0.3014754
0 3 3 3.532252 -1.602965
0 9 3 5.04354 0.3254224
0 6 1 5.128207 -1.257677
0 6 1 5.128207 -1.331235
0 3 3 4.804972 -0.317096
0 5 3 5.073964 -0.1376214
0 5 4 5.048793 1.167605
0 7 3 5.491634 0.3220835
0 3 1 4.633102 -1.514128
0 3 2 4.636381 -0.4924765
0 7 2 4.893438 -0.9592568
0 6 2 5.068659 -1.225612
0 6 2 5.068659 -0.1508229
0 3 3 4.408236 0.4872951
0 4 2 4.608554 -0.7290792
0 0 1 -10.60499 -0.6931472
0 4 2 4.539198 -0.7290792
0 1 1 3.683443 -1.425009
0 2 0 3.733425 -1.216395
0 1 0 3.647207 -1.245937
0 1 1 3.313172 -1.373716
0 1 2 3.263682 -0.3285041
0 5 2 4.975018 0.4978384
0 0 1 -10.60499 -1.688575
0 1 1 3.362064 -1.688575
0 0 1 -10.60499 -1.351609
0 0 1 -10.60499 -1.398129
0 5 0 5.016947 -0.6931472
0 1 1 2.967442 -1.693319
0 6 2 5.236209 -0.2744368
0 6 2 5.236209 0.3629055
0 10 2 5.191385 0.7389567
0 1 1 3.956247 -1.769287
0 2 1 4.499248 -1.553348
0 2 1 4.499248 -1.077559
0 1 1 3.432491 -1.232144
0 1 1 3.432491 -1.769287
0 4 1 5.06555 -1.419084
0 12 -999 -999 -999
0 13 -999 -999 -999
0 14 -999 -999 -999
0 15 -999 -999 -999
0 16 -999 -999 -999
0 17 -999 -999 -999
0 -999 6 -999 -999
