548 779 455 680 454 303 495 335 221 281 0 0 0 4551
662 468 445 497 800 316 532 281 320 230 0 0 0 0 4551
656 435 501 803 467 320 281 526 326 236 0 0 0 4551
437 634 478 490 318 777 281 566 331 239 0 0 4551
428 665 324 499 462 801 281 510 340 241 0 0 4551
310 435 676 816 495 453 281 507 239 339 0 0 0 0 0 0 0 0 4551
307 672 812 441 497 525 441 238 281 337 0 0 0 0 4551
821 672 305 436 496 521 444 236 281 339 0 0 0 4551
792 521 677 313 446 448 484 362 227 281 0 0 0 0 4551
795 526 687 440 508 433 304 240 337 281 0 0 0 0 0 0 0 0 0 0 0 0 0 4551
791 696 429 526 428 239 529 303 329 281 0 0 0 4551
791 428 679 550 438 229 517 346 281 292 0 0 4551
458 798 715 497 433 517 237 316 281 299 0 0 0 0 0 0 0 4551
787 453 694 337 519 436 228 508 308 281 0 0 4551
451 776 336 701 519 496 445 230 281 316 0 0 0 4551
334 440 797 509 508 700 446 230 306 281 0 0 0 0 4551
336 509 429 775 692 542 440 240 307 281 0 0 0 0 0 4551
509 793 351 429 505 704 432 236 311 281 0 0 0 0 0 0 0 0 4551
509 343 435 790 426 521 281 240 694 312 0 0 0 0 0 0 0 0 0 0 0 0 0 0 4551
508 444 281 788 441 500 345 230 692 322 0 0 0 0 0 0 0 0 0 0 0 0 0 0 0 0 0 0 0 4551
510 281 432 802 510 436 327 231 669 353 0 0 0 0 0 0 0 0 0 0 4551
281 516 828 429 480 698 242 437 335 305 4551
434 281 524 815 504 675 339 237 425 317 0 0 0 4551
452 323 798 517 510 666 335 438 231 281 0 0 0 0 4551
320 434 514 508 674 341 435 807 281 237 0 0 0 0 4551
432 309 511 675 493 339 458 813 281 240 0 0 0 0 0 0 0 4551
306 444 503 688 343 488 806 462 281 230 0 0 0 4551
439 306 498 676 488 330 826 477 281 230 0 0 0 4551
448 514 669 491 305 819 463 334 281 227 0 4551
521 659 442 500 300 828 338 454 281 228 0 0 4551
634 520 442 485 842 312 341 281 461 233 0 0 0 0 0 0 0 4551
421 655 532 820 498 339 303 458 281 244 0 4551
664 844 432 520 287 484 332 281 467 240 4551
662 839 433 281 520 444 303 488 341 240 0 0 0 0 4551
664 834 435 498 281 470 464 318 345 242 0 0 0 4551
649 860 433 485 281 458 321 473 345 246 0 0 0 0 0 4551
828 501 450 437 669 281 485 319 244 337 0 0 0 0 0 0 0 0 0 4551
796 431 657 536 281 438 331 490 346 245 0 4551
799 531 437 451 664 322 281 336 493 237 0 0 0 0 0 0 0 0 4551
440 551 786 446 663 320 281 487 231 346 0 0 0 4551
812 504 443 674 445 323 502 281 231 336 0 0 0 4551
440 537 655 815 442 308 490 281 237 346 0 0 0 0 0 0 4551
502 445 826 442 500 667 281 228 342 318 0 0 0 0 4551
491 465 445 819 685 281 491 234 330 310 0 0 0 4551
455 678 485 281 437 815 501 242 335 322 0 4551
442 690 281 470 829 431 320 503 341 244 0 0 4551
680 281 444 503 785 329 507 439 348 235 0 0 0 4551
668 528 779 281 442 330 500 343 243 437 0 4551
518 793 680 450 281 337 314 503 443 232 0 0 0 0 4551
495 816 453 339 673 281 324 440 499 231 0 0 0 0 0 0 4551
783 501 462 312 333 685 526 281 228 440 0 0 4551
777 447 325 490 342 656 281 547 456 230 0 0 0 0 0 0 0 4551
441 777 324 336 281 487 544 666 232 463 0 0 0 0 0 0 0 0 0 0 0 4551
789 433 281 493 327 658 330 530 239 471 0 0 0 4551
281 809 509 436 670 317 317 515 239 458 0 0 0 0 0 4551
281 825 501 442 698 306 475 229 464 330 0 0 4551
281 833 499 678 310 446 229 497 454 324 0 0 0 4551
281 496 843 302 687 475 472 229 437 329 0 0 0 0 4551
281 482 809 661 309 486 453 524 224 322 0 0 0 0 0 0 4551
487 322 806 659 489 510 324 455 218 281 4551
792 482 311 449 673 486 324 526 227 281 0 0 0 0 0 0 0 4551
804 307 468 443 675 519 493 333 281 228 0 0 0 0 0 0 4551
304 804 442 664 524 493 323 488 281 228 0 0 0 0 0 0 0 0 0 0 4551
789 302 674 312 531 450 492 500 281 220 0 0 0 4551
302 828 499 460 323 673 501 475 209 281 0 0 0 4551
821 313 456 490 676 323 497 477 281 217 0 0 0 4551
826 323 461 496 655 499 453 337 220 281 0 0 0 0 4551
807 336 462 503 639 523 439 332 281 229 0 0 4551
802 309 476 491 525 659 450 331 281 227 0 0 0 0 0 0 0 4551
486 318 524 822 482 453 327 636 281 222 0 0 0 4551
315 472 486 833 488 455 336 667 218 281 0 0 4551
323 489 457 484 811 482 680 322 281 222 0 0 0 0 0 0 0 4551
500 309 450 320 807 480 281 680 496 228 0 0 0 0 0 0 0 4551
325 487 326 441 482 796 646 281 529 238 0 0 0 0 4551
494 310 435 468 323 802 645 553 281 240 0 0 0 4551
428 479 490 299 325 792 537 677 243 281 0 0 0 0 0 0 0 0 0 4551
487 427 303 518 334 477 813 670 281 241 0 4551
427 304 489 334 486 501 803 685 241 281 4551
299 424 327 472 501 678 809 513 247 281 0 0 0 0 0 0 0 0 0 0 0 0 0 4551
281 482 490 432 326 800 667 528 236 309 0 0 4551
281 479 474 444 783 650 548 343 317 232 0 0 0 0 4551
281 487 455 822 443 525 655 343 310 230 0 0 0 0 0 0 0 0 0 0 4551
498 281 798 459 668 442 534 342 224 305 0 0 0 0 0 0 4551
808 462 507 281 443 639 222 317 336 536 0 0 0 0 4551
478 799 281 483 450 648 225 337 313 537 0 0 4551
801 487 490 641 281 328 446 222 536 319 0 0 0 0 0 0 0 4551
806 477 676 335 513 234 440 301 488 281 0 0 0 4551
804 465 338 524 674 225 493 450 297 281 0 0 0 0 0 0 4551
788 334 479 665 538 235 438 490 281 303 0 4551
790 318 473 447 655 231 530 486 281 340 0 0 0 4551
313 782 490 667 438 239 543 459 339 281 0 0 0 0 0 0 4551
309 497 767 677 453 428 549 246 344 281 0 0 4551
793 312 663 502 439 440 544 339 238 281 0 0 0 4551
306 660 799 442 432 505 548 343 235 281 0 0 0 0 0 0 0 4551
651 315 438 796 562 430 341 500 281 237 0 0 0 4551
286 440 714 515 455 809 281 329 486 236 0 0 0 4551
437 303 695 455 522 802 488 240 328 281 0 0 4551
436 302 694 442 524 491 800 243 281 338 0 0 0 0 0 0 4551
436 281 665 535 305 807 482 239 339 462 0 0 4551
676 432 529 796 281 342 492 308 454 241 0 0 4551
435 681 545 773 336 315 453 281 491 241 4551
673 444 781 543 316 461 331 484 281 237 0 4551
682 445 561 758 493 306 455 335 235 281 0 0 0 0 0 4551
441 672 749 576 506 281 345 440 233 308 0 4551
437 745 695 551 500 319 281 240 449 334 0 0 0 0 4551
748 437 693 489 536 239 466 326 281 336 0 4551
769 702 451 498 233 530 307 445 281 335 4551
781 493 441 699 531 244 297 435 281 349 0 0 4551
494 809 690 455 515 301 242 432 281 332 0 0 0 4551
689 788 499 452 442 533 281 303 233 331 0 0 0 0 0 0 0 4551
467 494 684 437 778 526 317 236 281 331 0 0 0 0 0 4551
468 492 700 433 796 487 329 324 241 281 0 0 0 4551
707 480 792 480 428 334 484 320 245 281 0 0 0 0 0 0 0 4551
738 784 470 469 436 326 492 241 281 314 0 0 0 4551
715 794 473 437 333 481 472 330 235 281 0 4551
699 516 756 325 474 439 237 338 486 281 0 4551
498 771 715 243 336 463 428 323 493 281 0 0 0 0 0 0 0 0 0 4551
735 776 491 252 469 310 326 482 429 281 0 0 0 4551
492 736 796 248 310 454 462 343 429 281 0 0 0 0 4551
801 488 240 734 479 303 441 436 348 281 0 0 0 0 0 0 0 0 4551
501 237 501 792 726 440 292 436 281 345 0 0 0 4551
230 530 772 494 442 705 300 455 342 281 0 0 0 0 0 0 0 0 0 0 0 0 4551
743 489 234 539 461 724 438 298 281 344 0 0 4551
478 239 756 526 442 446 723 306 281 354 0 0 0 0 4551
774 442 231 466 529 484 695 281 342 307 0 0 0 0 4551
775 440 231 526 453 485 686 281 349 325 0 0 0 0 0 0 0 0 0 0 0 4551
439 761 226 541 679 468 281 494 333 329 0 0 0 4551
491 772 231 468 672 281 544 330 439 323 0 0 0 0 0 4551
790 229 491 457 662 339 539 441 281 322 0 0 0 0 0 4551
772 433 234 461 698 346 524 281 488 314 0 0 4551
782 430 235 688 523 447 348 501 281 316 0 4551
233 439 717 803 495 477 312 344 450 281 0 4551
780 233 698 436 500 511 317 343 281 452 4551
438 757 234 684 542 482 311 482 281 340 4551
436 234 788 488 334 681 518 463 328 281 0 0 0 4551
238 792 683 431 493 456 333 516 328 281 4551
686 243 775 431 473 490 321 523 328 281 4551
673 759 234 441 453 336 494 558 322 281 0 0 0 0 0 0 0 0 0 4551
753 694 468 230 338 445 485 542 315 281 0 0 4551
784 686 464 491 514 338 230 440 281 323 0 0 0 0 0 4551
686 782 490 231 439 525 350 445 322 281 0 0 0 4551
676 222 511 779 350 448 449 281 494 341 0 0 4551
692 215 353 507 796 459 442 490 316 281 0 0 0 4551
212 667 340 801 490 467 451 326 516 281 0 0 0 0 0 0 4551
488 328 653 217 790 462 327 456 549 281 0 0 0 0 0 4551
332 491 667 460 219 782 322 448 549 281 0 0 0 0 0 0 0 4551
334 667 478 458 221 327 452 534 799 281 0 0 0 0 0 0 4551
658 334 223 458 487 331 454 519 806 281 0 0 0 0 0 4551
644 334 237 482 470 443 325 542 793 281 0 4551
245 665 524 320 433 460 489 795 339 281 0 0 0 0 0 0 4551
558 230 653 445 485 316 780 467 336 281 0 0 0 0 4551
537 346 239 660 439 487 802 439 321 281 4551
337 499 636 224 566 454 438 800 316 281 0 0 4551
338 227 484 648 569 452 451 781 281 320 0 4551
223 550 336 491 454 658 452 805 301 281 0 0 0 0 0 0 0 0 0 0 4551
229 342 521 487 449 455 655 825 281 307 0 0 0 4551
346 535 235 481 800 442 451 669 281 311 0 0 0 4551
347 236 537 789 447 477 460 659 318 281 0 0 0 4551
232 445 514 348 808 481 670 460 281 312 0 0 0 0 4551
350 446 514 230 686 803 477 463 301 281 0 4551
238 433 343 790 478 677 513 485 281 313 0 0 0 0 0 0 0 0 4551
446 229 792 338 674 522 475 477 281 317 0 0 0 4551
456 328 224 705 808 488 460 490 311 281 0 0 0 0 0 0 0 0 4551
447 697 336 226 792 447 516 304 505 281 0 4551
448 699 339 817 233 481 440 498 315 281 0 0 0 0 4551
465 334 700 233 774 443 513 320 488 281 0 0 4551
455 706 353 235 437 511 771 281 321 481 4551
452 692 347 489 221 451 779 528 311 281 0 0 0 0 0 0 4551
443 677 343 227 447 778 500 319 536 281 0 4551
445 692 227 464 490 781 310 524 337 281 0 0 0 0 0 0 0 4551
437 238 769 696 468 337 511 487 327 281 0 0 0 0 4551
435 239 458 719 777 500 332 495 281 315 0 0 4551
457 441 738 233 491 490 787 342 291 281 0 0 0 0 0 0 0 4551
435 467 688 240 537 783 485 296 281 339 0 0 0 0 0 4551
659 448 472 539 229 782 281 481 334 326 4551
678 457 466 219 499 797 281 491 334 329 0 0 0 0 4551
661 224 447 494 534 783 457 281 328 342 0 0 0 4551
504 461 684 491 796 232 440 309 281 353 0 0 0 4551
534 224 673 490 451 776 281 453 315 354 0 0 0 0 0 4551
561 227 500 765 659 281 454 450 344 310 0 0 0 0 4551
556 212 675 503 767 281 442 462 300 353 0 0 0 4551
221 535 496 281 687 757 452 317 466 339 0 0 4551
505 226 515 281 770 445 682 323 460 344 0 0 4551
486 532 229 444 281 773 475 658 331 342 0 0 0 0 0 4551
501 223 548 452 768 281 458 678 333 309 0 4551
485 225 527 458 454 791 281 330 691 309 0 0 4551
458 494 535 221 455 763 314 697 281 333 0 0 4551
524 474 482 222 722 745 454 312 335 281 0 0 0 0 4551
537 470 481 237 767 323 677 442 281 336 0 0 0 0 0 0 0 0 0 0 4551
458 533 237 489 771 687 334 320 441 281 0 0 0 0 0 4551
538 451 236 751 492 718 333 307 444 281 0 0 0 0 4551
517 225 719 445 506 757 316 341 444 281 0 0 0 0 0 4551
232 706 466 736 538 320 339 491 442 281 0 4551
546 692 231 471 743 475 328 337 447 281 0 0 0 4551
722 472 224 491 750 518 330 446 317 281 0 4551
724 233 478 768 500 479 440 315 333 281 0 0 0 4551
455 794 717 491 232 490 444 304 343 281 0 0 0 0 0 0 4551
828 706 458 464 236 491 440 310 337 281 4551
807 686 485 235 459 437 281 494 326 341 0 0 0 0 0 0 0 0 0 0 4551
488 690 806 444 235 489 459 348 281 311 4551
436 700 803 239 492 489 441 359 281 311 0 0 0 0 0 4551
704 230 441 802 495 475 281 465 346 312 0 0 0 0 0 0 0 4551
667 231 441 538 777 281 493 341 463 319 0 0 0 0 0 0 0 4551
678 441 232 511 797 332 472 314 281 493 0 0 0 0 0 4551
237 674 433 535 774 334 501 315 467 281 0 0 0 0 0 0 4551
229 707 528 444 327 767 491 472 305 281 0 4551
228 531 337 700 446 450 768 498 312 281 0 0 4551
520 227 444 788 343 699 308 438 503 281 0 0 4551
538 436 236 337 715 748 496 452 281 312 4551
449 532 336 742 226 728 495 456 281 306 0 0 0 0 0 0 4551
439 749 345 535 494 233 459 710 306 281 0 0 4551
450 339 526 456 760 487 310 227 715 281 0 0 4551
340 450 515 768 495 441 281 322 232 707 0 0 0 0 4551
351 436 501 497 428 790 281 320 713 234 0 0 0 0 4551
506 441 351 524 438 772 326 281 684 228 0 0 4551
444 348 498 443 549 753 309 281 697 229 0 0 0 0 4551
457 343 455 485 762 550 281 682 312 224 0 0 0 0 0 0 4551
344 461 461 530 486 772 679 281 216 321 4551
459 345 529 487 461 684 219 766 281 320 0 0 0 0 0 0 4551
340 453 482 471 511 700 775 281 313 225 4551
466 486 351 458 492 709 778 307 281 223 0 4551
494 464 344 498 687 459 792 320 281 212 0 0 0 0 4551
496 460 554 340 661 323 460 762 281 214 0 0 0 0 0 0 0 0 0 0 0 0 4551
487 547 464 349 312 682 458 214 757 281 0 0 0 0 0 0 0 0 0 0 0 0 4551
455 565 457 311 352 486 668 754 222 281 0 0 0 0 0 4551
531 454 359 453 311 678 483 779 222 281 0 0 0 0 4551
532 456 281 346 453 760 701 502 223 297 0 0 0 4551
451 537 303 780 452 337 496 686 228 281 0 0 0 0 0 4551
463 538 308 786 484 338 672 455 281 226 0 0 0 0 0 4551
516 458 328 789 317 452 683 500 281 227 0 0 0 0 4551
497 325 475 773 309 447 715 500 281 229 0 0 0 4551
505 330 759 458 448 694 543 302 231 281 4551
320 531 492 758 443 489 305 699 281 233 0 0 0 0 0 4551
319 783 497 540 446 471 689 295 281 230 0 0 0 4551
320 778 499 281 544 451 693 474 291 220 0 0 0 0 4551
786 322 456 281 691 508 303 531 455 218 4551
281 782 325 451 694 517 505 309 466 221 0 4551
338 795 451 692 281 507 310 503 449 225 4551
281 793 332 448 308 700 507 497 457 228 0 4551
281 769 330 298 442 723 520 234 450 504 0 4551
281 781 341 299 714 522 461 443 490 219 0 4551
281 790 487 341 306 723 462 491 451 219 0 4551
798 486 281 333 319 710 453 486 462 223 0 4551
783 281 304 332 443 501 473 721 482 231 4551
780 329 281 332 448 486 523 671 476 225 0 4551
795 322 281 491 339 521 441 677 452 232 0 0 0 4551
809 303 281 502 505 450 345 436 691 229 0 0 0 4551
795 303 529 281 507 446 445 677 344 224 4551
510 787 281 505 298 449 341 707 443 230 0 0 0 4551
546 783 281 498 302 447 344 673 456 221 0 0 4551
521 281 802 351 309 445 497 677 455 213 0 0 4551
511 786 281 348 315 459 691 446 489 225 0 0 0 0 0 4551
281 542 762 672 318 472 340 490 454 220 4551
527 766 700 281 340 305 464 498 453 217 0 0 4551
332 527 281 771 706 305 463 495 449 222 0 0 4551
327 513 281 710 774 471 489 313 446 227 0 0 0 0 0 4551
718 330 281 472 319 804 455 439 504 229 0 0 4551
281 695 790 499 319 475 326 436 498 232 0 0 0 0 0 0 0 4551
281 798 325 680 334 442 476 493 495 227 0 0 0 4551
773 281 333 678 338 512 439 481 483 233 0 0 0 0 4551
775 342 281 309 729 497 426 241 454 497 0 0 0 0 0 0 0 0 0 0 0 4551
776 281 327 706 335 428 494 240 487 477 0 0 0 0 0 0 0 0 0 4551
776 281 316 704 430 324 511 241 497 471 0 0 0 4551
775 428 281 699 315 513 475 245 331 489 0 0 0 0 4551
789 446 281 456 693 315 228 334 512 497 0 0 0 0 0 0 0 4551
795 442 281 456 702 315 235 506 499 320 0 0 0 0 0 0 0 0 0 0 4551
281 783 444 454 692 324 505 337 508 223 0 4551
281 777 710 459 439 312 506 331 501 235 4551
312 441 707 782 460 506 281 341 234 487 0 4551
710 791 307 485 281 443 462 333 502 237 4551
792 323 702 440 490 281 337 493 457 236 0 0 0 4551
695 788 464 334 487 334 490 281 442 236 0 0 0 0 0 0 4551
711 796 472 319 486 452 327 480 281 227 0 0 0 0 0 0 4551
469 779 493 716 318 451 329 493 281 222 0 0 0 0 4551
473 788 332 486 685 446 505 322 281 233 0 0 0 0 0 4551
515 789 468 309 692 321 495 452 281 229 4551
526 310 685 485 774 327 447 481 281 235 0 0 4551
320 683 494 313 789 448 514 483 281 226 0 4551
324 323 655 477 454 777 481 554 281 225 0 0 0 4551
338 305 699 481 769 281 475 454 525 224 0 4551
690 302 330 493 771 470 281 537 220 457 0 4551
306 701 322 501 448 794 504 281 225 469 0 0 0 0 4551
311 499 666 317 792 451 281 223 535 476 0 0 4551
492 325 325 657 281 791 444 533 475 228 0 0 0 0 0 0 0 0 0 0 4551
502 659 314 332 281 562 772 454 454 221 0 0 4551
505 325 654 541 318 451 281 799 455 222 0 0 0 0 0 0 0 0 0 0 0 0 0 4551
658 501 314 455 535 801 333 281 459 214 0 4551
494 687 467 311 502 808 454 281 331 216 0 0 0 0 0 0 0 0 4551
510 491 690 451 303 281 829 332 456 208 0 0 0 0 0 0 0 4551
460 500 462 826 281 729 294 458 331 210 0 0 4551
493 466 462 691 843 281 322 453 333 207 0 0 0 0 0 0 0 0 0 4551
458 458 494 699 843 281 316 456 332 214 0 0 0 0 0 4551
504 452 833 452 696 281 326 480 308 219 0 0 4551
506 815 710 448 334 444 281 317 471 225 0 0 0 0 0 0 4551
807 444 509 432 685 350 308 510 281 225 0 0 0 0 0 4551
782 449 453 497 695 508 349 281 316 221 0 0 4551
772 451 450 497 701 515 348 311 281 225 0 4551
453 507 437 792 670 505 333 348 281 225 0 0 0 0 0 4551
442 803 453 690 490 338 510 224 281 320 0 0 0 0 0 0 4551
813 454 701 496 452 347 469 315 281 223 0 0 0 0 0 0 0 0 0 4551
477 695 802 491 329 447 487 315 281 227 0 4551
688 493 790 466 317 501 449 341 281 225 0 0 0 0 0 0 4551
681 792 499 456 438 325 511 281 225 343 0 0 0 4551
686 807 490 458 308 525 220 444 332 281 0 0 0 0 0 4551
809 695 495 501 462 336 448 214 281 310 0 0 0 0 0 0 0 4551
690 467 796 515 492 448 213 333 281 316 0 0 4551
452 696 551 764 459 493 220 281 332 303 0 0 0 0 0 0 0 0 0 4551
446 677 549 229 451 770 511 281 312 325 4551
651 556 235 770 439 465 327 496 281 331 0 4551
672 236 525 432 790 455 325 509 281 326 0 0 4551
532 677 233 809 443 438 300 497 341 281 0 4551
515 668 817 447 231 316 444 493 339 281 0 0 0 0 0 0 0 0 0 0 4551
809 684 530 230 442 448 296 345 486 281 0 0 0 0 4551
556 781 671 229 445 442 312 496 338 281 0 0 4551
536 675 773 465 233 494 437 317 340 281 0 0 0 0 4551
772 675 545 233 460 441 487 336 281 321 0 0 0 0 0 0 4551
678 798 524 237 454 486 314 438 341 281 0 0 0 0 0 0 4551
788 525 682 245 456 492 426 348 308 281 0 0 4551
775 668 555 281 454 344 491 433 239 311 0 0 0 0 0 0 0 4551
281 777 691 537 458 350 430 491 301 235 0 4551
668 798 461 281 535 345 494 307 242 420 0 0 0 0 4551
432 655 784 281 560 350 504 319 242 424 0 0 0 0 4551
442 796 645 320 281 549 344 428 508 238 0 0 4551
461 649 794 539 281 328 343 484 440 232 0 4551
445 800 644 281 552 316 338 506 445 224 4551
435 559 802 647 281 309 339 451 509 219 0 0 0 0 0 0 4551
548 436 637 281 814 334 499 323 443 236 0 0 4551
558 443 645 281 808 446 499 310 338 223 0 0 4551
658 554 443 281 451 496 307 789 347 225 0 4551
552 437 661 281 452 797 502 341 299 229 0 0 0 0 0 0 4551
537 666 448 502 789 281 449 313 337 229 0 0 0 0 4551
552 455 669 502 769 444 345 281 306 228 0 0 0 4551
654 793 498 542 338 462 443 281 309 231 0 0 0 0 0 0 0 0 0 4551
653 813 486 337 477 514 438 313 281 239 0 0 4551
644 808 518 344 494 455 447 281 329 231 0 0 4551
650 814 517 352 490 438 442 330 281 237 0 0 0 0 0 0 0 0 0 4551
637 502 850 350 437 497 281 429 335 233 0 0 4551
682 861 505 343 421 281 470 318 438 232 0 0 0 0 0 0 0 0 0 0 0 4551
680 499 447 847 281 489 340 435 306 227 0 0 4551
650 848 499 490 456 336 281 447 326 218 0 4551
451 845 656 338 453 495 494 281 223 315 0 0 0 0 4551
447 634 827 350 490 452 527 281 320 223 0 0 0 0 0 0 0 4551
450 821 664 344 454 519 281 222 490 306 0 0 0 0 0 0 0 4551
806 455 450 659 336 532 217 281 497 318 0 0 4551
816 659 457 524 442 281 313 505 216 338 0 0 0 0 0 4551
798 455 306 448 681 526 281 221 332 503 0 0 0 0 4551
764 316 445 538 683 281 496 325 232 471 0 0 0 0 0 0 0 0 0 0 0 0 4551
788 311 447 551 657 281 501 457 327 231 0 0 4551
320 792 441 501 523 673 281 321 465 234 0 0 0 0 0 4551
330 440 788 476 495 682 506 321 281 232 0 0 0 4551
805 442 333 473 667 511 491 231 317 281 0 0 0 0 4551
440 795 671 327 469 524 229 499 316 281 0 0 0 0 0 4551
467 791 443 678 521 231 329 495 315 281 0 0 0 4551
491 705 803 491 457 220 486 294 323 281 0 0 4551
688 490 798 222 495 450 507 319 281 301 0 0 4551
672 498 481 227 811 445 326 322 281 488 0 0 0 4551
697 218 483 504 316 809 281 448 485 310 0 0 4551
653 325 470 504 230 791 444 538 281 315 0 0 4551
661 327 498 225 507 816 448 480 308 281 0 0 0 0 0 0 0 4551
325 483 222 620 539 457 822 483 319 281 0 0 0 4551
317 502 224 653 449 810 529 477 309 281 0 0 0 0 4551
314 654 500 792 216 487 527 458 322 281 0 0 4551
320 652 546 785 488 231 489 281 447 312 0 0 0 0 0 0 0 0 4551
326 653 807 499 234 465 534 443 309 281 0 0 0 0 0 0 0 0 0 0 0 0 0 4551
802 328 679 473 234 482 533 445 281 294 4551
669 803 444 236 328 468 489 526 281 307 4551
803 438 674 336 524 241 464 309 481 281 0 0 0 0 0 0 0 0 0 4551
810 440 651 521 479 329 281 239 327 474 0 0 0 4551
811 443 640 535 492 318 320 236 281 475 0 0 0 4551
831 679 442 493 240 483 300 326 476 281 0 0 0 0 0 0 0 0 0 0 0 0 0 0 4551
853 656 465 443 237 486 478 329 323 281 0 4551
842 648 453 475 226 499 480 320 281 327 0 0 0 0 0 0 4551
831 629 458 478 217 489 515 281 334 319 0 0 0 0 0 0 0 0 0 0 0 0 0 4551
791 482 451 488 645 226 346 514 281 327 0 0 0 0 0 0 0 0 0 0 0 4551
805 647 458 480 494 513 221 325 327 281 0 0 4551
445 489 825 496 647 482 324 231 281 331 0 0 4551
645 487 449 817 520 482 220 337 313 281 0 0 0 0 4551
639 472 488 533 448 817 334 221 318 281 0 0 0 4551
488 613 582 478 336 440 798 310 281 225 0 0 4551
478 472 544 646 330 458 820 306 281 216 0 0 4551
494 484 772 649 577 449 328 299 218 281 0 0 0 4551
495 645 488 777 326 567 453 301 218 281 0 0 0 0 0 0 0 4551
481 459 662 570 330 760 489 296 281 223 0 0 0 0 0 0 0 0 0 0 0 0 0 0 4551
494 666 448 323 748 573 281 487 227 304 0 0 0 0 4551
670 496 321 746 451 578 484 299 281 225 0 0 4551
492 686 452 331 759 542 299 485 281 224 0 0 4551
678 493 451 326 560 749 303 488 222 281 0 0 0 0 0 4551
444 498 645 574 346 752 317 231 463 281 0 0 0 0 0 4551
487 571 443 338 668 753 476 300 234 281 0 0 0 0 0 4551
447 544 330 486 766 657 489 231 320 281 0 0 0 0 0 0 0 0 4551
435 315 549 495 763 485 666 281 239 323 0 4551
436 319 486 548 650 776 491 323 241 281 0 4551
443 304 499 784 539 669 473 323 236 281 0 0 0 0 0 0 0 4551
460 811 318 433 497 492 683 329 281 247 0 0 0 0 0 4551
474 800 328 535 496 432 314 281 649 242 0 0 0 0 0 4551
478 798 337 518 469 657 441 329 281 243 0 0 0 0 0 0 0 4551
476 779 549 327 657 445 281 481 323 233 0 0 0 0 4551
792 477 672 510 338 323 478 442 238 281 0 0 0 4551
803 707 489 489 329 473 304 437 281 239 4551
800 693 485 333 463 502 440 313 241 281 0 0 0 0 0 0 4551
481 813 703 461 336 480 448 313 281 235 0 0 0 0 0 0 0 0 0 0 0 0 4551
802 489 687 328 445 496 468 318 281 237 0 0 0 4551
802 448 489 707 480 327 472 281 313 232 0 0 0 0 0 4551
808 445 673 487 323 478 493 326 281 237 4551
811 701 454 490 343 479 458 307 227 281 0 0 4551
445 808 695 486 475 340 475 316 281 230 0 0 0 0 0 4551
438 809 468 721 484 340 469 281 302 239 0 0 0 0 0 0 0 4551
514 457 780 691 483 452 281 320 227 346 4551
455 493 779 494 281 711 443 341 317 237 4551
485 451 806 477 281 705 454 315 227 350 0 0 4551
804 485 455 478 705 451 281 321 221 350 0 0 0 0 0 0 0 0 4551
483 773 476 690 493 450 336 281 229 340 4551
791 482 519 454 302 697 437 241 281 347 0 0 0 0 4551
486 791 308 697 516 453 231 440 348 281 0 0 0 0 0 0 0 4551
794 694 502 338 442 509 230 445 316 281 0 0 0 4551
707 774 484 338 526 232 459 446 304 281 0 0 0 0 0 4551
704 773 483 333 544 224 456 305 448 281 0 0 0 0 0 0 0 0 0 0 4551
668 790 488 538 326 441 343 225 451 281 0 0 0 0 0 0 4551
683 511 796 317 487 228 462 342 281 444 0 0 0 0 4551
692 500 313 486 799 466 234 281 342 438 0 0 0 0 4551
512 796 688 281 487 306 473 336 229 443 4551
502 690 802 305 477 486 281 330 450 228 0 4551
673 524 490 793 449 281 312 341 460 228 0 0 0 0 0 0 0 0 0 0 0 0 4551
678 500 817 281 447 440 491 312 350 235 0 0 0 0 4551
550 648 434 781 281 475 321 489 236 336 0 0 0 4551
657 522 440 812 318 445 496 229 281 351 0 0 0 4551
660 517 813 316 434 489 443 360 281 238 0 0 4551
509 825 651 324 344 445 439 499 281 234 0 4551
504 667 826 319 442 442 341 281 497 232 0 0 0 0 0 0 0 0 0 0 0 4551
855 313 491 422 663 354 446 502 281 224 0 0 0 0 4551
834 451 335 320 501 657 443 501 281 228 4551
442 829 337 512 293 678 442 513 281 224 0 0 0 0 0 0 0 0 0 0 0 4551
822 446 344 439 517 291 510 281 675 226 0 0 0 0 0 0 0 0 0 0 0 4551
350 836 505 510 436 446 281 662 301 224 0 0 4551
518 815 349 665 496 455 441 281 304 227 0 4551
523 655 809 490 334 468 443 319 281 229 0 0 0 0 4551
681 489 496 804 320 471 437 281 344 228 0 0 0 0 0 0 4551
690 486 467 314 817 443 487 281 332 234 0 0 0 0 0 4551
685 460 483 306 447 823 489 348 281 229 0 0 0 0 0 0 0 0 0 0 0 4551
450 318 677 494 448 800 347 506 281 230 4551
323 461 828 667 449 485 482 344 281 231 0 0 4551
327 454 825 680 478 453 281 478 346 229 0 0 0 0 0 4551
323 821 465 678 281 442 480 336 486 239 0 0 0 0 0 0 0 0 4551
480 817 309 281 695 351 435 488 453 242 0 0 4551
478 808 281 316 334 680 439 502 473 240 0 0 0 0 0 0 0 0 0 0 4551
813 281 498 344 434 324 665 504 448 240 0 0 4551
798 332 245 509 311 647 427 454 547 281 0 0 4551
254 818 330 439 514 315 644 417 539 281 0 0 4551
242 811 430 501 321 614 470 554 327 281 4551
819 244 326 422 619 515 536 452 281 337 0 0 0 0 0 0 0 4551
803 425 339 244 637 499 554 457 312 281 0 4551
797 424 340 243 511 452 657 544 302 281 0 0 4551
814 234 439 335 510 438 537 657 306 281 0 0 4551
240 799 445 512 341 672 429 524 281 308 4551
805 447 242 310 500 686 430 508 342 281 0 0 0 0 4551
458 792 245 503 314 505 336 695 422 281 0 0 0 4551
281 464 793 512 496 689 309 419 336 252 0 0 0 4551
281 782 476 504 692 499 417 319 325 256 0 0 0 0 4551
302 499 775 487 716 485 281 421 331 254 0 0 4551
490 299 484 771 516 713 281 429 244 324 0 0 0 0 4551
312 500 496 792 487 696 281 438 232 317 4551
482 312 786 498 512 685 281 325 429 241 4551
753 281 502 477 686 535 435 319 330 233 0 0 0 0 0 4551
772 281 496 525 485 665 426 332 243 326 0 4551
811 281 469 433 504 510 660 327 234 322 0 0 0 0 0 4551
818 281 430 482 496 484 323 666 241 330 0 0 0 0 4551
436 812 472 488 667 281 334 492 335 234 0 0 0 0 0 0 0 0 0 0 0 4551
435 793 461 339 323 516 672 494 281 237 0 0 0 0 0 4551
444 803 323 480 325 662 512 498 281 223 0 0 0 0 4551
775 488 443 306 678 325 490 536 229 281 4551
445 779 449 703 303 332 511 281 225 523 0 0 0 0 0 4551
753 457 451 719 281 317 337 504 514 218 0 0 0 0 0 4551
756 493 453 694 281 323 527 354 458 212 0 0 0 0 0 0 0 4551
769 495 281 701 469 319 509 334 218 456 0 4551
768 470 281 456 512 685 331 334 493 221 0 0 0 0 0 0 0 0 0 0 0 0 0 0 4551
787 281 695 456 436 333 501 488 336 238 0 0 0 0 0 0 0 0 0 4551
702 281 782 442 461 493 331 325 501 233 0 0 4551
693 772 281 447 329 471 498 519 313 228 0 0 0 0 0 4551
666 281 794 455 326 444 516 509 224 336 0 0 4551
664 281 501 804 333 460 448 489 349 222 0 0 0 0 4551
281 657 478 326 454 478 807 344 508 218 0 0 0 0 0 4551
281 674 492 308 466 332 454 821 503 220 0 0 4551
639 281 491 327 469 812 325 453 533 221 0 0 0 4551
674 503 310 281 459 337 804 446 518 219 0 0 4551
684 494 281 303 478 332 788 524 447 220 0 0 0 0 4551
678 499 451 281 342 306 509 815 218 452 0 0 4551
666 281 514 310 352 810 501 442 217 458 0 0 4551
671 517 313 281 340 802 497 456 456 218 0 0 0 0 0 4551
281 309 793 507 694 347 503 440 456 221 0 0 0 0 4551
354 281 698 779 525 502 222 296 439 455 0 0 0 0 0 0 4551
281 669 351 818 515 486 218 438 459 316 0 0 0 0 0 0 0 0 0 4551
353 281 666 815 230 520 430 497 444 315 0 0 0 0 0 0 0 0 0 0 0 4551
281 347 821 685 231 494 438 489 314 451 0 4551
281 337 224 805 671 457 493 310 517 456 0 0 4551
281 237 335 664 797 495 446 444 308 544 0 0 0 0 0 4551
233 340 816 281 665 505 446 456 324 485 0 0 0 0 0 0 0 0 4551
238 329 281 815 481 458 439 698 321 491 0 0 4551
237 281 327 488 435 822 454 321 681 505 0 4551
281 239 329 502 431 457 807 506 332 667 4551
244 281 531 321 472 430 782 658 328 504 4551
531 281 329 461 791 244 430 668 321 495 0 0 4551
281 427 534 464 326 648 794 337 243 497 0 0 0 0 0 0 4551
437 574 281 642 471 320 782 317 237 490 0 0 4551
579 453 281 446 639 787 325 321 487 233 0 0 0 0 0 0 0 0 0 0 0 0 0 0 0 4551
572 445 443 281 639 319 790 340 489 233 4551
442 437 542 668 281 313 791 508 234 335 0 4551
435 450 682 536 319 777 281 504 332 235 0 4551
689 434 449 541 281 767 514 309 236 331 0 0 0 0 0 0 4551
673 521 281 458 449 781 506 334 224 324 0 0 0 4551
517 681 281 446 502 225 450 781 336 332 0 0 0 0 0 0 0 0 0 0 0 0 0 0 0 0 0 4551
447 664 535 281 792 510 217 453 327 325 0 0 4551
444 574 637 222 775 281 515 448 337 318 0 0 0 4551
568 467 229 647 510 769 281 444 323 313 0 0 0 4551
493 555 646 236 472 793 281 326 441 308 0 0 0 4551
496 580 231 627 465 281 770 446 337 318 4551
482 517 238 496 321 643 281 816 322 435 0 0 0 4551
496 470 527 299 660 240 281 437 811 330 0 0 0 0 4551
537 487 623 473 317 239 281 832 436 326 0 0 0 0 0 0 4551
499 463 228 623 494 336 855 446 281 326 0 0 0 0 0 0 0 4551
517 458 224 650 305 841 509 443 323 281 4551
555 223 468 622 320 500 814 444 324 281 0 0 0 0 0 0 0 0 4551
458 806 556 339 634 222 495 446 314 281 0 0 0 4551
816 462 233 325 529 503 638 328 436 281 0 0 0 0 0 4551
824 237 476 330 515 490 431 641 326 281 0 0 0 0 4551
508 823 484 237 281 484 432 330 637 335 0 0 0 0 4551
816 529 471 236 281 441 484 327 649 317 0 0 0 0 0 0 0 0 0 0 0 0 0 0 4551
533 472 808 281 485 440 237 329 638 328 0 0 4551
452 512 505 822 281 667 224 330 440 318 0 0 4551
443 564 506 781 281 234 657 442 334 309 0 0 0 0 0 4551
548 440 504 810 670 239 281 322 438 299 0 0 0 0 0 0 4551
467 538 658 486 800 234 281 444 323 320 0 0 4551
656 431 537 498 281 239 811 330 307 461 0 0 4551
679 536 231 800 439 497 281 324 297 467 0 0 0 4551
662 540 233 497 803 434 337 281 459 305 0 0 0 0 0 4551
494 237 660 551 771 438 281 343 315 461 0 0 4551
462 683 525 439 239 340 790 307 485 281 0 0 0 0 0 0 0 0 4551
468 678 530 435 243 790 335 482 309 281 0 0 0 4551
498 675 510 810 429 245 313 336 454 281 0 0 4551
537 491 809 657 232 336 445 307 456 281 0 0 0 0 0 0 0 0 4551
558 806 629 343 503 236 437 312 446 281 0 0 4551
640 809 545 317 493 330 236 439 281 461 0 0 0 0 0 0 0 0 0 4551
657 833 515 493 300 346 235 458 433 281 0 0 4551
829 632 313 524 494 334 235 435 281 474 0 0 0 4551
513 659 813 483 319 234 335 438 476 281 0 0 0 0 0 0 4551
549 662 472 786 245 334 281 426 496 300 4551
547 474 801 658 229 281 330 299 490 442 0 4551
481 533 781 227 657 485 325 330 281 451 0 0 0 0 0 4551
557 471 228 800 641 499 281 304 325 445 0 0 0 0 0 4551
482 475 806 672 229 281 450 306 334 516 4551
684 818 473 482 281 228 452 286 515 332 0 0 0 0 0 4551
673 820 458 308 224 454 487 516 330 281 0 0 4551
671 225 456 304 801 454 497 533 281 329 0 0 0 0 0 4551
448 658 811 227 312 532 445 506 331 281 0 0 0 4551
661 462 226 802 536 295 444 504 340 281 0 0 4551
797 461 647 539 231 311 438 281 496 350 0 0 0 0 0 0 0 0 0 0 0 0 0 0 0 0 0 0 0 0 4551
806 523 461 661 227 281 436 513 307 336 0 0 0 0 0 0 0 0 0 0 0 0 0 0 0 4551
797 458 522 676 513 230 437 281 308 329 0 0 0 0 0 0 4551
478 773 663 498 551 281 232 311 440 324 0 4551
463 649 498 541 777 230 281 334 335 443 0 4551
465 653 793 505 227 323 535 281 440 329 0 0 0 4551
458 676 808 500 508 229 342 439 310 281 0 0 0 0 0 0 0 0 0 0 0 0 0 0 4551
499 696 816 491 451 347 221 446 303 281 0 0 0 0 0 0 0 0 0 0 0 0 4551
497 700 801 507 464 439 343 294 281 225 4551
802 497 459 537 677 436 336 281 290 236 0 0 0 0 0 0 4551
541 811 495 472 645 438 322 313 233 281 0 0 0 0 0 0 4551
498 558 633 810 455 430 328 245 281 313 0 0 4551
498 638 568 809 441 452 237 331 296 281 0 0 4551
486 648 802 556 469 429 333 245 281 302 0 4551
473 812 542 632 497 435 327 238 314 281 0 0 0 0 4551
476 813 553 630 442 486 281 231 324 315 0 0 0 0 0 0 4551
795 578 495 608 479 442 281 332 225 316 0 0 0 0 4551
546 480 802 642 497 281 332 445 304 222 0 0 0 0 0 0 4551
576 464 786 622 448 335 502 281 314 223 0 0 0 0 0 0 4551
588 459 613 780 440 496 281 350 314 230 0 0 4551
478 611 490 560 809 337 447 281 221 317 0 4551
622 494 821 474 444 542 334 225 314 281 0 0 0 0 4551
627 823 477 447 545 225 308 483 281 335 0 0 0 0 0 0 4551
626 825 539 310 485 451 222 499 313 281 0 0 4551
637 520 324 493 818 461 213 485 319 281 0 0 0 4551
321 503 626 536 821 217 465 455 326 281 0 0 0 0 0 4551
791 496 309 644 555 226 475 321 453 281 0 0 0 4551
768 496 641 572 219 318 489 458 309 281 0 0 0 0 0 4551
782 536 488 458 663 223 311 495 281 314 0 0 4551
477 814 500 447 637 535 228 281 310 322 0 4551
804 475 489 538 452 638 317 334 223 281 0 0 0 0 0 0 0 4551
803 485 463 512 488 323 659 317 281 220 0 0 0 4551
792 485 452 485 652 521 331 324 281 228 0 0 0 0 4551
476 771 491 667 455 341 532 311 281 226 0 0 0 0 0 0 0 4551
765 511 474 328 445 511 692 310 281 234 0 0 0 0 0 0 4551
752 484 338 491 455 522 320 687 281 221 0 0 0 0 0 4551
338 774 490 451 475 316 685 518 281 223 0 4551
448 335 772 499 478 327 664 521 281 226 0 0 0 0 0 0 0 0 0 0 0 0 4551
341 497 302 454 458 779 678 539 222 281 0 0 0 0 0 0 0 0 0 0 0 0 0 0 4551
328 473 490 316 447 776 525 684 231 281 0 0 4551
325 754 478 492 312 681 453 550 225 281 0 0 0 0 0 0 0 0 0 0 0 0 0 4551
330 474 784 312 484 453 679 229 525 281 4551
778 476 330 320 493 511 453 681 228 281 4551
792 480 333 664 317 483 448 525 281 228 0 4551
320 754 682 481 447 330 524 502 281 230 0 4551
300 763 537 690 491 446 492 320 231 281 0 0 0 0 0 0 0 4551
310 779 537 671 506 461 426 281 245 335 0 0 0 0 0 0 0 0 0 4551
303 539 745 695 510 281 432 482 325 239 0 0 0 0 0 0 4551
322 725 543 685 281 494 502 433 325 241 0 4551
330 756 520 683 484 281 432 505 241 319 0 0 0 0 0 4551
692 317 516 757 281 511 433 492 319 233 0 0 0 0 4551
329 518 780 488 663 281 326 433 495 238 0 0 0 0 0 0 0 0 0 0 4551
317 281 491 794 442 498 687 315 492 234 0 4551
315 281 479 801 440 708 318 459 512 238 0 0 4551
281 492 318 791 336 440 480 685 492 236 0 0 0 0 0 0 4551
281 482 318 425 795 322 494 684 499 251 0 0 0 0 0 4551
487 281 314 439 306 793 672 528 489 242 0 0 0 0 0 0 0 0 4551
281 532 309 313 428 505 784 664 486 249 0 4551
281 501 319 317 475 438 550 802 625 243 0 0 0 4551
281 490 321 490 308 790 573 424 621 253 0 4551
311 332 474 281 485 805 615 568 251 429 0 0 4551
331 281 501 305 811 452 565 625 436 244 0 0 0 0 0 0 0 0 4551
281 324 485 466 843 317 518 245 638 434 0 0 0 0 4551
281 326 461 497 852 313 505 641 435 240 0 0 0 0 0 0 4551
281 453 328 841 312 484 640 520 464 228 0 4551
281 451 837 334 531 309 645 493 441 229 4551
281 829 335 523 309 452 652 488 453 229 0 4551
336 281 800 450 634 315 556 493 459 227 0 0 4551
281 315 791 588 450 620 313 480 486 227 0 0 0 0 0 0 4551
281 318 810 445 535 645 312 486 485 234 0 0 0 0 0 0 0 0 4551
326 797 281 308 482 520 492 666 443 236 0 0 4551
326 332 794 510 481 281 490 660 439 238 0 0 0 4551
801 314 537 325 496 488 281 635 440 234 0 0 0 0 0 0 4551
321 503 817 493 473 313 673 446 281 231 0 0 0 4551
519 320 502 810 653 328 451 465 222 281 4551
511 312 792 472 679 314 512 450 281 228 0 0 0 0 0 4551
477 806 281 679 483 333 505 457 220 310 0 0 0 4551
469 819 672 281 481 497 223 342 314 453 4551
455 685 827 337 281 504 490 221 304 447 0 0 4551
694 450 826 336 488 281 217 501 300 458 0 4551
662 469 820 339 503 281 229 492 446 310 0 0 0 0 0 0 0 0 0 0 0 0 0 4551
816 670 339 462 281 519 485 222 302 455 0 0 0 4551
345 800 660 281 462 306 539 482 452 224 0 0 0 0 0 0 4551
338 654 795 462 281 495 545 308 440 233 0 0 4551
494 673 342 557 768 281 455 446 309 226 0 0 0 0 0 0 0 4551
660 480 762 281 327 562 444 502 308 225 0 0 0 0 0 0 0 0 4551
672 806 281 493 325 443 314 510 479 228 0 0 0 0 0 0 0 0 0 0 0 0 4551
660 281 813 486 306 312 451 516 508 218 0 0 0 0 0 0 0 0 0 4551
804 668 281 495 447 299 316 498 522 221 0 0 0 0 0 4551
830 665 493 451 281 311 498 508 297 217 0 4551
656 791 487 456 500 281 547 213 324 296 0 4551
658 771 445 491 513 281 551 217 304 320 0 0 0 0 4551
828 654 442 501 481 222 520 299 323 281 0 0 0 0 0 0 4551
655 804 497 494 433 324 233 527 303 281 0 0 0 0 0 0 0 0 0 0 0 0 4551
819 662 497 221 480 334 442 499 316 281 0 0 0 4551
843 487 632 224 458 333 507 452 334 281 0 0 0 0 0 0 0 0 0 0 0 4551
662 837 496 454 217 497 326 463 318 281 0 0 0 4551
669 445 820 503 513 219 336 281 301 464 0 0 0 0 0 0 0 4551
453 650 771 216 559 499 281 340 323 459 0 4551
776 449 638 216 500 584 303 281 339 465 0 0 0 0 4551
772 655 454 507 222 572 443 339 281 306 0 0 0 4551
765 655 228 442 574 436 518 342 310 281 0 4551
220 751 654 570 446 509 449 281 326 345 0 0 0 0 0 0 0 0 4551
228 745 497 587 623 464 344 281 439 343 0 0 0 0 0 0 0 4551
772 226 507 676 308 546 444 281 339 452 0 0 4551
789 226 306 532 678 453 501 342 281 443 0 4551
804 305 537 666 227 507 345 432 447 281 0 0 4551
792 533 676 306 500 225 356 435 281 447 0 4551
549 771 494 302 686 229 281 348 445 446 4551
787 504 349 538 306 228 673 443 281 442 0 0 4551
808 502 523 339 299 230 684 442 443 281 0 4551
786 343 493 526 304 221 456 453 688 281 0 0 0 0 0 0 0 4551
790 499 534 349 231 322 444 429 672 281 0 0 4551
492 534 774 341 299 436 702 243 281 449 0 4551
792 497 348 308 516 437 697 281 441 234 0 0 0 0 0 0 0 0 0 4551
797 347 496 296 538 441 676 281 234 445 0 0 0 0 0 0 0 0 4551
556 811 350 497 299 645 442 281 440 230 0 0 4551
535 823 456 281 338 487 446 666 288 231 0 4551
539 813 450 281 346 493 436 641 314 238 0 0 0 0 0 0 0 0 4551
502 436 836 281 343 432 501 238 674 308 0 0 0 0 0 4551
502 849 450 335 281 509 240 427 656 302 0 0 0 0 0 4551
496 428 838 327 281 505 676 453 240 307 0 0 4551
501 433 327 507 825 684 452 281 303 238 0 0 0 0 4551
432 333 512 542 831 628 452 281 303 237 0 0 0 4551
424 531 347 643 517 434 826 281 309 239 0 0 0 0 4551
432 517 640 335 529 433 827 281 321 236 0 0 0 0 0 0 0 0 0 0 4551
421 506 534 344 640 449 811 321 244 281 0 0 0 0 0 0 0 0 4551
499 428 343 546 793 647 449 244 321 281 0 0 0 4551
432 487 564 345 793 637 458 281 240 314 0 4551
429 484 768 564 667 338 281 479 300 241 4551
781 441 548 664 341 490 458 281 315 232 0 0 0 0 4551
681 786 437 520 478 479 332 317 281 240 0 0 0 4551
658 804 435 494 473 311 530 331 281 234 0 0 0 4551
653 431 497 809 293 462 550 233 281 342 0 0 4551
439 499 792 666 463 310 536 231 281 334 4551
434 502 672 462 515 813 232 302 281 338 0 0 4551
506 663 436 510 457 815 233 281 335 315 0 0 0 0 4551
505 453 434 681 797 512 281 222 352 314 0 0 0 0 4551
701 497 430 453 511 805 355 281 223 295 0 0 0 4551
700 453 443 489 535 774 351 281 220 305 0 0 0 0 4551
696 527 483 441 448 776 358 281 231 310 0 0 4551
670 540 436 457 488 791 315 281 235 338 0 0 0 4551
675 497 429 453 504 337 815 281 321 239 0 0 0 0 0 0 0 0 4551
683 439 450 501 508 337 812 281 307 233 0 0 0 0 0 0 0 4551
679 443 497 342 445 818 508 309 281 229 0 0 0 0 0 0 4551
329 680 448 802 436 505 520 319 231 281 0 0 0 4551
327 777 682 438 453 539 511 281 314 229 0 0 4551
750 461 331 681 554 443 507 281 223 320 0 0 0 0 0 0 4551
312 461 759 705 442 529 281 504 333 225 0 0 0 0 4551
307 689 772 444 433 544 281 506 340 235 0 0 4551
321 689 441 431 775 281 334 533 514 232 0 0 0 0 4551
694 329 438 442 758 281 335 517 531 226 0 0 0 0 0 4551
681 453 328 281 437 781 340 503 228 519 0 0 0 0 0 0 0 0 0 4551
669 323 444 455 281 781 527 333 512 226 4551
660 436 331 451 778 281 538 503 232 341 0 0 0 0 4551
662 331 435 455 778 281 540 502 339 228 0 0 0 4551
438 656 455 281 793 312 502 337 548 229 4551
592 455 432 340 281 809 500 341 571 230 0 0 0 0 4551
617 325 435 444 281 805 509 567 336 232 0 4551
309 622 448 590 457 281 785 340 494 225 0 0 0 0 4551
310 458 653 442 505 579 281 764 224 335 0 0 0 0 4551
466 306 437 664 780 501 229 554 281 333 0 0 4551
428 320 460 647 791 503 238 326 557 281 0 0 0 0 4551
433 329 467 791 647 325 498 545 281 235 0 0 0 4551
437 787 453 313 669 342 538 497 234 281 0 0 4551
437 795 448 335 669 498 319 233 536 281 0 0 0 0 4551
471 796 307 437 703 491 325 281 504 236 4551
308 479 800 700 442 281 490 316 230 505 0 0 0 0 4551
481 326 800 662 281 430 487 316 525 243 0 0 0 0 0 0 0 0 0 0 0 0 4551
798 464 436 304 679 498 528 281 332 231 0 0 0 0 0 0 0 0 0 0 0 0 0 0 0 4551
791 315 454 508 664 431 545 281 329 233 0 0 0 0 0 0 4551
790 467 657 428 545 322 326 496 281 239 0 0 0 0 0 0 4551
468 795 432 653 547 326 312 496 281 241 0 4551
657 466 806 522 427 335 495 317 281 245 0 0 4551
811 690 462 428 507 335 493 301 281 243 0 0 4551
823 701 435 461 329 301 486 235 499 281 0 0 4551
801 668 460 426 323 530 508 281 314 240 0 0 0 0 0 0 0 4551
436 668 796 542 462 492 325 281 310 239 0 4551
803 427 540 458 655 500 334 311 281 242 4551
424 796 561 650 330 456 510 299 281 244 4551
436 806 625 564 331 461 506 309 281 232 0 0 0 4551
438 337 796 656 504 549 304 455 231 281 0 0 0 0 0 0 0 0 4551
437 319 659 501 809 532 281 471 230 312 0 0 0 0 0 4551
653 436 321 529 500 803 483 231 281 314 0 0 0 0 0 0 0 0 0 0 0 0 4551
446 689 326 524 790 469 507 219 300 281 4551
670 443 526 308 798 471 336 493 281 225 0 0 0 4551
707 465 305 511 785 441 328 497 281 231 0 0 0 4551
305 724 799 492 479 439 315 482 235 281 0 0 0 0 0 0 0 4551
685 325 791 434 508 487 479 325 236 281 0 0 0 0 4551
772 690 316 443 532 480 482 232 281 323 0 0 0 0 0 0 0 4551
776 314 534 682 486 447 227 490 281 314 0 0 4551
318 667 783 435 535 496 482 318 281 236 0 0 0 0 0 0 4551
655 322 528 803 486 445 487 281 315 229 0 0 0 0 4551
323 470 641 794 555 281 438 490 321 238 0 4551
662 325 482 815 502 438 487 281 233 326 0 0 0 0 0 4551
663 495 823 326 469 484 281 451 226 333 4551
497 469 657 828 321 487 460 281 335 216 0 0 0 0 0 0 4551
448 465 684 808 497 334 497 281 310 227 4551
445 450 804 678 506 522 332 308 225 281 0 0 0 0 0 0 0 0 0 0 0 0 0 0 0 4551
441 448 653 838 509 327 511 316 281 227 0 4551
458 438 639 507 327 821 529 319 281 232 0 0 0 0 0 4551
462 456 637 497 829 333 517 281 221 318 0 0 4551
446 488 458 661 510 840 342 297 281 228 0 0 0 4551
493 449 443 689 822 505 338 281 230 301 0 0 0 0 0 0 0 0 0 0 0 4551
831 485 465 496 332 448 667 320 226 281 0 0 0 0 0 0 4551
828 497 451 485 447 330 688 319 281 225 0 4551
443 830 443 499 529 342 652 281 306 226 0 0 0 4551
821 458 445 490 342 650 528 311 281 225 0 0 0 0 0 0 0 4551
439 444 814 660 336 501 281 526 323 227 4551
442 432 811 309 697 502 495 281 348 234 0 0 0 0 0 0 0 0 4551
440 818 433 501 316 679 503 348 281 232 0 0 0 0 0 0 0 0 4551
811 494 440 424 313 525 680 341 281 242 0 0 0 4551
443 775 513 568 309 435 664 330 281 233 0 0 0 0 0 0 0 0 4551
457 802 501 536 335 642 443 326 281 228 0 4551
783 472 496 538 318 675 441 281 229 318 0 0 0 0 0 0 0 4551
786 474 528 515 335 647 229 434 322 281 0 0 0 4551
807 506 456 505 681 438 313 227 337 281 0 4551
493 794 436 470 539 664 281 233 309 332 0 0 0 0 4551
502 791 465 440 547 668 228 281 309 320 0 0 0 0 4551
772 467 435 503 544 305 682 235 327 281 4551
792 509 425 461 536 305 677 326 239 281 0 0 0 4551
810 536 431 511 435 313 658 339 237 281 0 0 0 0 0 0 0 0 0 0 0 0 0 0 4551
797 545 435 497 340 443 665 313 281 235 0 0 0 0 0 0 0 0 4551
431 810 537 484 337 461 665 305 281 240 0 0 0 0 0 0 4551
796 465 447 557 331 487 281 664 224 299 0 0 4551
779 573 467 482 281 434 341 647 237 310 0 4551
571 766 471 432 281 333 490 236 644 327 0 0 0 4551
786 568 436 491 336 281 227 461 636 329 0 0 0 0 0 0 0 0 0 0 4551
795 520 491 330 281 434 470 233 664 333 0 4551
796 538 495 441 335 281 662 231 451 321 0 0 4551
809 504 531 442 666 334 281 223 452 309 0 0 0 0 0 0 4551
506 816 680 443 502 225 281 332 465 301 0 0 0 0 0 4551
495 805 709 437 500 473 294 328 229 281 0 0 0 0 4551
703 482 447 802 502 226 475 328 281 305 0 0 0 0 0 0 0 0 0 4551
671 480 802 527 467 436 342 281 234 311 0 0 0 0 0 4551
671 808 487 513 281 331 444 481 226 309 0 0 0 0 0 4551
809 681 491 311 507 442 334 468 281 227 0 0 0 0 4551
808 672 487 313 508 443 334 477 281 228 0 0 0 0 4551
812 653 329 446 330 517 464 281 496 223 0 0 0 0 0 0 4551
648 840 324 447 330 500 461 494 226 281 0 0 4551
816 675 441 343 517 312 503 431 232 281 0 4551
436 794 326 679 525 235 281 496 462 317 0 0 0 4551
236 440 800 336 672 281 522 458 491 315 0 4551
823 447 229 676 281 490 336 493 316 460 0 0 0 0 0 4551
443 503 811 680 232 281 327 489 467 318 0 0 0 0 4551
522 797 666 445 281 224 462 331 500 323 0 0 4551
508 794 452 680 447 281 510 223 330 326 0 0 4551
450 448 674 767 510 551 281 326 226 318 0 0 0 4551
445 467 767 685 535 502 325 281 313 231 0 0 0 0 4551
780 442 522 479 322 494 677 281 322 232 0 0 0 4551
766 531 432 454 509 337 316 685 281 240 0 0 0 4551
520 778 505 454 281 435 690 316 330 242 0 0 0 0 0 0 0 4551
524 777 281 513 678 321 442 455 330 230 0 0 0 0 4551
517 513 809 281 673 305 457 439 230 327 0 4551
505 818 281 498 679 452 302 445 234 337 0 0 0 0 0 4551
548 281 815 654 301 501 437 438 235 341 4551
281 825 506 514 310 667 426 448 228 346 0 0 0 0 4551
820 498 281 505 692 303 445 442 231 334 0 0 0 0 0 4551
822 495 281 516 680 436 336 446 315 224 4551
808 452 281 511 502 680 444 337 313 223 0 0 4551
844 281 452 490 471 445 334 312 693 229 0 0 0 0 0 4551
479 488 845 281 475 328 452 312 219 672 0 0 0 0 0 4551
488 498 470 826 281 324 223 445 311 685 0 4551
532 444 828 281 466 496 323 226 622 333 0 0 0 0 0 0 0 4551
444 839 528 466 281 492 227 309 625 340 0 0 4551
442 834 444 281 501 525 231 631 323 339 4551
432 840 446 503 281 623 533 222 348 323 0 0 0 0 0 4551
456 431 793 281 641 510 555 345 218 321 0 4551
459 281 796 497 665 440 350 531 316 216 0 0 0 0 0 0 0 0 4551
281 456 677 797 426 507 531 348 308 220 0 0 0 0 4551
281 448 686 444 779 508 301 536 345 223 4551
441 452 281 661 806 504 345 530 221 310 0 0 0 0 0 0 4551
450 448 675 281 503 346 796 314 516 222 0 0 4551
478 454 683 489 318 281 802 490 335 221 0 0 4551
498 673 449 313 513 786 281 335 480 223 0 0 0 0 0 0 0 0 0 0 4551
454 453 668 509 317 805 281 491 352 221 0 0 0 4551
453 453 645 325 281 512 484 819 227 352 0 0 0 0 4551
465 309 451 675 488 281 496 342 818 226 0 0 0 0 0 0 0 4551
457 349 442 657 844 281 494 489 307 231 0 0 4551
450 446 832 663 342 509 225 308 495 281 0 0 4551
800 456 450 340 281 638 512 219 323 532 0 0 4551
448 466 281 645 768 505 344 226 559 309 0 4551
444 659 281 798 496 464 226 339 546 298 0 0 4551
439 790 651 281 496 449 310 236 344 555 0 0 4551
438 633 445 784 281 500 317 344 575 234 0 0 0 0 4551
443 431 648 498 806 306 281 337 557 244 0 4551
443 648 496 434 807 281 309 553 347 233 0 0 0 0 0 0 0 0 0 4551
446 651 500 435 807 535 315 343 281 238 0 0 0 0 0 0 0 0 0 0 4551
415 434 658 518 831 346 522 281 311 235 0 0 4551
646 446 507 440 808 337 541 314 281 231 0 0 4551
505 648 450 442 803 555 300 336 281 231 0 0 0 0 0 4551
444 509 639 824 455 545 298 327 281 229 0 0 0 0 0 0 0 0 4551
518 436 451 632 813 297 562 281 327 234 0 0 0 0 0 0 4551
433 454 518 801 308 607 588 281 331 230 0 0 0 0 0 0 0 0 4551
458 507 317 435 812 611 572 281 324 234 0 0 0 0 0 0 4551
505 428 463 313 507 837 653 325 281 239 0 0 0 0 4551
511 444 429 316 526 834 641 236 281 333 0 0 0 0 4551
461 499 307 800 427 667 533 335 281 241 0 0 0 0 0 4551
463 484 281 847 427 670 339 484 242 314 0 0 0 0 0 4551
281 491 816 456 427 343 679 507 306 245 4551
492 281 455 431 339 833 671 505 304 240 0 0 0 4551
281 493 464 432 301 662 814 527 334 243 0 4551
281 436 494 315 458 639 833 530 323 242 0 0 0 0 0 0 0 4551
281 515 424 313 664 460 508 823 319 244 0 0 4551
442 506 317 458 674 308 824 507 281 234 0 0 0 0 0 4551
465 816 516 314 433 684 293 500 249 281 0 0 0 0 0 4551
430 836 497 332 437 300 687 502 281 249 0 0 0 4551
803 504 430 332 322 445 681 501 281 252 0 0 4551
807 320 311 433 693 478 486 493 249 281 0 0 4551
674 795 315 310 486 445 515 492 238 281 4551
813 645 446 311 314 532 497 476 236 281 4551
785 308 670 441 299 489 546 489 243 281 0 0 0 4551
793 664 311 535 306 436 483 248 494 281 0 4551
641 808 538 316 436 281 460 510 324 237 0 0 0 0 0 4551
312 810 653 527 441 512 236 463 316 281 0 0 0 0 0 4551
793 316 677 443 529 235 488 485 304 281 0 0 0 4551
771 631 315 442 582 503 235 479 312 281 0 0 0 0 4551
770 639 313 466 443 583 329 235 492 281 0 4551
310 789 640 449 453 569 334 230 496 281 0 0 4551
788 657 443 300 555 476 237 327 487 281 4551
440 787 646 306 561 465 333 237 495 281 0 0 0 0 0 4551
476 301 795 642 563 338 441 475 281 239 0 0 4551
799 470 307 593 601 335 281 490 436 239 0 0 4551
827 505 339 300 467 670 440 281 482 240 0 0 0 0 0 0 4551
853 475 459 337 317 660 492 435 242 281 0 0 0 0 0 0 0 0 0 4551
487 462 308 837 336 492 434 671 281 243 0 0 0 0 0 0 0 0 0 4551
504 308 332 449 688 485 832 432 240 281 0 0 0 4551
499 443 337 654 312 835 515 250 425 281 0 0 4551
499 657 337 445 301 534 822 428 281 247 0 0 0 0 0 0 0 0 0 0 0 0 0 0 4551
328 503 629 329 505 449 853 437 237 281 0 0 0 0 4551
333 310 503 680 814 495 458 243 281 434 0 0 0 4551
338 796 659 317 535 501 452 236 436 281 0 0 0 0 0 0 0 0 0 0 0 4551
342 659 801 536 320 439 236 501 436 281 0 0 0 4551
338 816 686 299 225 510 496 452 448 281 0 4551
675 807 352 306 519 231 434 503 281 443 0 0 0 0 4551
355 657 524 817 310 243 507 427 281 430 0 4551
343 659 542 240 804 438 307 503 434 281 0 0 4551
649 496 342 800 454 240 312 435 542 281 0 0 0 4551
497 643 811 339 450 427 251 310 281 542 0 0 0 0 0 4551
499 795 431 639 332 469 328 534 281 243 0 0 0 0 0 4551
503 803 656 432 342 526 445 320 281 243 0 0 0 0 0 0 0 0 4551
497 790 448 660 454 336 311 542 232 281 0 0 4551
503 433 457 793 322 335 667 522 238 281 0 0 0 0 0 0 0 4551
490 443 475 795 659 319 527 330 281 232 0 0 0 4551
434 444 510 502 320 826 660 334 281 240 0 0 4551
442 502 309 465 492 327 676 825 281 232 0 4551
313 447 487 683 333 464 826 484 281 233 0 0 0 0 0 0 0 4551
437 504 332 669 451 315 489 840 233 281 4551
437 646 503 328 500 311 453 855 281 237 0 0 4551
651 425 515 508 331 837 452 307 244 281 0 0 0 0 0 0 0 0 0 4551
597 334 559 443 507 427 838 319 246 281 0 0 4551
311 623 449 535 848 422 334 493 281 255 0 0 0 4551
313 447 634 540 833 423 500 332 248 281 0 0 0 0 0 4551
335 650 446 812 534 425 246 509 313 281 0 0 0 4551
672 328 461 522 805 429 493 281 316 244 0 0 4551
648 443 340 823 419 281 502 527 317 251 0 0 4551
659 824 457 313 249 514 426 488 340 281 0 0 0 4551
669 826 251 427 332 486 462 326 491 281 0 0 4551
821 668 251 425 317 493 333 467 495 281 0 0 0 0 4551
682 818 246 482 431 300 479 329 503 281 0 0 0 0 0 4551
640 245 815 516 429 330 490 332 473 281 0 0 0 4551
639 520 244 831 426 460 502 319 329 281 0 0 4551
483 644 237 826 435 513 477 324 281 331 0 0 4551
655 458 444 846 230 483 307 504 281 343 0 0 0 0 0 4551
458 449 637 226 826 547 301 490 336 281 0 0 0 0 4551
443 462 652 798 487 546 308 232 342 281 0 0 0 0 0 0 0 0 0 0 0 0 4551
435 682 484 466 302 804 521 281 340 236 0 0 0 0 0 0 0 4551
680 518 490 313 805 446 281 448 339 231 0 0 4551
305 544 667 791 475 453 281 469 338 228 0 0 0 0 0 0 0 4551
297 683 523 808 484 445 281 458 337 235 0 0 4551
693 827 296 497 461 446 487 332 281 231 0 4551
684 817 498 447 308 329 472 281 481 234 0 0 4551
514 816 446 658 319 454 339 281 490 234 0 0 0 0 0 0 4551
817 517 445 648 446 330 281 483 239 345 0 0 0 0 4551
805 661 531 469 482 318 443 330 281 231 0 4551
515 797 466 667 494 331 326 446 281 228 4551
523 827 641 454 496 321 336 444 228 281 0 0 0 0 4551
801 653 561 437 446 302 332 513 225 281 0 0 0 0 0 4551
796 658 550 448 433 327 313 512 281 233 0 0 4551
655 460 553 780 317 336 436 499 281 234 0 4551
675 527 457 795 307 281 337 502 432 238 0 0 0 0 0 4551
690 791 541 301 429 281 518 436 332 232 4551
655 550 798 460 308 281 502 442 329 226 0 4551
668 510 307 809 450 529 442 281 334 221 0 0 0 0 4551
306 652 493 455 803 555 463 212 331 281 0 0 0 0 0 0 0 0 0 0 0 0 0 0 0 0 4551
651 281 459 543 480 813 469 215 334 306 0 0 0 0 0 0 4551
631 281 461 484 538 820 336 464 326 210 0 0 0 0 0 0 4551
478 647 488 527 281 814 458 328 320 210 0 0 4551
281 471 631 492 800 554 333 322 209 458 0 0 4551
463 633 281 489 319 565 800 329 230 442 0 4551
656 447 281 323 490 533 327 802 466 226 0 0 0 0 4551
452 640 324 503 511 281 825 327 467 221 0 0 0 0 0 0 0 0 4551
433 333 628 517 492 842 281 462 331 232 0 0 0 0 4551
438 330 664 515 824 490 281 470 309 230 4551
426 491 516 333 626 472 831 334 281 241 0 0 4551
498 429 645 506 448 849 327 281 242 326 0 0 0 0 0 4551
508 434 446 656 511 840 321 237 317 281 0 0 0 4551
452 498 439 694 813 512 333 281 233 296 0 4551
420 437 510 814 669 533 334 243 281 310 0 4551
428 501 446 629 335 807 554 242 281 328 0 0 0 4551
490 436 639 450 333 830 320 533 281 239 0 0 0 0 0 0 0 0 0 0 0 0 4551
484 638 435 837 469 523 325 236 323 281 0 4551
664 448 508 430 496 844 314 281 235 331 0 0 0 4551
654 439 509 443 836 332 281 506 233 318 0 0 0 0 0 0 4551
656 427 498 862 341 238 433 281 499 316 0 0 4551
666 496 444 849 334 243 281 426 500 312 0 0 0 4551
505 657 843 444 281 341 333 244 424 479 0 0 0 4551
503 863 653 451 329 281 321 232 475 443 0 0 0 4551
502 860 661 475 333 281 449 317 239 434 0 4551
664 508 874 462 335 281 444 228 311 444 0 0 0 0 0 0 0 4551
476 660 498 861 315 281 458 235 325 442 0 0 0 0 0 0 4551
501 646 484 864 281 319 448 331 236 441 0 4551
628 495 522 310 281 846 480 315 237 437 0 0 4551
631 511 437 851 313 319 281 512 462 234 0 0 0 0 0 0 0 0 0 4551
508 598 837 435 535 330 320 281 231 476 0 0 0 4551
494 832 626 324 438 518 481 326 281 231 0 0 0 0 0 4551
821 509 634 440 521 281 323 314 229 479 0 4551
809 499 528 645 440 281 479 325 319 226 0 0 0 4551
539 511 640 807 281 465 442 327 228 311 0 0 0 4551
497 805 522 662 281 475 446 226 328 309 0 0 0 4551
801 541 498 644 465 281 439 317 329 236 0 0 0 0 0 0 0 0 0 0 0 0 0 0 4551
824 499 488 464 674 316 447 281 231 327 0 0 0 0 4551
812 490 525 479 648 237 435 314 281 330 0 0 0 0 0 4551
811 532 482 497 637 234 439 321 281 317 0 4551
838 510 649 487 438 492 234 307 315 281 0 0 0 0 0 0 0 0 0 4551
493 835 641 441 499 230 486 281 331 314 0 0 0 0 0 0 0 0 0 0 0 0 4551
820 482 534 620 435 234 501 327 281 317 0 0 0 0 0 4551
792 538 479 430 647 238 512 313 321 281 0 0 0 4551
801 543 434 475 636 238 506 328 281 309 0 0 0 0 4551
798 523 419 650 498 251 281 499 306 326 0 0 0 0 0 0 0 4551
523 655 428 798 242 281 495 499 306 324 0 0 0 0 0 0 0 0 0 0 4551
533 641 427 249 807 485 489 312 281 327 0 0 0 0 0 0 4551
436 501 660 236 509 804 281 312 486 326 0 0 0 0 4551
500 436 672 800 235 319 479 512 317 281 0 0 0 0 0 0 0 0 0 0 0 0 4551
483 689 809 323 432 477 242 490 281 325 0 4551
807 477 324 686 427 242 491 496 320 281 0 4551
486 820 323 426 659 508 242 484 281 322 0 0 4551
823 439 487 325 480 667 502 281 234 313 0 0 0 4551
423 819 488 327 471 538 653 247 281 304 0 4551
428 315 822 540 491 483 641 243 307 281 0 0 0 0 0 4551
426 532 326 797 507 479 665 298 281 240 0 0 0 0 0 0 4551
437 323 554 507 799 487 635 229 299 281 0 0 4551
548 315 432 802 493 495 652 293 240 281 0 0 0 0 0 4551
328 427 561 790 477 644 491 307 281 245 0 4551
430 320 787 663 477 505 545 305 281 238 0 0 0 0 0 0 4551
423 790 317 485 642 548 504 317 281 244 0 0 0 0 0 0 0 0 0 0 4551
